Wavelength	240	250	260	270	280	290	300	310	320	330	340	350	360	370	380	390	400	410	420	430	440	450
300	101885.8989	69786.20709	91086.60034	770180.0977	169548.9242	103592.0589	10847447.44	52011.59101	6402.162267	3218.046716	2939.253465	1751.455421	1262.433605	1472.173225	1072.335384	920.1271159	898.2218135	636.4738137	652.7029519	641.6845351	507.584396	635.4556845
302	103192.7464	80586.79222	97393.14436	548036.6832	253339.6376	70579.58578	9264600.321	557262.4882	7084.846992	3591.229662	3398.10402	1654.448625	1259.487259	1302.399339	1180.007153	861.6142577	929.043842	589.1057529	614.5910406	620.7072766	599.6662698	646.2034278
304	126916.7136	85192.24643	96553.28481	345876.1864	389401.3576	67123.30778	5691880.065	2331845.21	8205.970466	3454.60914	3290.182788	1664.963041	1250.895637	1316.057961	1240.814268	990.9606447	991.5390686	693.094525	589.6881294	668.5175628	551.3230915	624.3843778
306	121097.2767	84737.43864	99538.45023	216508.0661	576303.4671	69397.82435	2242130.188	5564665.601	9957.860666	3582.552829	3348.83875	1797.625253	1226.028336	1333.213446	1092.352238	860.8754176	911.7818929	667.5185109	657.1021317	580.6440171	499.9711304	608.285348
308	123623.1689	93688.36771	99991.71171	164091.7707	718552.4788	68054.38881	527338.9167	8576596.521	14371.8009	3809.539374	3418.037731	1599.415895	1200.028242	1392.879078	1150.773291	928.5247462	837.7910258	591.4475997	550.5508604	608.7245773	511.4941216	658.5783583
310	131757.8508	80742.37607	102698.7923	155042.7586	739226.5805	72525.74812	68160.39167	9681214.79	43128.1122	4275.035526	3159.911317	1780.088945	1265.284784	1364.126251	1136.037072	913.188556	771.7765751	592.3232696	568.9558786	557.2764803	479.5732787	563.313167
312	122672.9701	91179.79992	98314.20649	142071.793	613828.6556	89787.85505	37925.33801	8068866.506	461626.9197	4717.521368	3168.552457	1752.944027	1158.214086	1291.711531	984.7036169	902.8402329	773.3713248	608.0494704	558.3176981	582.4509585	463.7085799	534.1658357
314	118509.3958	82051.76835	92669.47578	129946.0463	423905.3878	137777.0195	33095.90093	4935658.59	1867749.422	5438.837219	3334.848313	1757.499475	1160.014223	1163.014826	953.0676053	735.9596097	761.0110868	588.5799256	552.2687046	567.1716996	445.1494776	444.303725
316	112176.3679	83675.34406	88766.5772	127479.3621	269731.9279	227558.3227	29432.76462	1976672.841	4254013.063	6748.421873	3233.928571	1858.299116	1209.838324	1059.767653	1033.004317	804.9878072	750.4877144	575.1951436	506.2605357	392.5763637	538.3469493	427.8661549
318	108499.37	77711.44331	90054.26377	119735.4066	179888.2208	341507.6961	29144.58177	493170.5909	6350092.155	9672.00339	3296.021281	1882.757654	1094.366008	1102.175828	911.0926752	747.8921501	660.4778865	572.6274821	503.3738649	434.7360835	424.3679484	559.8321066
320	108078.5763	87854.42069	86627.87822	120635.0467	140323.8824	427939.0532	28204.08129	53467.98535	7031313.795	27811.89361	3755.343168	2007.663084	1106.003929	1178.488303	1022.193927	652.0487846	681.3387124	478.164542	438.2147857	474.9148345	422.1462674	421.2242855
322	119171.7191	83567.42398	86433.02557	118137.969	123995.0766	453465.4112	30564.68529	25285.87071	5994165.687	298507.7785	4065.069416	2014.768491	1219.825704	1067.429504	975.6067176	761.0495316	686.862831	468.3408234	511.6185582	381.5651842	392.7970896	453.5217177
324	100912.6982	80784.71234	84148.54349	114859.1952	116558.1178	394830.2313	41593.86527	20457.9876	3757875.303	1267950.741	4670.435779	2277.828716	1367.145758	1064.267739	923.4828114	735.0784121	656.9678398	517.0531785	507.0003354	410.7998056	394.592664	415.8801149
326	126864.7831	79398.43142	83816.74093	111531.1376	113029.5389	284964.7337	73824.0798	18856.3079	1518533.328	3115606.953	5617.338759	2333.872001	1410.466453	1051.193942	916.6731883	692.8098916	632.7958859	435.6994304	457.6228283	415.8380884	390.9182874	357.0194738
328	115340.1113	76564.60303	80646.96658	103526.8191	107257.6952	180401.1623	130106.3034	17725.31609	357467.6305	4777170.643	8121.417774	2659.195931	1355.032379	1165.341134	1007.899367	665.3987592	605.2815111	475.467371	405.2868129	482.7577664	423.8029178	401.8297565
330	106291.0916	80407.14856	74629.49007	102206.7876	101678.8285	110416.0011	206476.8114	16672.05499	41396.77726	5401055.372	19315.33162	3044.742187	1320.663149	1100.55133	888.8191276	644.0619768	603.794162	428.677641	440.8194829	347.2382327	314.8824543	405.5774463
332	111118.0094	73324.63703	73116.53437	94236.36863	97157.31636	76101.38058	268881.7957	16410.04924	19199.9973	4625573.441	207711.8996	3402.476695	1458.833272	1097.402819	992.1905444	673.7806706	615.3966451	438.1323718	384.7845258	331.116269	376.3874728	337.0254358
334	101181.5698	70941.07932	70932.65314	91532.58757	91614.0452	64806.57492	283386.4466	17283.46953	15367.72528	3002340.571	933682.2259	4129.324127	1369.147222	1133.927095	880.6816626	631.7575948	487.03878	430.2788295	313.0260605	338.3377768	311.8009641	307.3872601
336	102371.1718	69280.84526	67881.32893	85765.03833	85542.76696	58461.44722	245350.7394	22980.06784	14041.82338	1265948.976	2312388.779	5301.05295	1326.635168	1082.140892	941.3884704	598.5251871	527.0427907	384.571342	353.0679475	322.9235019	316.9818653	335.6648118
338	100061.9534	65487.97097	63278.62785	80507.47819	80804.19641	56164.64904	176680.0243	40376.67241	13120.26859	311428.0458	3488358.733	7119.31193	1480.705327	967.4558477	889.7414819	652.0734935	533.9379658	353.0864633	365.5344521	333.0530931	319.334583	301.8950781
340	96028.26797	64552.19203	60175.48122	74720.47621	77026.0755	53854.15482	108000.9001	74741.58121	12307.82431	38515.40048	3772495.745	15299.65382	1528.681852	987.5893907	874.756545	572.8939738	519.9688533	344.3205412	291.939332	295.9435808	285.9311054	274.8176887
342	91590.21691	60388.62791	59123.95345	69895.48143	70379.13962	50716.16431	60539.32684	119712.8693	12045.00803	13869.12143	3222277.891	154290.9533	1743.340612	964.1972133	888.2867393	569.5432017	501.8751252	342.0800509	290.0797201	274.1837662	270.2760546	295.0160552
344	93723.62154	56236.53254	54498.33065	66182.63369	66345.8302	47680.75246	35957.56345	158757.8414	12077.3371	11346.46216	2069133.888	816693.681	1854.54519	999.9755215	879.9973038	518.0422496	460.6960047	314.4125613	323.4742671	277.6186576	240.4931921	308.5474759
346	84828.34859	55747.25607	52212.45446	61856.97008	63888.64304	46074.02571	27664.67944	174229.5029	12856.1159	10507.56902	865663.2757	2081334.215	2422.637347	1043.876117	802.7592616	461.4773224	434.8224171	296.2610018	263.9275292	245.27218	242.5891043	273.9333237
348	85496.93386	57632.40733	49945.71958	57654.92181	58546.03188	43814.75008	25433.7677	156689.5457	16132.39416	10235.50949	207137.1756	2936468.129	3413.508373	1015.960506	739.593453	544.9805986	389.5444107	326.0521917	256.6620453	257.7367255	245.1616685	260.6477197
350	80951.81313	55218.84888	48519.08903	54686.29905	56010.14029	41153.30017	24587.66138	116504.1266	26210.88244	10197.74369	24945.31579	3031349.318	9234.486198	1213.372883	742.8548053	569.8358033	436.513319	290.9371761	257.3410099	228.3629856	216.4893946	244.0337108
352	84912.53535	57375.27297	48906.37955	52961.53454	53106.83399	39858.35459	23811.32567	74102.6271	46224.32083	10533.1102	10346.84028	2727322.192	103276.7985	1323.247256	713.9991277	533.5134274	409.5266606	257.5683113	235.090262	221.961246	214.5386944	199.7648219
354	83713.0257	53791.31485	44484.05607	50221.7324	49437.74928	39039.76792	23929.75586	43136.80314	74220.40366	10851.10599	8860.502157	1917926.047	443320.8011	1506.516557	792.8039232	567.1008791	386.8613162	257.9240304	218.6542171	204.7199739	201.2200188	211.0356606
356	75158.60593	54529.18799	45788.60565	49563.3307	47413.92184	37499.19358	23570.62975	27555.85174	100750.7277	11122.6737	8489.686088	803019.8624	1079117.887	2003.278447	828.5979595	544.9176769	432.603214	252.7572939	216.884586	214.1596747	173.0924373	215.541818
358	74856.50289	55179.59098	44068.41462	47280.17073	44310.99815	36617.2366	23399.30155	21433.51953	117203.9538	11817.19583	8676.029411	167647.0165	1619307.586	3091.074383	884.1581782	519.2468079	465.1895278	270.162979	221.9770948	208.4611436	194.2041874	199.6691909
360	81372.12932	49321.70421	42323.14962	43826.32822	42283.82158	35022.81412	23718.64784	19865.83836	112248.0455	14232.29487	8886.775651	17257.72362	1785363.289	10492.47591	1002.09849	519.0778634	451.0568229	241.5886873	226.6888369	207.6387746	192.1432802	188.2679314
362	69399.18863	53945.2978	41970.0941	42998.78484	40916.18353	34250.57903	23978.54124	19936.37874	89354.60352	20187.3526	9209.673285	9194.596022	1586945.71	119361.7021	1162.299573	523.3193893	478.1843895	253.4196015	216.0738065	214.6093764	182.5513515	197.8328059
364	74440.47307	52665.49856	43048.06444	41847.89688	39831.02519	32767.58707	23460.79106	20369.98319	61986.24366	30721.39438	9208.584739	7544.384006	1065998.983	482691.4203	1406.092886	538.1755273	483.514074	234.4788612	226.2105027	194.7226501	148.764382	188.9808816
366	74200.68205	54088.46116	41680.1862	40701.23282	38098.57009	32220.80697	24589.67175	20424.22041	39798.30363	47623.49931	9481.657479	6948.777115	455417.535	1033412.765	1764.496705	581.7454484	461.978284	249.0521174	219.1390707	191.2494706	156.3577991	190.6108346
368	76925.1899	55509.30887	42240.55796	39196.75506	37269.5739	31644.84174	24105.71176	20991.75938	27545.63499	65571.95865	10141.52319	7125.286501	101825.8984	1440800.868	2639.979562	634.1536871	435.2431121	278.6697551	227.2314869	221.9808128	153.1367834	172.4297115
370	71274.37608	54042.91709	42700.17804	39401.26315	36337.93624	30847.62938	24610.01176	21404.85273	21603.9578	79080.76423	10737.85935	7273.695435	10575.0131	1505682.038	7165.449442	704.653257	476.5996238	279.6967889	198.8153818	216.3571627	154.5368514	161.2554387
372	80221.54211	54987.31318	42825.00839	38880.52482	34585.49054	30489.32318	24693.88174	21529.91141	20259.56602	80356.91447	11866.27699	7445.198632	6138.432989	1299411.859	75467.51097	809.4836528	467.1018756	282.5922032	248.123126	185.7429834	135.22098	163.6745322
374	78464.75612	53907.74955	42246.84559	38412.93932	34516.19937	29840.4036	25227.67222	22156.76973	20365.80961	70046.054	14685.97393	7635.193868	5135.831669	863994.0478	325762.0605	999.4282768	497.1950095	256.2486258	234.4094149	192.6537627	152.4393238	165.6464678
376	76111.49414	56039.27382	41832.46422	37561.36631	33985.24292	29973.71155	25292.6636	22917.61958	20468.1543	52605.03211	20423.22691	7746.200973	5022.779204	376625.9927	810597.4698	1229.429894	526.396027	273.5862578	266.2610764	199.5344852	151.888036	153.9543631
378	73918.81859	56212.52955	43225.87275	36764.63036	33343.07266	29830.38942	25739.96373	23051.48986	20672.4637	37563.04648	29901.60014	8084.344272	4944.734164	96111.1655	1180038.698	1863.365094	585.5056734	274.5199912	246.4069564	190.4910616	142.5921969	156.578247
380	81023.86541	58248.47707	42978.05601	36749.90681	32677.8103	29844.78306	25880.19778	23836.64812	21148.13304	26605.11032	41177.20762	8404.884099	5634.763527	12048.50449	1268772.242	5082.121828	630.2927897	274.6471576	260.3750449	192.6045833	139.1800677	142.889318
382	81882.10951	58455.28998	44036.00427	37103.74469	32665.67867	29546.47952	26880.31143	24512.80284	21855.20396	21556.61873	51297.20463	8792.972035	6180.095606	5494.719003	1199407.558	62419.67708	727.5972456	297.7749434	260.2482489	172.2756808	131.0438073	133.746957
384	80887.93558	58530.63837	44320.4277	37004.76009	32978.33718	30216.03528	27065.36551	25245.99686	22362.70463	19692.61209	55769.48181	9451.736628	6656.794806	4718.889321	918650.6174	279168.4529	872.7229723	303.5727584	261.690947	186.7978668	130.6495979	134.8841135
386	85287.36063	58637.7119	45205.96018	36625.74781	32911.11397	29541.30654	27523.34957	25543.26175	22792.34193	19263.14997	52197.5886	10688.61895	6603.535482	4610.793093	438047.5775	620956.9568	1196.562423	330.8473714	273.2278212	210.9318986	158.1837725	131.9000299
388	84386.3069	62537.35829	45821.33045	37373.06045	32823.71693	30341.35362	27708.71201	26079.72116	23139.93957	19714.06857	44018.186	13784.20572	7166.97113	4512.855472	111165.2701	889033.5466	1822.363353	340.4294811	272.7634202	239.4547039	132.4496128	140.5322251
390	86824.73964	63988.69117	46106.66486	37480.2271	32677.69656	30198.5806	28506.76414	26589.76268	23371.59695	19622.51948	33243.59928	18764.37824	7663.63958	4817.984248	11622.11706	961926.3238	4409.123494	383.941026	287.5147316	224.818531	128.3483961	130.5231846
392	90646.73512	64885.34594	46107.7008	37732.88	32233.80817	30082.7623	28987.34157	27005.89166	24235.09428	20008.07986	24932.81738	26572.78644	8194.49303	5100.152304	4712.332117	901716.8521	64589.67768	462.1088519	316.3682472	217.0549287	158.6213479	137.0100455
394	83739.21806	64530.89319	47567.6289	37926.76914	33649.46415	30678.76592	29159.64446	27588.0685	24763.69514	20498.08835	19775.35627	34372.43897	8236.670003	5415.552842	3930.310781	666894.7698	298860.9386	577.3616036	329.4496774	246.1652385	174.165713	138.3458359
396	90415.73853	66367.29005	49319.96383	38654.13971	33694.30293	31091.45665	30263.55365	27910.04748	25014.50074	20897.13417	17659.32061	39236.66061	8490.58747	5541.260823	3666.784726	321100.8503	661224.7186	798.2493583	387.5198334	245.2174925	186.0406957	142.0708719
398	93249.69773	68397.80562	49158.0124	39085.3501	34656.11348	31585.49381	30466.37509	28820.91775	25539.96135	21502.44171	17271.68404	40255.69573	9744.683062	5947.134571	3530.947856	80212.88517	866231.9039	1137.908429	418.1900592	237.8741098	197.1570177	142.7948605
400	90731.80486	66183.01839	49504.19012	39975.37211	34823.57228	31853.39394	30705.27183	29235.17103	25878.7225	21680.26333	17190.65952	35913.42537	11978.03845	6294.037211	3678.019495	8697.862162	898496.2355	2756.608423	446.6885948	266.6818714	192.4452422	129.9141609
402	92836.96398	70865.28676	51718.98121	40344.63183	34859.49172	32195.64176	30642.1904	29668.20121	26602.19648	22162.95873	17329.85149	28761.2553	16051.71595	6877.983757	4020.039202	3758.800086	841459.774	41963.27279	548.0539639	276.1696553	182.5413941	141.2429941
404	94184.84356	69448.66424	51606.4151	40572.12621	35148.96807	31977.57621	31396.09092	29940.96353	26848.87282	22252.4706	17619.2939	21988.54955	22707.04084	7212.581158	4240.134171	3150.414196	617136.1784	193549.7666	671.0578098	284.8975118	192.2108127	151.9420953
406	96870.15026	71843.79626	52693.26789	40799.46849	34749.7489	32718.32298	31644.95352	30201.28003	27194.1944	22777.62678	17881.05329	17532.98708	31648.35243	7561.463399	4429.117568	3005.519723	277527.8593	455319.6439	920.6637069	322.4726945	186.4345254	168.2258732
408	95575.00715	69826.61791	52280.8796	41316.56775	36024.19731	32453.1645	31723.13667	30679.13064	27486.15334	23186.76471	18421.76368	15391.37476	37835.35888	7997.017913	4732.724246	2977.06085	68756.18711	649317.2954	1411.737709	353.5132008	208.3827016	159.4078541
410	96832.07142	73129.85664	54203.90665	41575.72627	36058.55375	32888.11787	31639.25693	30782.71772	27579.02688	23484.73976	18572.24247	14789.81565	42750.98014	8820.524414	5066.663879	3176.102763	7635.548209	703869.8624	4240.086355	399.8455349	196.055445	166.6012551
412	95997.25199	71761.08043	55307.36173	42188.27059	36354.54522	33019.44704	32224.29295	30707.26538	27814.28703	23746.71964	19081.18123	14879.04118	40613.86685	10250.00986	5431.541954	3313.426023	3338.773468	625665.4527	63969.63343	504.3382592	240.8625403	150.5291269
414	97218.56481	72626.04132	54710.89455	42129.56398	36041.68702	32776.71189	32248.82499	31323.0948	28041.80116	23974.83007	19379.45743	14816.1585	34298.04267	12747.86352	5695.83006	3554.721815	2853.216109	414888.5873	273651.6725	593.1437741	258.9722733	170.224528
416	98573.81706	75419.94748	55707.50293	43115.9777	36593.21103	33017.86406	32134.40145	31382.79437	28191.6171	24175.43127	19637.06962	15187.40429	26977.79604	16797.74647	6050.073786	3772.928472	2618.639051	171403.8066	563164.8488	830.5732912	301.7129354	171.1636119
418	99670.51149	72850.33604	55539.20504	43030.15961	36277.78454	32411.69059	31837.7361	31186.42427	28250.04937	24230.64759	19742.43152	15438.60083	21834.6806	21786.18882	6364.637184	3959.510406	2628.592631	37991.44067	711078.6904	1315.291747	344.9138492	182.2846245
420	96343.03041	74415.98659	55697.15592	44037.51353	36534.23849	32387.93355	31723.60046	31156.69896	28122.29612	24269.59514	19778.44791	15552.35768	18714.93134	26772.93172	6540.546266	4107.083418	2773.63735	4362.954987	726679.2189	4306.568528	384.356292	193.0560666
422	98523.56455	74230.88273	55557.37528	44294.54878	35971.65658	32203.92207	31319.54558	30748.87	28023.88496	24358.55967	19966.58585	15785.17169	17314.24021	29631.9816	7123.233625	4455.300688	2816.112899	2372.029766	661205.39	62761.66804	440.2663346	205.586848
424	97942.765	74772.36829	55077.49598	43088.98139	35519.85368	32393.70827	31187.61458	30586.99107	27781.53175	24316.22427	20153.96459	15892.30747	16867.42114	29136.95389	7763.420935	4625.554301	2983.679881	2136.482725	463962.2516	247184.1833	590.5620216	220.0238278
426	92644.60136	73917.40721	55935.44257	43490.34194	35917.52613	31643.05383	31187.93526	30316.2633	27872.96336	24412.38019	20117.55734	16163.91158	16524.38031	26443.61746	9193.321887	4816.987488	3170.897942	2015.490117	200476.4199	498336.482	815.9304221	245.8831036
428	96492.81982	73283.07367	55623.89766	43511.47146	35488.38474	31798.19371	30731.83615	29914.14154	27615.89997	24102.38639	20226.70886	16231.71905	17025.82566	22255.05331	11322.84733	5098.97766	3354.475994	1993.287796	44847.35958	641800.9816	1222.963083	260.8423397
430	95713.85735	74022.19972	56016.56216	43940.65821	35456.15371	31118.17007	30559.73246	29755.51822	27326.62547	24140.48822	20292.45121	16270.3504	17248.92352	17902.69455	14460.22934	5291.396028	3560.662164	2093.389393	4346.727561	658554.1436	3034.928492	317.5804784
432	93374.35792	75316.24971	56087.63003	42977.41592	35614.87833	31083.6434	29919.69261	29487.53323	27302.28516	23825.41785	20204.35384	16370.69645	17147.84486	15291.22498	17821.17591	5527.53427	3780.216229	2244.665451	2459.63912	564807.5001	45247.87032	346.1672865
434	95075.04368	73140.10841	57261.18697	44074.1293	35471.09401	30712.46605	29739.43832	28848.05689	26605.85663	23829.03271	20286.85387	16445.10874	17179.49515	13663.59245	20820.29668	5780.872031	3900.598904	2340.884355	2093.239213	363787.2674	186949.4734	440.5503693
436	90352.99809	69593.39628	55372.17163	43499.71232	35233.16298	29937.51707	29237.60828	28278.20462	26443.45402	23690.78196	20083.57687	16536.53339	17364.49248	13400.09087	21957.70158	6137.595794	4110.306172	2496.1053	1907.835884	144918.6577	431435.9398	614.2843626
438	89403.52068	70743.67729	55596.76751	43294.50018	34758.62013	29866.168	28555.64048	27764.64953	26204.31263	23491.84766	20115.45056	16445.63403	17243.98097	13075.23541	20940.05207	6797.365105	4310.887053	2668.141716	1885.062784	35814.81589	631719.0725	918.7678575
440	85445.2568	69151.57819	54982.98297	43636.74315	33913.03262	29192.83039	27966.55003	27521.33416	25719.17764	23279.43482	20006.91477	16344.47842	16936.27227	12900.43234	18602.87173	8048.63962	4382.532945	2831.732931	1926.135337	4220.336768	699902.9714	1942.057078
442	85260.06263	68295.2037	53404.47263	42957.6557	34034.62558	28558.78868	26941.94223	26806.10323	24879.93741	22689.11542	19535.14923	16327.84366	17456.52688	12796.29565	15700.87742	9940.68244	4488.591115	2950.755864	1992.451558	1999.754291	685792.72	30214.83223
444	87295.29141	69655.50854	53279.24616	42151.29602	33765.10059	28342.21967	27034.99034	25953.76698	24567.71116	22421.42367	19453.27683	16342.38848	17582.67311	12379.70474	13050.1158	12134.51613	4696.425736	3062.117082	2040.525996	1700.525243	576774.9015	142538.1906
446	83923.41037	66559.50945	53465.88203	41428.45601	33025.55739	28152.09608	26378.18601	25743.51746	24249.19313	22220.53433	19200.49715	16171.82116	17735.6366	12394.76409	11375.44185	14432.79994	4842.092181	3222.913206	2203.478297	1667.447099	308896.1015	348087.9165
448	80281.51121	65412.90093	52053.09983	41323.44849	33611.65838	27794.65112	25989.1083	25341.7359	23889.74319	22101.41768	19160.7215	16124.02544	17800.88615	12612.69698	10628.09394	16272.21679	5118.388974	3399.330074	2345.125636	1598.947998	74125.6597	514299.5268
450	82310.75154	66731.18354	51764.44644	41762.37084	33037.01316	27439.61029	25499.40597	24859.78857	23630.98664	21697.47689	19012.6211	16112.65083	17752.48302	12625.65747	10288.96805	16813.30513	5499.869865	3585.432846	2440.712536	1639.350863	6054.662135	574270.1838
452	82147.20515	66168.07615	52146.65319	41733.91394	33224.68478	26903.303	24998.49209	24563.25995	23335.65342	21577.94916	18823.57853	16065.46596	17569.37876	12769.83698	10317.97096	15775.6633	6244.240606	3713.926978	2641.088885	1714.691775	2305.450802	524401.0124
454	78224.23185	64313.079	51952.38	41790.7504	32584.99164	26483.01862	24824.79657	23977.28179	22763.04466	21011.02019	18825.76273	15876.15984	17754.97655	13221.71057	10279.58261	14067.00673	7303.82334	3861.261313	2658.371127	1794.991657	1833.225444	379412.9261
456	78579.08081	63958.65276	52019.81605	41491.41256	32330.26045	26694.12854	24621.19167	23544.9935	22743.75175	21008.25668	18504.15409	15819.1792	17278.05852	13391.33873	10479.18377	11881.25662	8959.859082	3942.683293	2799.379804	1945.835074	1634.995033	187804.6847
458	75775.80935	63653.51925	51392.80209	41265.49989	32193.71927	26070.66446	24244.46769	23306.56326	22245.12246	20767.20551	18541.07331	15831.18624	17596.72741	13486.15975	10438.59973	9984.381441	10987.76305	4069.947362	2924.238581	1999.414725	1608.713942	52922.2367
460	77308.09419	61526.4959	51617.80613	40747.89364	31848.63419	25796.13501	23944.28893	22933.91529	21760.7228	20433.11785	18240.00224	15692.24954	17160.78426	13280.40831	10587.22034	9053.822078	12761.24485	4322.866153	3092.420339	2179.614519	1612.765517	6000.587661
462	78174.99876	63472.53227	50790.77328	41201.6562	31738.83906	25752.66592	23649.3053	22829.44208	21853.87396	20160.96449	18104.2088	15586.44043	17284.75146	13365.18916	10483.871	8498.678984	13761.80719	4580.125671	3207.910681	2256.238787	1664.550184	1926.524267
464	72105.9086	62495.0465	49384.4114	39923.80704	32006.90755	25510.80137	23087.80059	22372.26803	21066.4502	19906.4643	18150.83517	15493.54945	17297.95227	13568.03058	10592.9274	8366.561088	13862.37772	4869.777778	3325.822363	2444.957423	1717.634098	1622.697327
466	74887.99974	61150.4346	50284.91343	41086.41189	32163.2753	25125.01785	23064.53824	22083.47924	20790.38095	19451.59065	17714.33306	15281.30873	17106.80821	13636.53	10654.71381	8310.0873	12752.98286	5624.588708	3347.720747	2532.969913	1790.931817	1505.098612
468	84907.48327	59497.22301	49756.40236	39821.88591	31149.61804	24967.94269	22481.72328	21693.68324	20626.86604	19384.7361	17370.33066	15265.57779	17132.45717	13881.77213	10488.70718	8325.67967	11190.32581	6614.02454	3453.581102	2549.930897	1870.387855	1463.824852
470	113975.3269	59134.89942	47828.38027	38992.13024	30377.03943	24344.20332	22255.96831	20900.65477	20119.99055	18959.75067	17086.86922	14877.01906	16387.5611	13542.28769	10322.20154	8241.005329	9393.556402	7997.281287	3517.991976	2628.52183	1920.679669	1455.059
472	176621.057	59881.36008	48571.05849	38884.71332	30478.09001	24171.17943	21653.35288	20363.20714	19670.80341	18566.00044	17015.06882	14848.30835	16409.32657	13145.67947	10287.71614	8350.001045	8002.858928	9453.477162	3693.961113	2777.560245	2038.918585	1471.387624
474	275924.6285	58072.25697	47203.69531	39146.94134	29637.59297	24180.95103	21347.78399	20329.38516	19236.40604	18322.48631	16722.56129	14504.96688	16020.45891	12930.01772	10369.70777	8201.916417	7253.738781	10687.31966	3859.333884	2839.743897	2123.918574	1564.82551
476	422439.3547	56544.98975	47571.59957	37946.22717	29792.72572	23543.1295	20900.34876	19814.18333	18991.50035	17948.23148	16350.12585	14186.73573	15165.4647	12811.34631	10171.72525	8227.404952	6979.885448	11210.91356	4043.548628	2892.78586	2184.629266	1599.592211
478	587018.1435	57095.11986	46617.54938	37765.83362	29191.44532	23433.23419	20564.14907	19462.62495	18838.19648	17502.61204	16025.80466	14234.65434	15394.28721	12733.60509	10162.69101	8299.358285	6925.418646	10922.51894	4498.574883	2968.393863	2283.441856	1750.766368
480	739343.8985	53979.94548	45695.79164	37526.57411	28880.06594	23272.00112	20242.4874	18885.2077	17856.37333	17406.77124	15836.4752	13729.48017	15549.6316	12400.30125	10077.12445	8170.649049	6952.162853	10012.44596	5073.960358	3042.047476	2339.313041	1769.357955
482	806884.0897	54221.51348	43744.86192	37115.33185	28438.5329	22462.70247	19961.64079	18609.59991	17648.14628	16767.16642	15469.11548	13625.66711	15045.07886	12237.70463	9896.652449	8202.718136	6839.371177	8679.493236	6021.716519	3114.908618	2384.203562	1835.456135
484	783635.9019	54281.28344	44981.90053	36466.7406	28088.9227	22294.50767	19506.20599	18161.40847	17235.71974	16470.60675	15251.52879	13375.0961	14565.85647	11867.79625	9919.678903	8136.22986	6791.116692	7272.1751	7123.147908	3162.32473	2534.344479	1941.583232
486	668200.1445	55517.8985	44451.64946	35022.3937	27715.86414	21937.37807	19222.39088	17576.40477	17103.52261	16231.82942	14927.03788	12991.13631	14613.74523	11916.85752	9841.652511	8079.471576	6768.518155	6367.843311	8181.719042	3299.450684	2566.066883	2015.285561
488	469612.1616	75074.66569	42605.14855	35314.64456	26522.91437	21747.46196	18718.95483	17396.0551	16346.68145	15693.35423	14313.21753	12792.29046	14410.13798	11712.92514	9790.075454	7968.039384	6733.022058	5848.370112	8978.51507	3411.810742	2617.1542	2034.226557
490	285562.0406	122360.2815	41906.99059	34571.3974	26685.56363	21118.48878	18756.01846	17001.54392	16132.06073	15380.06636	14127.68069	12445.28707	13933.54205	11597.27837	9605.955475	7898.688744	6633.275144	5507.645417	9238.933699	3620.079192	2645.289315	2101.246955
492	146745.4169	212673.8754	40530.89592	33599.16585	26418.02911	20661.31298	18249.75489	16608.22566	15726.85758	15016.56503	13689.20179	12136.14276	14112.63651	11379.98067	9404.634324	7703.817682	6583.006669	5382.437668	8941.659574	3996.169316	2683.846142	2174.318024
494	79501.79875	344156.2481	41549.55942	32768.31317	25301.77598	20366.94855	17481.86372	16136.84559	15424.26493	14765.43557	13584.92759	11875.53767	13821.24965	11154.3077	9252.780483	7667.011986	6570.408059	5331.738258	8049.452276	4475.599318	2783.056195	2237.046462
496	61255.86205	514986.4909	40450.21004	32867.13901	25010.39612	20264.51917	17681.21675	15961.00838	15125.76107	14335.17132	13067.44393	11610.74296	13228.47536	10990.21672	9236.111892	7579.046619	6441.302233	5294.004868	6834.228102	5236.77443	2816.958856	2323.463403
498	55942.87932	681331.9058	38024.69205	32697.12427	25428.96757	19671.42131	16877.07242	15567.02684	14771.70142	13884.91254	12697.32475	11378.49553	12817.42439	10752.8156	9065.935311	7548.069848	6415.601454	5275.927661	5907.595897	6121.118568	2887.979582	2350.979727
500	54367.78183	818227.459	37844.74221	31244.98937	24608.57084	19472.44276	16717.73091	15162.7487	14416.85899	13686.74584	12622.42755	11218.18614	12462.08007	10523.06733	8924.96911	7442.682085	6295.253072	5214.411499	5105.869404	6918.153837	2953.063551	2372.716733
502	54633.40149	848355.2283	37432.28938	30142.7727	24275.81123	19159.62213	16377.75365	15071.48207	14313.62906	13222.87521	12283.19007	10991.3372	12392.80531	10367.74284	8721.954129	7357.486944	6204.947514	5220.825691	4709.282006	7416.33836	2986.269947	2367.362507
504	50904.2487	787343.4608	37815.6818	30732.71754	23652.75235	19003.60936	16178.76221	14657.65665	13997.41008	13034.24161	12168.59102	10765.51921	11916.77307	10400.95068	8571.339463	7294.497338	6205.249331	5156.816587	4489.80088	7700.928683	3208.860569	2439.338848
506	51951.19651	651047.342	40735.27316	30057.94045	23691.59067	18524.03252	15973.83065	14306.30154	13445.51849	12813.77174	11724.02914	10478.57094	12080.09439	10230.01621	8328.007438	7272.887231	6113.360757	5091.262984	4417.102359	7372.102807	3524.050357	2388.16991
508	51607.49612	464175.7641	61695.78205	30003.6795	22975.65423	18274.32334	15568.76182	14190.8507	13618.21201	12505.78747	11656.37959	10338.52835	11750.10739	9958.755781	8304.622719	7111.794082	6158.308987	5040.204461	4276.665502	6716.368944	4003.007898	2391.280315
510	52573.79827	278495.4779	121302.6785	29618.16274	23039.87992	17785.57351	15353.31465	13866.54153	13327.5573	12340.66589	11451.80915	10100.44636	11377.31608	9883.366465	8220.973601	7015.451008	5948.350363	4970.935131	4328.681712	5860.323251	4640.370945	2511.256583
512	53552.35578	133754.357	243168.9638	30020.06355	22599.48434	17675.01095	14810.92798	13516.72306	12710.60836	12120.99496	10958.67709	9979.332649	11195.57939	9608.920056	7973.2629	6910.769638	5926.007679	4987.835135	4299.151981	5011.178739	5335.690056	2560.607223
514	63306.16755	62490.20286	426624.8376	28565.85905	22399.60835	17581.56212	14665.41468	13393.51646	12607.20667	11898.73457	10795.66491	9571.012399	10725.15371	9461.549982	7863.254451	6827.476589	5854.726813	5037.116364	4220.244997	4328.144173	6003.82618	2566.878462
516	75050.36978	44245.36782	646693.1348	28437.82293	21877.94159	16853.19175	14331.06288	12841.78252	12496.43779	11611.3801	10586.72734	9477.600288	10364.02838	9246.143575	7786.336319	6785.306651	5787.663981	4909.947636	4329.466387	3976.109579	6473.736046	2679.822258
518	87542.54419	42513.92128	861654.645	28038.91882	21293.67482	16750.43316	14435.71875	12864.13037	12157.03022	11401.51942	10300.63255	9416.048778	10104.79155	9066.187901	7739.955194	6700.645889	5753.672824	4906.874799	4157.550658	3717.586365	6638.931349	2807.964865
520	105301.1267	42265.48562	993186.4688	26982.27518	21070.87496	16761.24692	13990.97104	12406.23306	11694.24688	11146.79194	10104.82236	8960.015893	9813.8114	8665.670907	7574.05661	6560.976318	5645.535391	4750.006219	4125.145059	3641.841146	6191.664973	3110.401621
522	115882.8068	39923.74799	987830.4012	27511.87504	20832.28426	16334.43672	13814.37789	12260.07728	11588.8841	10691.94064	9880.58862	8881.421772	9474.58613	8371.61399	7377.196845	6466.569138	5543.021947	4701.749389	4112.017782	3633.78911	5639.035314	3546.688479
524	125960.4162	36918.58821	864825.6031	27315.04019	20495.8986	15802.07651	13653.72306	11971.63265	11304.14371	10422.76685	9710.611247	8608.393658	9227.098309	8342.109879	7061.325429	6316.180488	5561.473994	4626.763137	4020.894663	3491.248844	4918.738297	3939.715644
526	122068.5954	36920.55119	656306.9159	32348.65792	19994.18585	15475.16855	13280.1021	11651.20957	11084.80404	10205.18056	9418.674491	8278.050456	8908.924338	8098.351148	6867.450423	6253.313232	5394.809333	4534.896253	3900.830666	3488.0652	4084.638336	4597.372349
528	111998.428	37006.75641	419031.0708	60563.45079	19740.3825	15028.21175	12949.60441	11347.16202	10652.31205	9991.28919	9135.526257	8177.70636	8787.868636	7843.482968	6895.674814	6176.153225	5251.921823	4467.797823	3970.670158	3473.556924	3588.219729	5008.601277
530	99852.07431	36348.90466	226739.8886	138681.7442	19047.40796	15258.45657	12968.33164	11040.58448	10478.445	9851.721573	8828.189121	7996.363713	8620.027111	7523.888482	6588.885531	5820.732018	5191.671814	4451.147292	3880.506184	3338.617872	3234.990039	5556.876489
532	84589.70658	37772.54679	99995.01034	271582.9344	18841.62655	15090.35431	12366.61422	10766.9513	10150.17799	9456.343819	8813.8297	7810.205347	8456.201709	7395.571413	6626.606641	5783.79499	5075.861177	4295.096703	3786.278774	3301.245099	3035.248293	5525.867106
534	65720.51907	42898.91381	46313.05633	451101.0743	18976.53683	14253.5423	12115.03494	10502.18435	9920.654858	9312.403067	8388.376556	7528.036333	8329.133647	7301.249729	6299.134705	5611.180778	4915.707484	4185.415154	3697.553695	3192.867181	2934.579335	5290.378675
536	52488.54844	50976.23478	32130.21115	659234.1434	17975.18541	14244.18125	11922.99035	10498.00823	9791.70555	8883.570212	8208.311171	7300.194715	8165.98407	7012.743837	6117.262297	5569.0203	4910.650961	4053.642288	3702.870911	3152.62285	2877.77047	4691.122401
538	42547.80318	63952.82544	30631.09366	859319.178	18051.14901	14145.9563	11541.79134	10273.72678	9429.650643	8728.540084	8063.478782	7174.852896	7712.249149	6884.931686	5963.927219	5444.141038	4821.941792	4041.974899	3621.423005	3093.932993	2840.79313	4024.875238
540	37094.07768	81550.05057	29425.55725	986531.8301	18250.45924	14014.99234	11181.58187	10260.95382	9098.260805	8635.787131	7917.548899	6978.052149	7584.616904	6738.941937	5866.161849	5223.174064	4572.236796	3925.89326	3468.188481	3074.375035	2811.514942	3404.325083
542	31883.27625	92430.22755	29153.17932	985079.6077	17410.49379	13218.4031	10941.7015	9660.407111	9048.387327	8330.928605	7653.023858	6868.983227	7386.90709	6605.321959	5657.649908	5139.2519	4447.01081	3908.919631	3389.653988	3091.119062	2675.422508	3044.082397
544	32733.71686	108333.2117	27228.64206	870945.5373	17908.47775	13234.72259	10675.98047	9547.161036	8619.171699	8081.735677	7453.556401	6611.127617	6997.249331	6421.342856	5465.823144	5129.032203	4338.212323	3785.669342	3367.765528	3032.34412	2731.239399	2622.020442
546	32928.77223	118142.0901	26437.33036	672178.1655	22871.07945	12902.42526	10607.36083	9281.310756	8636.136859	8182.071275	7160.093493	6351.979457	6934.719127	6293.385428	5347.388334	4871.113345	4263.877517	3736.823778	3302.045339	2986.110739	2671.099392	2386.549417
548	35447.68325	119698.6667	25565.23928	445603.8928	51642.74435	12463.16045	10508.65479	9039.343338	8116.803099	7699.873493	7023.248005	6147.047965	6712.576231	6066.148762	5274.555805	4677.255522	4189.388777	3623.980558	3205.498153	2831.043166	2622.628362	2314.905634
550	30149.68948	114336.7344	24228.5243	239805.6795	131046.1964	12515.6436	9939.840667	9169.358514	8041.093672	7619.765056	6756.687321	6004.821703	6593.760984	5891.573002	5108.777906	4624.230213	3951.540129	3550.16013	3131.108238	2803.709708	2519.26226	2293.817551
552	27694.56062	101090.3795	24484.63131	99679.86876	287168.3774	12194.55579	9785.73823	8799.847714	7883.032874	7501.234892	6571.574368	5883.081234	6248.75763	5656.372842	4958.247615	4460.428735	3947.358707	3502.452215	3123.173533	2668.563809	2442.610539	2208.599202
554	28834.3321	86027.24185	25634.69022	40100.74245	515183.8519	11898.47432	9541.858289	8448.330597	7776.929679	7355.445648	6437.380911	5732.793002	6119.681758	5547.933182	4812.893592	4415.141493	3891.483653	3399.799016	3022.536051	2639.660919	2407.477944	2154.036563
556	29846.44157	67176.41591	26883.60586	23984.40942	796296.3975	11783.44087	9516.762737	8088.320749	7412.064996	7051.156103	6252.388444	5578.88914	5945.052979	5247.398011	4619.202841	4222.185268	3784.974076	3305.324374	2901.202897	2535.767393	2363.629137	2087.362107
558	30201.65599	52082.56051	34233.6763	22793.72368	1078007.462	11663.75433	9041.967891	8192.341991	7250.154034	6819.978605	6214.909535	5312.326183	5870.455393	5176.360276	4530.79294	4138.807273	3641.536836	3143.521051	2816.977796	2537.748802	2326.46433	2069.784275
560	26538.63332	37721.96533	43886.45369	21178.86467	1255030.612	11366.53934	8960.191602	7768.398946	7081.329566	6594.535675	6034.067534	5141.66869	5597.508488	4978.955614	4531.712843	3879.091236	3507.279283	3094.617843	2772.872111	2432.235248	2239.437716	1967.974595
