EM wavelength	EX wavelength	S1/R1
nm	nm	CPS / MicroAmps
300	240	5939.58235336236
302	240	6329.39399753837
304	240	6622.12822436545
306	240	7303.4263588461
308	240	8192.13449758174
310	240	8013.92990348792
312	240	8045.8677375722
314	240	7866.54735729864
316	240	7905.73391786613
318	240	8107.08203083252
320	240	8165.43457225868
322	240	8134.17007067783
324	240	8644.41784106661
326	240	8362.6393632418
328	240	8471.45686553548
330	240	8158.99833047042
332	240	8115.93278112718
334	240	8692.71806024387
336	240	7691.66540316272
338	240	7852.57180004483
340	240	8017.91605038076
342	240	7079.26941227905
344	240	7329.52344130479
346	240	7122.12413857282
348	240	7148.12742131486
350	240	6660.55354829243
352	240	7127.86506691942
354	240	7290.48233009456
356	240	6725.5277345712
358	240	7099.51805522344
360	240	7850.22485560387
362	240	7659.9593817912
364	240	7674.40277879415
366	240	7799.82411248037
368	240	8027.25492677272
370	240	8482.81535857962
372	240	8953.00312274418
374	240	8463.34670478426
376	240	9085.79056296897
378	240	9791.6880802191
380	240	10341.2397595758
382	240	10675.4118681373
384	240	11632.9553932731
386	240	11342.1882620574
388	240	11173.1932234065
390	240	12644.5060361145
392	240	13131.3674086455
394	240	14516.1875970915
396	240	14111.8079596924
398	240	15917.1103815848
400	240	16282.1406705138
402	240	16078.4261431665
404	240	15805.209954676
406	240	16751.6392734996
408	240	16047.7079464193
410	240	17356.1383267668
412	240	16914.5156882605
414	240	16934.7251022831
416	240	17607.5130469548
418	240	18258.9554331652
420	240	17541.4109291205
422	240	17159.1122703449
424	240	17186.3803388385
426	240	17968.6704294196
428	240	17787.8909706188
430	240	17124.2501333928
432	240	17985.9417598589
434	240	18219.5780460997
436	240	18036.7838818289
438	240	17582.0284557611
440	240	17333.5439398987
442	240	17200.645778882
444	240	17009.3533954341
446	240	17088.0736956451
448	240	16288.4124732658
450	240	16710.0710190372
452	240	15544.727323355
454	240	14947.0957526502
456	240	14551.2881298891
458	240	14851.4176524631
460	240	13976.6981405054
462	240	14997.0836442975
464	240	15355.5289874918
466	240	15181.9375357017
468	240	17135.8593293231
470	240	23656.9991364365
472	240	40383.9269091583
474	240	66088.4054645984
476	240	100182.903640437
478	240	136125.21421397
480	240	165536.285942224
482	240	174843.053617314
484	240	161058.653590337
486	240	136229.710598454
488	240	98940.7735746776
490	240	60411.177949778
492	240	30832.7923053118
494	240	16060.183987234
496	240	12006.7638108841
498	240	11475.7175501205
500	240	11288.0985793181
502	240	11313.7597268104
504	240	10658.5571395319
506	240	10081.7879825047
508	240	10564.7736966972
510	240	10414.0646849604
512	240	12462.9928668771
514	240	15586.6665258855
516	240	19149.3428969081
518	240	23798.3301255795
520	240	28890.1676377873
522	240	33711.3898813493
524	240	35930.763130515
526	240	34291.6790685304
528	240	31075.7276007382
530	240	26190.2785875695
532	240	20504.8854438482
534	240	14808.2694872011
536	240	11100.8656920304
538	240	7779.78090925792
540	240	5944.11313194465
542	240	6008.09145128194
544	240	5689.83101220319
546	240	5007.58909342657
548	240	5075.41900327043
550	240	4499.24722064464
552	240	4473.128298476
554	240	4469.89839836412
556	240	3789.96915656978
558	240	3764.81865839315
560	240	4376.22940723319
300	250	3588.67115219426
302	250	3908.24824464808
304	250	3904.52940300372
306	250	4704.75864440032
308	250	4795.96598022669
310	250	5119.49035280672
312	250	5303.85275475129
314	250	5363.47998338453
316	250	5532.73580051508
318	250	5997.73009928175
320	250	5797.85005016588
322	250	6384.21379491214
324	250	6166.58935106381
326	250	6211.35127438962
328	250	6379.27141608693
330	250	6343.58686879851
332	250	6225.69776565624
334	250	6789.09107532778
336	250	6396.53948217999
338	250	6340.86000789129
340	250	5968.31258963475
342	250	6267.94951279176
344	250	6137.52853967644
346	250	5885.89298495091
348	250	6047.31003869836
350	250	5596.21141456092
352	250	5756.24230078126
354	250	5729.47184867314
356	250	5628.42500790002
358	250	5619.11158226205
360	250	5722.43201777367
362	250	5650.18498803956
364	250	5718.65842543721
366	250	5688.01370979401
368	250	6116.65978692806
370	250	6076.60228866509
372	250	6058.90746104669
374	250	6529.59671469521
376	250	6763.44366786864
378	250	7013.40536033992
380	250	7297.27089322777
382	250	7324.3415570695
384	250	8073.70067511962
386	250	8593.57682595536
388	250	8829.73241026806
390	250	8816.0994523717
392	250	9183.4746412948
394	250	9194.1714437748
396	250	10268.0238074383
398	250	9944.73121098317
400	250	10096.0525761487
402	250	10841.1915024422
404	250	10844.7078510756
406	250	11465.4000734413
408	250	11632.576697507
410	250	11906.3532369391
412	250	11531.7663021779
414	250	12083.9508213859
416	250	12196.6895986767
418	250	12938.7445594553
420	250	12629.961557458
422	250	13169.4476543093
424	250	13049.3029158732
426	250	13789.261068005
428	250	13822.8156660886
430	250	14006.921352898
432	250	13914.841556362
434	250	14079.0533718665
436	250	13997.2507360069
438	250	13787.6374180447
440	250	14351.5976431904
442	250	14361.927905706
444	250	14156.7645701265
446	250	13479.7124275558
448	250	13794.6302957895
450	250	13399.2251389568
452	250	13640.0902982737
454	250	13444.5849372357
456	250	13464.139008037
458	250	13244.2044819209
460	250	13411.303868804
462	250	12306.2145467689
464	250	13150.8660426998
466	250	12385.1121776606
468	250	12391.9725748045
470	250	12339.2837389264
472	250	12174.6295219771
474	250	12050.4567763539
476	250	12060.9986396008
478	250	11404.3591049801
480	250	10728.4399002124
482	250	10614.5149228139
484	250	10956.6257879683
486	250	11648.8139540353
488	250	16530.3237996825
490	250	28554.9617743891
492	250	51760.5564464916
494	250	81606.6218429145
496	250	119663.805228665
498	250	155710.740673175
500	250	183140.908099854
502	250	184278.397585331
504	250	164978.977570954
506	250	131922.747918133
508	250	87027.8658912542
510	250	50323.0416325973
512	250	24141.2663194955
514	250	12753.0835280446
516	250	9327.97651697729
518	250	8755.39656335407
520	250	8319.15614038076
522	250	8509.48092292637
524	250	7359.18749904033
526	250	7767.39634713414
528	250	6972.95756610612
530	250	6963.27250669961
532	250	7811.25933921931
534	250	9617.7779021027
536	250	12751.2310329942
538	250	16797.7381008755
540	250	21785.2225050257
542	250	25775.5097551485
544	250	30130.5215228515
546	250	33756.3448223229
548	250	33944.0153899745
550	250	30409.793834379
552	250	27154.8360608012
554	250	21085.1819825805
556	250	15680.0065938433
558	250	10805.2924896021
560	250	7459.0301950841
300	260	6108.85087847991
302	260	6072.95090554486
304	260	6421.96933892072
306	260	6792.57527555184
308	260	6746.16752148091
310	260	6958.76764857411
312	260	7280.75269848585
314	260	7434.22469005549
316	260	7213.0954072111
318	260	7753.44329991635
320	260	7539.6151659689
322	260	7270.04341087553
324	260	7319.1776299687
326	260	7299.78215590576
328	260	7092.45837986528
330	260	6922.50312682814
332	260	6902.96880782278
334	260	7168.54242522863
336	260	6718.42509500399
338	260	6562.04324624602
340	260	6281.83135197028
342	260	6124.81927442801
344	260	5993.60892209628
346	260	5802.11991021122
348	260	5707.26598948982
350	260	5544.77613234349
352	260	5409.78290912105
354	260	5197.75517188755
356	260	5231.46188518372
358	260	5242.01994922317
360	260	5022.63675731333
362	260	5188.52295854062
364	260	4900.92120002067
366	260	5102.49552432424
368	260	5068.30379870827
370	260	5120.4525849837
372	260	5491.25454753234
374	260	5341.68037730517
376	260	5613.29225106871
378	260	6030.32896756749
380	260	6069.63409928957
382	260	6372.65006302007
384	260	6702.15490185212
386	260	6813.87495570018
388	260	6768.1278165492
390	260	7267.48874845227
392	260	7105.3599878572
394	260	7455.82648683385
396	260	7843.1574079661
398	260	8098.66857758251
400	260	8432.7612526535
402	260	8155.07337032061
404	260	8671.32028927908
406	260	8449.17177675111
408	260	8599.31854209609
410	260	9286.45187890792
412	260	9645.64103669357
414	260	9577.77269532457
416	260	9831.94426088584
418	260	9927.72639240487
420	260	9959.77718282559
422	260	9782.41643240915
424	260	10161.6219694381
426	260	10355.9721779884
428	260	10417.7784828059
430	260	10856.9481865644
432	260	10639.9014808563
434	260	10854.9403169937
436	260	10760.117581499
438	260	10877.5717505234
440	260	10808.2144957659
442	260	10789.8581408018
444	260	10796.1725334258
446	260	10872.8090983651
448	260	10694.6588387462
450	260	11202.3326737073
452	260	10658.4563687806
454	260	10831.5603302169
456	260	10749.8734752479
458	260	11294.1532428257
460	260	10725.2255969919
462	260	10480.8354719836
464	260	10651.8261806543
466	260	10266.0556336642
468	260	10287.1059596618
470	260	10112.8801004897
472	260	10007.2261825147
474	260	9926.20092368306
476	260	9511.59453482144
478	260	9611.00854119713
480	260	9683.77760621689
482	260	9083.69850628183
484	260	9004.65975883667
486	260	8998.33000272061
488	260	9285.06751034357
490	260	8650.97124975685
492	260	8406.14063555901
494	260	8591.38012642876
496	260	8425.3444527129
498	260	7966.03754301732
500	260	7961.62544245446
502	260	7897.07583994594
504	260	7674.59310929878
506	260	8239.12104443489
508	260	13469.6281276198
510	260	25773.8374811564
512	260	50870.4517680315
514	260	84259.6804619217
516	260	124976.000407489
518	260	165484.223401645
520	260	188193.616270694
522	260	187325.616971391
524	260	161693.965725231
526	260	122631.354257066
528	260	81817.0787650432
530	260	43945.021450168
532	260	19477.5250535679
534	260	8428.74279806504
536	260	6075.46285192222
538	260	5304.65132070218
540	260	5100.05629366109
542	260	4807.71249765654
544	260	4478.13676555414
546	260	4420.64925234372
548	260	4127.18906321384
550	260	4125.44864230703
552	260	4258.83146705607
554	260	4548.3495908212
556	260	5443.31558019755
558	260	7539.58092787474
560	260	10586.9708355378
300	270	40509.4085434022
302	270	30151.3030821633
304	270	20591.2294045589
306	270	14469.8742420987
308	270	12141.7756807874
310	270	11476.4349608648
312	270	10886.8832058646
314	270	10887.1579574154
316	270	10463.0322026799
318	270	10433.1320585216
320	270	9807.76756564328
322	270	9769.82601274593
324	270	9735.89351189196
326	270	9479.42814283981
328	270	9058.44146997559
330	270	8754.0673543601
332	270	8431.31835533429
334	270	8085.30709632656
336	270	7808.7252180364
338	270	7576.2380154528
340	270	7179.00994067215
342	270	6699.15101242797
344	270	6554.2711598509
346	270	6327.66380314465
348	270	6230.80327726605
350	270	5976.6369773013
352	270	5700.89894199787
354	270	5657.96105565764
356	270	5389.28452917595
358	270	5372.42464062392
360	270	5210.54246424311
362	270	5268.99934264794
364	270	5186.99560156627
366	270	5026.11748952672
368	270	5053.28034621971
370	270	5333.91436220842
372	270	5164.92301347077
374	270	5315.45758309935
376	270	5372.16888864648
378	270	5426.94237018932
380	270	5675.5514507662
382	270	5841.21152860987
384	270	6126.8034693828
386	270	6239.48804437224
388	270	6363.26512342903
390	270	6565.803936595
392	270	6829.17738272896
394	270	6754.17432261191
396	270	7096.80800281763
398	270	7105.45308255187
400	270	7339.75916801138
402	270	7595.27453997408
404	270	7554.89785206612
406	270	7910.00730379346
408	270	8132.48677407432
410	270	8170.04382587943
412	270	8138.99501352569
414	270	8170.40424546052
416	270	8508.22188214139
418	270	8566.87412405184
420	270	8580.51158748264
422	270	8416.73348635735
424	270	8759.41707365373
426	270	9028.30519573775
428	270	8812.29311193441
430	270	8549.60108751722
432	270	8714.38337318303
434	270	8873.65705671373
436	270	8993.40386265217
438	270	9023.88531605208
440	270	8990.14981418918
442	270	9125.55723926075
444	270	8983.52568698442
446	270	9055.76393182538
448	270	8815.27624606806
450	270	8733.97221749471
452	270	8575.23260953516
454	270	8818.35215441016
456	270	8473.30767511435
458	270	8496.50578628081
460	270	8570.31353409329
462	270	8309.35490460662
464	270	8697.9848365803
466	270	8194.32941030324
468	270	8370.21934697851
470	270	8200.99689261196
472	270	7878.78347544457
474	270	7656.62803093646
476	270	7776.00918106819
478	270	7702.8846579451
480	270	7339.69432218048
482	270	7336.41385330877
484	270	7269.47995224323
486	270	7091.75480283741
488	270	6908.6022754669
490	270	6930.01276194456
492	270	6719.62752769143
494	270	6447.81691865498
496	270	6408.26880399516
498	270	6396.57868916247
500	270	6569.47632095147
502	270	6112.48471840459
504	270	5801.65403667422
506	270	6081.28258220535
508	270	5956.94002166583
510	270	5801.62405247564
512	270	5365.31807658219
514	270	5371.25966691256
516	270	5062.61909678054
518	270	5133.3492606314
520	270	4986.58791353075
522	270	4799.67069180023
524	270	4784.13327259806
526	270	5860.15074927998
528	270	12362.485436289
530	270	29142.1538841886
532	270	60083.1633106403
534	270	100460.29429112
536	270	144388.549816929
538	270	183637.720323035
540	270	203899.371888008
542	270	195300.673634729
544	270	166376.564349676
546	270	122229.443291415
548	270	79918.7903664955
550	270	43384.0366706549
552	270	17436.7151185244
554	270	7113.28888986127
556	270	4330.12396356556
558	270	4075.64692838613
560	270	3943.07649727586
300	280	10049.2248708542
302	280	14646.5669549785
304	280	23204.1516554067
306	280	34638.4467229729
308	280	44274.4894345525
310	280	46272.6102191991
312	280	41352.9703061121
314	280	30990.440239184
316	280	20865.4794185424
318	280	14554.5327250585
320	280	11216.3144881282
322	280	10365.303453702
324	280	10044.2483680684
326	280	9670.37745559775
328	280	9146.22099942834
330	280	8915.12905055823
332	280	8738.62381638461
334	280	8398.01140910656
336	280	8008.47368482427
338	280	7813.76122525978
340	280	7372.62087586307
342	280	7184.37021582834
344	280	7007.72242851835
346	280	6715.0216408651
348	280	6467.06486284937
350	280	6042.90712401535
352	280	6072.35272080565
354	280	5885.30851532621
356	280	5712.22840834372
358	280	5407.09254307099
360	280	5339.99319169374
362	280	5274.83001875991
364	280	5071.25523247766
366	280	5167.26672367155
368	280	5262.57988983932
370	280	5211.89599418792
372	280	5297.7390498352
374	280	5419.09340232605
376	280	5811.93390075931
378	280	6024.22219530808
380	280	6229.46915248447
382	280	6481.46867688725
384	280	6695.0469212935
386	280	6989.36848342003
388	280	7016.34905060913
390	280	7294.14108633875
392	280	7801.44325059391
394	280	7756.8321023866
396	280	7895.0257612617
398	280	8181.01337420672
400	280	8379.59706684543
402	280	8522.95485254135
404	280	8629.30594530228
406	280	8839.55620185024
408	280	8978.36909183902
410	280	9128.33270356881
412	280	9088.59011939806
414	280	8957.05442241063
416	280	9273.78939627136
418	280	9013.24211283376
420	280	9213.91337863527
422	280	9131.3718553103
424	280	9146.62335272751
426	280	8870.40402442732
428	280	9158.32742845808
430	280	9072.71915922951
432	280	8996.03178435525
434	280	8862.22409362489
436	280	8802.74829729827
438	280	8710.53039409922
440	280	8458.15007403849
442	280	8486.38781086853
444	280	8387.48964127533
446	280	8417.154585389
448	280	8237.49921564933
450	280	8088.20933819028
452	280	7805.27797358726
454	280	7773.4264278217
456	280	7693.62225705142
458	280	7520.3170468217
460	280	7579.53751115286
462	280	7333.00900116058
464	280	7241.07352893992
466	280	7122.33370719328
468	280	7058.2795561811
470	280	6971.61410867473
472	280	6771.77726299813
474	280	6611.40536044492
476	280	6400.91230632736
478	280	6231.02878780881
480	280	6296.02100463492
482	280	6137.40878275157
484	280	5967.45475799654
486	280	5987.37643265246
488	280	5757.94924364291
490	280	5638.2774067094
492	280	5681.29163500646
494	280	5427.57172986267
496	280	5356.04164950864
498	280	5196.99574352559
500	280	5031.99143741677
502	280	4984.3493123646
504	280	4801.72730772392
506	280	4860.95014285106
508	280	4566.63233925063
510	280	4502.26631521797
512	280	4373.82130263553
514	280	4236.96933311542
516	280	4066.77857518428
518	280	3977.25223294033
520	280	3785.57392131389
522	280	3744.7151309346
524	280	3475.19997718081
526	280	3544.84985427516
528	280	3360.30076773352
530	280	3235.89890959304
532	280	3249.02567759547
534	280	3104.97798364864
536	280	2920.92983499728
538	280	2810.33708469454
540	280	2908.11400612433
542	280	2676.36725920046
544	280	2671.52640653047
546	280	3997.11530619739
548	280	10435.55786575
550	280	26737.727530243
552	280	55750.6125521687
554	280	98475.1269076148
556	280	155094.63629446
558	280	197789.19043048
560	280	213608.471308046
300	290	4123.73069413549
302	290	3223.05584787219
304	290	3302.84626915595
306	290	3561.58995611595
308	290	3647.11766136445
310	290	4211.9111764321
312	290	5569.36135481142
314	290	9451.87502580677
316	290	16637.9922015235
318	290	26677.6044461581
320	290	35398.7272182956
322	290	38267.1684914644
324	290	33616.9423048538
326	290	24916.8099322218
328	290	15933.419392938
330	290	9470.18567066477
332	290	6475.02389794493
334	290	5184.02149978923
336	290	4982.73962492699
338	290	4908.25899213168
340	290	4746.57409098385
342	290	4585.11343158689
344	290	4457.04539579933
346	290	4312.13725272143
348	290	4188.18374040436
350	290	4305.01303964453
352	290	4298.68570174089
354	290	4040.08405348217
356	290	4222.16032333789
358	290	4179.98919142741
360	290	4324.3147154421
362	290	4309.49054089274
364	290	4298.28992567863
366	290	4480.04063223673
368	290	4615.37950249795
370	290	4903.48148023715
372	290	5092.42166043967
374	290	5554.11658012369
376	290	5843.59548789271
378	290	6106.47633787824
380	290	6528.16261230148
382	290	6860.13354255491
384	290	7206.56454686334
386	290	7809.60776098756
388	290	8081.20324578467
390	290	8444.48661659609
392	290	8864.73481586645
394	290	9139.91010542936
396	290	9562.94602092316
398	290	9684.13364618811
400	290	10151.4501766299
402	290	10355.1377240361
404	290	10424.6517194499
406	290	10712.9797692735
408	290	10897.0929143165
410	290	10954.7999087722
412	290	10819.3500532224
414	290	11004.2025966036
416	290	11146.9968479463
418	290	10921.5477024521
420	290	11063.9493501741
422	290	10940.6476734944
424	290	10823.6631247036
426	290	10824.3722914966
428	290	10537.1943848449
430	290	10523.6369069872
432	290	10454.8036334562
434	290	10141.7608027608
436	290	9849.18797280749
438	290	9863.00380477547
440	290	9681.8730186273
442	290	9534.56907610047
444	290	9225.06816954389
446	290	9155.75840805846
448	290	8830.79601705479
450	290	8771.42382130123
452	290	8402.48121190011
454	290	8318.45519129924
456	290	8185.67273480423
458	290	7941.89458835724
460	290	7871.9068319845
462	290	7573.78499043578
464	290	7332.58539962489
466	290	7217.49461529914
468	290	7000.23438923421
470	290	6733.53884761731
472	290	6851.73921598063
474	290	6528.16246327783
476	290	6387.57232179024
478	290	6231.86355022887
480	290	6035.45515905066
482	290	5850.19236115863
484	290	5805.41449712996
486	290	5615.53533316697
488	290	5586.55255153061
490	290	5498.05280229208
492	290	5153.57713931143
494	290	5053.03614874739
496	290	5014.6829593998
498	290	4760.57271247059
500	290	4807.19755625714
502	290	4595.780977532
504	290	4307.29580351135
506	290	4302.54084443938
508	290	4140.04733128147
510	290	4038.70875489077
512	290	3866.67622198553
514	290	3758.1204255621
516	290	3725.02981051676
518	290	3519.6317728629
520	290	3426.86719339376
522	290	3278.3971213007
524	290	3084.54067003577
526	290	3027.22088204231
528	290	2976.49767228703
530	290	2738.71296087821
532	290	2610.6925487517
534	290	2678.86065584371
536	290	2515.50493463007
538	290	2444.63902436428
540	290	2370.15922867716
542	290	2287.27818783169
544	290	2045.33482219201
546	290	2076.71653138619
548	290	2063.14889844389
550	290	1896.87964668325
552	290	1859.82229695654
554	290	1812.05474529747
556	290	1780.75608408715
558	290	1748.91159492527
560	290	1655.21542377295
300	300	243416.197531686
302	300	211592.81629486
304	300	128941.552658615
306	300	53134.2977741731
308	300	13332.8355357931
310	300	2677.7266261333
312	300	1937.44179871289
314	300	1839.84988518871
316	300	1910.78780595674
318	300	1811.71911590917
320	300	1949.12069022187
322	300	2209.31429712928
324	300	3324.36683801187
326	300	6393.13101586695
328	300	12650.0877812907
330	300	21151.0229201062
332	300	28934.7547112746
334	300	32366.1221566247
336	300	29578.2396276993
338	300	22300.2088207746
340	300	13598.7252231144
342	300	7348.25008631855
344	300	4049.63426751612
346	300	2922.74490076355
348	300	2620.46861836592
350	300	2513.51876522096
352	300	2450.61343825538
354	300	2481.94940275525
356	300	2629.98559368114
358	300	2777.46749967
360	300	2879.43385091693
362	300	2986.78925629548
364	300	3278.69473402555
366	300	3351.83706146426
368	300	3750.27104556143
370	300	4129.11937052934
372	300	4441.37791147135
374	300	4844.99919628001
376	300	5326.22945231429
378	300	5726.70014586609
380	300	6262.87060454103
382	300	6810.53180861829
384	300	7169.34049516182
386	300	7684.67822744706
388	300	8164.99005179117
390	300	8756.3369074018
392	300	9120.61854705496
394	300	9518.13751347062
396	300	10025.0847645915
398	300	10218.6124118219
400	300	10542.0999224904
402	300	10914.0426695565
404	300	11113.5748696892
406	300	11495.8499859587
408	300	11652.6871444285
410	300	11874.4435588266
412	300	11938.4393162642
414	300	11909.5266743675
416	300	12019.7250800504
418	300	11943.5471267644
420	300	12077.1601907081
422	300	11957.2898597193
424	300	11835.9663980241
426	300	11806.7963699768
428	300	11758.2668585111
430	300	11590.2706465772
432	300	11365.8620282358
434	300	11317.1071860428
436	300	10996.1584606913
438	300	11007.3553611324
440	300	10769.4421525183
442	300	10604.662373903
444	300	10235.2169660644
446	300	10100.679917178
448	300	9901.69020051555
450	300	9706.33434683091
452	300	9491.57398049483
454	300	9251.13346730148
456	300	9071.79826679471
458	300	8712.43053155281
460	300	8637.48192685634
462	300	8353.65000489728
464	300	8232.36885194743
466	300	8079.29500380932
468	300	7863.53787487827
470	300	7628.80413610427
472	300	7484.53201810407
474	300	7064.70796533834
476	300	7035.71647484532
478	300	6839.70757670666
480	300	6615.91621578287
482	300	6455.86998120368
484	300	6232.09225456367
486	300	6164.46993853355
488	300	6058.27065789697
490	300	5817.88086700835
492	300	5662.89346196029
494	300	5546.79976565792
496	300	5356.07343382015
498	300	5278.68966491147
500	300	4942.70829490335
502	300	4942.75327183131
504	300	4750.38634271943
506	300	4625.43567302128
508	300	4424.73300835067
510	300	4208.57330314649
512	300	4164.9807290244
514	300	3963.57265270844
516	300	3851.18709990514
518	300	3717.11342862597
520	300	3592.99220578111
522	300	3361.59537248411
524	300	3227.76889378048
526	300	3129.25671086984
528	300	2949.00122980525
530	300	2832.28371018207
532	300	2733.94765997295
534	300	2599.30971450589
536	300	2493.69525053793
538	300	2430.54986389722
540	300	2370.82449127743
542	300	2194.74988427049
544	300	2171.74022267308
546	300	2035.46882096488
548	300	1965.19288055469
550	300	1895.68171688389
552	300	1793.65002021916
554	300	1647.52059008933
556	300	1622.19685690772
558	300	1525.35864388466
560	300	1461.49369372941
300	310	1237.89669910433
302	310	13218.8606434405
304	310	56439.9153663203
306	310	143288.918296587
308	310	233479.104859081
310	310	274755.487648141
312	310	232564.655460656
314	310	141594.434098889
316	310	54863.9437455856
318	310	13556.1236179535
320	310	2350.57210152005
322	310	1579.37852870065
324	310	1442.54634223886
326	310	1378.22619728878
328	310	1416.73006287261
330	310	1330.14978589051
332	310	1317.08992054354
334	310	1466.66659470604
336	310	2279.0341258875
338	310	4986.9049598759
340	310	10553.6263631437
342	310	18402.1322382389
344	310	26315.5961723037
346	310	30634.3090675058
348	310	29037.252209674
350	310	22504.1101826642
352	310	14264.4168370894
354	310	7617.90629528348
356	310	4127.04158328582
358	310	2857.076716498
360	310	2448.3059117236
362	310	2497.69967296873
364	310	2602.57181319235
366	310	2737.13516946855
368	310	2999.40254220775
370	310	3356.40525143367
372	310	3642.8166606581
374	310	3960.73885844382
376	310	4461.80155937649
378	310	4781.90822390817
380	310	5252.70811767916
382	310	5598.47513012794
384	310	6096.55624201781
386	310	6535.29074304967
388	310	6936.73139932333
390	310	7475.49045661621
392	310	7759.72736000879
394	310	8327.85114646327
396	310	8603.32862766461
398	310	8871.26166588549
400	310	9271.16297862482
402	310	9723.94413860554
404	310	9906.44232665897
406	310	10136.7019639076
408	310	10668.7710553006
410	310	10714.2541204847
412	310	10888.8368770664
414	310	11152.8673591202
416	310	11163.3637424091
418	310	11134.5596665809
420	310	11391.8785873828
422	310	11400.0492784335
424	310	11499.8841113312
426	310	11426.3290169441
428	310	11357.5451309614
430	310	11298.3415861294
432	310	11273.0225870072
434	310	11028.5584884651
436	310	11080.486849382
438	310	11013.0897741409
440	310	11065.1734555952
442	310	10703.9838697489
444	310	10381.4661947896
446	310	10396.3691103841
448	310	10397.3784423441
450	310	10306.658231615
452	310	10044.8971403491
454	310	9902.64930140803
456	310	9660.36427520513
458	310	9577.46899639672
460	310	9436.52779326346
462	310	9158.08549894018
464	310	9072.22477550963
466	310	8856.8039107897
468	310	8639.89263578385
470	310	8400.32788322219
472	310	8398.87249155327
474	310	7994.97321112889
476	310	7846.21760353376
478	310	7711.54999884506
480	310	7405.38859035123
482	310	7262.73301644291
484	310	7201.6312692132
486	310	6962.50838814894
488	310	6941.97475789444
490	310	6658.53449982608
492	310	6470.89031058772
494	310	6337.21570011706
496	310	6139.55671618835
498	310	5885.96251742855
500	310	5755.72911940865
502	310	5601.7673849773
504	310	5455.36436359463
506	310	5248.1991948269
508	310	4990.44181053644
510	310	4773.81622233507
512	310	4688.37335030869
514	310	4397.29159170492
516	310	4302.79150853493
518	310	4155.67419131616
520	310	3948.1157159098
522	310	3769.59714344755
524	310	3591.16056755473
526	310	3497.1584298806
528	310	3360.86813929791
530	310	3170.75072569719
532	310	3026.56788384049
534	310	2889.94106747496
536	310	2768.7338346424
538	310	2627.85623826364
540	310	2596.98975162121
542	310	2370.3290974555
544	310	2318.15444557056
546	310	2241.33577594928
548	310	2149.76764933705
550	310	2022.68214905139
552	310	1871.31883324744
554	310	1890.47930937383
556	310	1715.80303910335
558	310	1672.81348846073
560	310	1605.01165399624
300	320	179.945159570088
302	320	209.678919904563
304	320	217.570264643084
306	320	294.919711166156
308	320	427.12787081497
310	320	1358.9025197638
312	320	14801.6651980629
314	320	63556.5972870403
316	320	161665.706378842
318	320	263185.29629968
320	320	311330.524614454
322	320	268672.420351416
324	320	168372.911836943
326	320	70134.8075563513
328	320	18125.1260974155
330	320	2760.48271715913
332	320	1582.78447070132
334	320	1381.47680427723
336	320	1292.82606596126
338	320	1293.16561066632
340	320	1252.99616740951
342	320	1251.12988863393
344	320	1242.6365255075
346	320	1412.91907968594
348	320	2116.28201036325
350	320	4381.92152928347
352	320	9138.13338657763
354	320	16851.2808234909
356	320	24845.2267666863
358	320	29672.7027641836
360	320	29676.0266290769
362	320	24120.0016495903
364	320	16533.0921630389
366	320	9663.3067950101
368	320	5584.43996778
370	320	3756.24102786024
372	320	3353.25838295204
374	320	3328.72499346664
376	320	3472.62474628834
378	320	3655.68404435474
380	320	3908.96662505615
382	320	4212.44027790712
384	320	4551.31640455706
386	320	4963.68441029876
388	320	5125.24366909816
390	320	5402.05671991911
392	320	5773.07013938412
394	320	5959.90842808133
396	320	6301.01523111353
398	320	6647.37029569372
400	320	6914.12157775349
402	320	7262.18593989482
404	320	7480.1067245865
406	320	7592.65567082607
408	320	8042.15724248411
410	320	8168.95599676145
412	320	8376.09695686996
414	320	8612.59917391301
416	320	8699.16008476644
418	320	8852.85491665009
420	320	9078.87102601149
422	320	9181.15817475118
424	320	9337.97978690067
426	320	9354.59622528402
428	320	9476.86241774668
430	320	9512.83677209548
432	320	9641.45820100629
434	320	9644.47140696138
436	320	9602.31418283448
438	320	9713.2751228868
440	320	9508.0876675967
442	320	9630.99768195419
444	320	9469.66773171619
446	320	9502.72607883698
448	320	9589.14856803272
450	320	9347.34425414079
452	320	9301.33619470126
454	320	9269.9190663401
456	320	9192.91549087016
458	320	9075.52866041095
460	320	8947.99632381714
462	320	8832.85941687837
464	320	8725.31146715121
466	320	8562.96299463366
468	320	8466.22757865551
470	320	8269.14411411255
472	320	8192.63240094648
474	320	7776.28170265278
476	320	7678.35229973195
478	320	7646.45833062045
480	320	7401.60527632857
482	320	7151.33714518705
484	320	7054.42055591406
486	320	6981.68655145596
488	320	6794.1058278696
490	320	6596.28540211665
492	320	6310.08349017642
494	320	6259.90232003607
496	320	5991.56176948115
498	320	5877.99581064302
500	320	5747.59099626874
502	320	5614.77971324177
504	320	5341.07494760094
506	320	5202.90960975461
508	320	4986.66014202126
510	320	4712.95174223931
512	320	4583.10417825453
514	320	4490.85378781434
516	320	4303.41483164439
518	320	4161.47528289257
520	320	3970.86887749789
522	320	3822.69389768418
524	320	3630.3813296361
526	320	3459.53236618552
528	320	3299.68679203145
530	320	3150.26278105424
532	320	3056.46256862254
534	320	2917.21401983872
536	320	2747.33561432525
538	320	2688.03358742266
540	320	2505.73221767644
542	320	2368.78906079451
544	320	2296.3550863855
546	320	2165.2018132104
548	320	2098.25584552484
550	320	1941.70033475031
552	320	1898.14164057305
554	320	1801.99816838433
556	320	1713.50406042194
558	320	1679.94026621184
560	320	1527.8317333001
300	330	121.5844112505
302	330	115.536449376276
304	330	136.239344582169
306	330	158.080203638753
308	330	170.117208912564
310	330	195.631610996736
312	330	208.081697313761
314	330	258.815621943305
316	330	334.284448461711
318	330	435.529438295367
320	330	1254.7773673636
322	330	13655.2662148608
324	330	61125.1584240539
326	330	158779.580560688
328	330	271371.091842693
330	330	337329.139452138
332	330	301929.977959658
334	330	201632.624536527
336	330	89038.5842826051
338	330	23578.6995335623
340	330	3271.7987630453
342	330	1573.22080072279
344	330	1346.06399954437
346	330	1329.25627684096
348	330	1312.87294385398
350	330	1305.44189674641
352	330	1322.36344826055
354	330	1363.95350149615
356	330	1384.75716302808
358	330	1546.29738662299
360	330	2137.2693216539
362	330	3938.42254660273
364	330	7928.74322074882
366	330	14260.4938328335
368	330	21588.8647568874
370	330	27843.5466462147
372	330	29216.690714
374	330	25626.0983948372
376	330	19090.8468621296
378	330	12433.6204678629
380	330	7568.55499456089
382	330	4992.00495899113
384	330	4193.055801326
386	330	3912.73461132242
388	330	3990.74287458615
390	330	4118.28236779458
392	330	4244.89064756897
394	330	4328.64104628234
396	330	4629.36597731541
398	330	4821.39975193304
400	330	5090.55502369506
402	330	5302.01064781806
404	330	5440.17671771428
406	330	5766.00062820422
408	330	5930.0945812827
410	330	6105.24504858195
412	330	6415.97537636029
414	330	6421.19025638831
416	330	6621.08514000413
418	330	6867.74694710487
420	330	7016.38348469707
422	330	7195.85735605791
424	330	7324.27866495123
426	330	7445.05026454058
428	330	7724.18381271444
430	330	7667.51677339542
432	330	7795.19136904896
434	330	7773.62339998823
436	330	7813.65152250457
438	330	7966.1970004925
440	330	7906.29931665489
442	330	8089.06568973699
444	330	8024.7818679435
446	330	7999.5630892528
448	330	7995.69336861344
450	330	8134.50945483466
452	330	7975.75519322638
454	330	7998.90831257974
456	330	7860.05791749901
458	330	7822.78800704883
460	330	7854.17154937601
462	330	7723.71687476445
464	330	7748.59617628574
466	330	7547.65548279659
468	330	7347.29108836754
470	330	7236.0958516182
472	330	7084.02372678744
474	330	6874.43660351502
476	330	6760.81267597746
478	330	6704.48294878883
480	330	6522.17056576119
482	330	6297.73523277285
484	330	6192.63640505727
486	330	6096.14999066753
488	330	5891.04247206932
490	330	5774.29561195957
492	330	5576.02023465921
494	330	5492.95884910796
496	330	5258.84910946924
498	330	5107.85456587007
500	330	5008.38498422518
502	330	4784.33154920579
504	330	4689.63411969772
506	330	4512.63705432725
508	330	4339.90031612274
510	330	4134.1696489029
512	330	4059.74876145716
514	330	3837.26685754331
516	330	3777.86406163504
518	330	3543.59104592999
520	330	3495.33029231828
522	330	3364.33596429858
524	330	3182.74676127207
526	330	2989.79786689012
528	330	2906.77147408275
530	330	2729.61815054469
532	330	2630.77600863197
534	330	2556.59022029718
536	330	2409.79890792481
538	330	2323.63258512301
540	330	2165.14442440779
542	330	2128.00665059096
544	330	2066.44540764657
546	330	1881.70677720855
548	330	1826.0165742752
550	330	1684.616458334
552	330	1668.68106182452
554	330	1557.61552413335
556	330	1481.86672037127
558	330	1445.78207527693
560	330	1388.80820662781
300	340	90.9778015418331
302	340	94.2009425494129
304	340	101.242034868558
306	340	113.125444386991
308	340	116.007919355789
310	340	108.908339046964
312	340	113.146335164757
314	340	135.973293232288
316	340	145.149048250985
318	340	159.126165607574
320	340	167.940205991432
322	340	194.213763417046
324	340	240.365985741356
326	340	311.765048160969
328	340	413.126433531983
330	340	1299.00228446136
332	340	15273.2155919667
334	340	67178.6530211345
336	340	173038.540702097
338	340	288485.321761071
340	340	342808.364921803
342	340	303547.889129927
344	340	191103.811569725
346	340	80011.8212077921
348	340	19691.3318115301
350	340	3056.26769690777
352	340	1612.33121847091
354	340	1429.51553813222
356	340	1309.52794994428
358	340	1356.34188517738
360	340	1379.56683842098
362	340	1405.2368976208
364	340	1399.75927421859
366	340	1527.17401387361
368	340	1587.41609389576
370	340	1775.34584240912
372	340	2242.01230569351
374	340	3450.3503044598
376	340	6499.15175732984
378	340	11596.4370135017
380	340	18255.4249654874
382	340	24593.6109694602
384	340	27505.9275714084
386	340	25992.0042615501
388	340	21012.9095248194
390	340	14502.455363095
392	340	9267.9691922827
394	340	6007.13676360385
396	340	4600.90972307412
398	340	4178.33024533026
400	340	4104.63917471845
402	340	4121.37118260846
404	340	4276.23231433075
406	340	4357.98217809312
408	340	4572.74650158667
410	340	4720.28955857227
412	340	4905.98592249431
414	340	4983.03373413865
416	340	5263.24912863966
418	340	5414.73184838264
420	340	5506.11086992176
422	340	5755.38676813827
424	340	5918.16489824813
426	340	5966.27683283075
428	340	6109.54247365766
430	340	6374.84504004741
432	340	6380.15708267281
434	340	6504.08454683695
436	340	6614.85662801232
438	340	6772.7604262504
440	340	6768.14273771275
442	340	6866.91747581824
444	340	6844.70250342562
446	340	6877.30072528063
448	340	6909.96136546088
450	340	7026.44069701832
452	340	6935.33489310677
454	340	6860.85232705683
456	340	6959.0167008449
458	340	6957.58083279852
460	340	6830.45534841328
462	340	6661.37008883361
464	340	6761.12457765848
466	340	6666.09789672142
468	340	6562.18149466847
470	340	6474.64290180233
472	340	6276.85660719867
474	340	6139.95907584083
476	340	6024.43078789898
478	340	5949.20492065493
480	340	5717.45932277396
482	340	5680.72794337598
484	340	5466.94191495143
486	340	5412.81391964426
488	340	5238.73771818212
490	340	5102.86543536121
492	340	4974.68742246308
494	340	4910.38127431377
496	340	4768.64801669418
498	340	4588.05223355224
500	340	4495.18250129666
502	340	4312.29147698507
504	340	4070.03050144725
506	340	4075.95766271843
508	340	3926.21048372231
510	340	3789.09727658402
512	340	3667.62619163358
514	340	3503.06813975095
516	340	3403.41728883547
518	340	3259.77720016016
520	340	3181.04374285103
522	340	2982.24760230491
524	340	2902.70937802146
526	340	2707.15327360743
528	340	2662.69629957149
530	340	2503.90699300268
532	340	2408.93634762283
534	340	2241.56334913905
536	340	2175.52511044508
538	340	2150.76613248706
540	340	2023.5348940567
542	340	1904.14150721663
544	340	1801.04696087171
546	340	1772.61743869521
548	340	1665.37054475152
550	340	1596.47487783573
552	340	1520.87365986872
554	340	1457.09613764214
556	340	1360.0961630925
558	340	1360.45762717819
560	340	1247.11298890528
300	350	73.2876183312068
302	350	92.6895265697707
304	350	90.9515719967995
306	350	91.3480966569994
308	350	92.3345351736091
310	350	86.2453488181551
312	350	98.1984375426001
314	350	108.111675762582
316	350	111.078097015972
318	350	110.384420537947
320	350	125.806666819709
322	350	110.417548892033
324	350	142.082068032969
326	350	138.72188551366
328	350	157.12708476896
330	350	183.636643215813
332	350	199.68555249581
334	350	231.466598427382
336	350	303.183429683533
338	350	437.291328723074
340	350	1224.37184988783
342	350	14747.8041891219
344	350	69430.1615182573
346	350	182917.118426267
348	350	303990.164040972
350	350	356248.031609955
352	350	317053.328737306
354	350	198799.699557385
356	350	79860.3909525342
358	350	18940.1725270138
360	350	2746.03419398869
362	350	1668.59430117157
364	350	1417.37810126155
366	350	1326.84668410955
368	350	1413.42803543035
370	350	1444.60441550269
372	350	1515.13961068099
374	350	1605.48578154162
376	350	1609.22730234271
378	350	1718.98280600118
380	350	1800.300392262
382	350	1905.10137001192
384	350	2230.02576452514
386	350	2978.36583036227
388	350	5136.56422100419
390	350	9003.37279294266
392	350	14441.4605651926
394	350	20432.5424765149
396	350	24342.0046853412
398	350	24978.4119256365
400	350	21776.9623242259
402	350	16018.8380558794
404	350	10640.3852068524
406	350	7013.46504711976
408	350	5079.25729129155
410	350	4379.43381264047
412	350	4185.14528790469
414	350	4316.52692697411
416	350	4426.85950020491
418	350	4459.19764422774
420	350	4475.15858403653
422	350	4786.74867201081
424	350	4860.54930706301
426	350	4993.14702141396
428	350	5100.6771468399
430	350	5323.29116931484
432	350	5397.01036026752
434	350	5500.14103415606
436	350	5754.32732292542
438	350	5729.97739072387
440	350	5758.67443192095
442	350	5900.88563412251
444	350	5979.46114662586
446	350	6028.32064580814
448	350	6173.91148493426
450	350	6144.59886503158
452	350	6254.96324633198
454	350	6235.36073282764
456	350	6317.29236429837
458	350	6281.12583116577
460	350	6396.9174941758
462	350	6313.99140630445
464	350	6289.04186079212
466	350	6107.69540524206
468	350	6144.3375816922
470	350	5992.64719768423
472	350	5938.14312976141
474	350	5803.79703969989
476	350	5688.58565130365
478	350	5560.46439639599
480	350	5435.43363607852
482	350	5315.98848629792
484	350	5269.90377708668
486	350	5208.04047271734
488	350	5102.47712051631
490	350	4971.5971232244
492	350	4813.14621015055
494	350	4717.25115333408
496	350	4679.28877069486
498	350	4484.49023567871
500	350	4434.23727303862
502	350	4290.9184713657
504	350	4125.35924095634
506	350	4029.87207687595
508	350	3817.73886410079
510	350	3735.30375299663
512	350	3603.64562433577
514	350	3450.9243044488
516	350	3314.90988289587
518	350	3239.08667649836
520	350	3156.42880953152
522	350	2966.52508811333
524	350	2812.10951439882
526	350	2701.80089261072
528	350	2646.21695257696
530	350	2492.38842072
532	350	2458.93899506212
534	350	2287.50336419336
536	350	2208.47414048315
538	350	2126.39905472746
540	350	1967.85177182948
542	350	1977.85268116318
544	350	1849.1918492022
546	350	1768.09542056908
548	350	1702.52665146263
550	350	1616.45454499159
552	350	1516.3226816774
554	350	1469.49139691809
556	350	1378.40184069363
558	350	1327.54466188833
560	350	1275.42120752514
300	360	68.4394753186847
302	360	83.7289157461654
304	360	83.0068292420359
306	360	76.3862619120318
308	360	85.4560786422766
310	360	72.5799020965078
312	360	90.989926959142
314	360	92.4064499373092
316	360	97.5820948539979
318	360	101.782143780784
320	360	98.9477486749005
322	360	98.2926100257698
324	360	112.90946285717
326	360	122.992315287656
328	360	130.650363390805
330	360	122.640309052271
332	360	141.409416639957
334	360	130.313554728681
336	360	162.599158287714
338	360	156.952448391793
340	360	172.661023508095
342	360	197.688422162223
344	360	246.75087794244
346	360	312.86043121726
348	360	471.914585355863
350	360	1568.06315784505
352	360	18000.8831345322
354	360	82649.4203268674
356	360	209856.147607726
358	360	336405.824705314
360	360	390856.260030288
362	360	334592.673346579
364	360	202241.276092115
366	360	80006.6943423449
368	360	19423.2613658314
370	360	2889.46141443085
372	360	1760.19194465907
374	360	1508.40969037428
376	360	1418.4562500938
378	360	1435.98042812796
380	360	1526.55064175098
382	360	1632.25327919188
384	360	1653.445474005
386	360	1702.37957951237
388	360	1755.58346868167
390	360	1831.51330853853
392	360	1886.10636189156
394	360	2018.24216554542
396	360	2182.77195220198
398	360	2794.79111136063
400	360	4285.77186382212
402	360	7220.38115808741
404	360	11865.0862543542
406	360	17430.780153155
408	360	22062.3760693807
410	360	23375.8703060819
412	360	21688.1546755894
414	360	17430.7629354242
416	360	12267.6121695854
418	360	8186.62124596175
420	360	5845.27532829653
422	360	4730.94807321811
424	360	4560.97834633145
426	360	4520.61283568175
428	360	4528.99350118806
430	360	4682.740470629
432	360	4833.2882733947
434	360	4883.72262443713
436	360	5018.71360260625
438	360	5147.59727429854
440	360	5252.73422309899
442	360	5346.19858913747
444	360	5544.54600473517
446	360	5646.09048622958
448	360	5643.60343915539
450	360	5708.1443181155
452	360	5841.22106084749
454	360	5839.97365086268
456	360	5942.7341463463
458	360	5960.42361830291
460	360	5917.97632237374
462	360	6073.67532944977
464	360	5971.15958601041
466	360	6035.92625797475
468	360	5920.92200789519
470	360	6079.70018542512
472	360	5753.27437138094
474	360	5806.5448485294
476	360	5618.45070415716
478	360	5578.02022094771
480	360	5618.95827146683
482	360	5445.46905076258
484	360	5423.39373690022
486	360	5334.22245991904
488	360	5259.02091119485
490	360	5125.20851325467
492	360	4966.18160353096
494	360	4844.58180503405
496	360	4733.96779597466
498	360	4703.96138166848
500	360	4630.77735717883
502	360	4402.85067675856
504	360	4290.63567674923
506	360	4210.06056916651
508	360	4026.43068666462
510	360	3981.8818951097
512	360	3817.56740257427
514	360	3656.94711461538
516	360	3599.80265422517
518	360	3474.87009379293
520	360	3329.15950414168
522	360	3195.01540607351
524	360	3052.03758608498
526	360	2940.54184063957
528	360	2798.92841972408
530	360	2689.5304157673
532	360	2608.33669964081
534	360	2504.88710803954
536	360	2358.24362895041
538	360	2247.51114462436
540	360	2232.41141394891
542	360	2120.34696479805
544	360	2030.94988682362
546	360	1863.46061598754
548	360	1818.81805608515
550	360	1762.97184736491
552	360	1619.03935624125
554	360	1564.27398687812
556	360	1493.2151335518
558	360	1439.77368051632
560	360	1358.80780799649
300	370	64.5372201769919
302	370	75.0098274090609
304	370	78.4061598057428
306	370	75.393048545459
308	370	74.6638586098454
310	370	83.8456559780155
312	370	71.2902672815648
314	370	77.7504662365481
316	370	84.1823223896028
318	370	75.0727172807063
320	370	84.5268098675813
322	370	77.4005907073811
324	370	88.6119814618508
326	370	91.9492949048732
328	370	99.1571719201027
330	370	96.1270540958823
332	370	109.700254149172
334	370	109.027334804058
336	370	111.710641452122
338	370	125.707214208978
340	370	119.147321271686
342	370	134.803530825467
344	370	133.090749062777
346	370	157.884171467435
348	370	170.75499067461
350	370	185.971250292935
352	370	214.517481524378
354	370	251.547934780538
356	370	353.120897396736
358	370	538.166953228166
360	370	1892.22511376698
362	370	21347.9083870391
364	370	91125.704568941
366	370	223143.874307224
368	370	349515.382627069
370	370	403668.331912275
372	370	339026.118297288
374	370	205291.642290145
376	370	80156.6750964893
378	370	18897.1195990805
380	370	2913.74211197155
382	370	1845.86899009191
384	370	1543.84230884792
386	370	1385.00369221843
388	370	1338.73426136963
390	370	1423.65493538387
392	370	1479.08834885461
394	370	1649.64095663579
396	370	1613.0357552042
398	370	1637.9424725171
400	370	1678.17310655711
402	370	1795.86724551845
404	370	1865.21448923026
406	370	1969.56323376707
408	370	2160.29559573478
410	370	2576.72145312672
412	370	3644.92365253709
414	370	5728.90405559868
416	370	9197.33848244735
418	370	13653.3466212191
420	370	17883.739036423
422	370	20702.6006467342
424	370	20438.7745497375
426	370	17682.7481775114
428	370	13413.6758707314
430	370	9538.34038000165
432	370	6732.22516882266
434	370	5267.54233676809
436	370	4663.77510765095
438	370	4576.24771300933
440	370	4606.72248460128
442	370	4681.59137046257
444	370	4694.10281610248
446	370	4800.0360487219
448	370	4850.99660652074
450	370	4995.74199750876
452	370	5112.66652612963
454	370	5173.12335564923
456	370	5187.30001107313
458	370	5259.84255370363
460	370	5231.58525035489
462	370	5419.05920782435
464	370	5447.42138960546
466	370	5408.18118638484
468	370	5508.2655197716
470	370	5321.49628527132
472	370	5461.88933619237
474	370	5296.87027258553
476	370	5276.55582653739
478	370	5181.9483018325
480	370	5204.94141301688
482	370	5113.61352941284
484	370	5117.73881521748
486	370	4994.88039979768
488	370	4927.40587871187
490	370	4887.80262196921
492	370	4829.82577536864
494	370	4762.7755748356
496	370	4697.08485926295
498	370	4575.65315498644
500	370	4552.70306484295
502	370	4399.19149550387
504	370	4285.00865223701
506	370	4160.99692570279
508	370	4082.56543148521
510	370	3897.98158247629
512	370	3888.99806225265
514	370	3674.57706657047
516	370	3541.42525230266
518	370	3473.58522989324
520	370	3343.66259883279
522	370	3269.21744628944
524	370	3076.63265358136
526	370	2931.57264949661
528	370	2884.18933009628
530	370	2782.08950740963
532	370	2674.74243269865
534	370	2533.66772740624
536	370	2393.68438226218
538	370	2350.09993137334
540	370	2201.59584136189
542	370	2109.65211372549
544	370	2010.4726586165
546	370	1912.43805841992
548	370	1838.09217324058
550	370	1811.37537657537
552	370	1730.7027528738
554	370	1620.9534611922
556	370	1525.51750068188
558	370	1474.97193705862
560	370	1392.55986171152
300	380	56.5598676663047
302	380	58.0799336683269
304	380	58.6699867777715
306	380	61.4038834062283
308	380	57.7903776465522
310	380	57.759984166936
312	380	61.706686910817
314	380	65.930124717061
316	380	55.6530088652382
318	380	70.4463668869939
320	380	74.7129679580613
322	380	71.9842397642674
324	380	66.8419064122547
326	380	71.367973413727
328	380	79.5449434444928
330	380	70.1645248168973
332	380	77.6884146395677
334	380	78.9254825540321
336	380	75.9485015196925
338	380	82.5243808638619
340	380	91.3332514639064
342	380	88.8837168154952
344	380	92.8517563542756
346	380	98.890813408792
348	380	102.194398347708
350	380	114.295409970525
352	380	111.949040657406
354	380	122.719994317056
356	380	123.43822736591
358	380	153.976052798838
360	380	160.887663061797
362	380	187.376660764973
364	380	228.480500382608
366	380	305.422386646307
368	380	477.568040366932
370	380	1752.29812717707
372	380	19746.7428430518
374	380	79500.3089443925
376	380	201356.001618785
378	380	307623.645600198
380	380	354992.271897923
382	380	313095.492364822
384	380	196826.729903837
386	380	80831.2760511128
388	380	19845.5449193185
390	380	2881.99460080072
392	380	1567.25730307101
394	380	1336.53798834504
396	380	1158.66978791674
398	380	1142.76482709129
400	380	1177.09583030894
402	380	1222.27936611904
404	380	1273.92145928414
406	380	1413.97092100273
408	380	1431.63231654099
410	380	1477.61417972481
412	380	1576.92553403361
414	380	1647.42309871675
416	380	1745.9205485649
418	380	1791.01909244106
420	380	1946.3317525803
422	380	2229.03546693211
424	380	2781.33079159178
426	380	3974.0011202369
428	380	6085.50965283585
430	380	8987.20894990553
432	380	12369.1284994208
434	380	15085.1482440502
436	380	16419.8909780062
438	380	15554.0796788682
440	380	13171.5785230761
442	380	9905.85940826655
444	380	7201.44028830152
446	380	5387.30876832681
448	380	4402.10253963158
450	380	4114.31937914733
452	380	4090.33619100044
454	380	4072.66966261698
456	380	4049.49540289584
458	380	4085.97592083215
460	380	4196.74554140566
462	380	4177.03734686963
464	380	4219.93537652964
466	380	4234.56623058788
468	380	4296.86152847011
470	380	4361.81965414814
472	380	4380.76476518005
474	380	4337.8572660313
476	380	4332.08294890097
478	380	4312.85428090022
480	380	4187.73943831831
482	380	4273.20495759564
484	380	4209.18173332752
486	380	4164.07486683719
488	380	4140.87764560541
490	380	4113.81013502408
492	380	4190.15781891455
494	380	4040.71379865607
496	380	4022.95910282591
498	380	3960.00656275898
500	380	3853.27288486572
502	380	3847.52727106869
504	380	3687.24597791758
506	380	3641.94711191746
508	380	3626.32030826468
510	380	3525.14655494131
512	380	3471.29178333543
514	380	3259.87708840429
516	380	3193.24969316803
518	380	3059.34294192889
520	380	2917.60080822889
522	380	2880.94366755187
524	380	2801.49405539964
526	380	2638.70255835891
528	380	2537.62214634801
530	380	2464.51937270595
532	380	2362.64611767087
534	380	2249.75216081341
536	380	2152.22583320363
538	380	2098.49069194549
540	380	1997.1537559986
542	380	1937.1895288634
544	380	1835.49530173849
546	380	1734.7211863449
548	380	1671.43041299028
550	380	1564.44961256972
552	380	1515.75342007137
554	380	1484.1496453689
556	380	1397.45677421438
558	380	1311.12597049764
560	380	1235.51979889666
300	390	55.7546088815114
302	390	43.2122828322808
304	390	45.594613729351
306	390	49.3391260242842
308	390	47.9974496680672
310	390	43.4678862306976
312	390	46.1511760897781
314	390	55.7258049092323
316	390	50.4379181469045
318	390	55.2175923631928
320	390	54.1772325227027
322	390	50.4514955692351
324	390	57.3612267016925
326	390	55.7493602550444
328	390	53.8731769135851
330	390	68.8307214806948
332	390	62.170784452799
334	390	59.788395829592
336	390	65.3668118030114
338	390	65.8748252987621
340	390	65.6193764615639
342	390	65.0607662743029
344	390	68.2849640157587
346	390	73.374850166513
348	390	79.2741265680232
350	390	79.5369580053451
352	390	89.4092091059261
354	390	84.8446723654205
356	390	88.5590778804441
358	390	83.3015037790276
360	390	95.8418092916068
362	390	109.7147129045
364	390	111.840406007621
366	390	119.53603244283
368	390	118.752736938837
370	390	133.98713067389
372	390	181.900474505926
374	390	202.282872532035
376	390	273.809469487118
378	390	425.16556161289
380	390	1148.2719815999
382	390	13420.7867820288
384	390	62881.711720784
386	390	161508.76105977
388	390	268409.679275077
390	390	324044.040563324
392	390	285738.026566
394	390	185125.477412247
396	390	77822.063337609
398	390	19526.825851984
400	390	2540.50207663762
402	390	1348.86323850851
404	390	1138.52465468574
406	390	1029.28277368549
408	390	980.824613869838
410	390	1026.00624290924
412	390	1059.61319600837
414	390	1159.80090275659
416	390	1219.01916144544
418	390	1302.00030442501
420	390	1334.13986749357
422	390	1353.0368302625
424	390	1397.71730706557
426	390	1540.21017394003
428	390	1620.29677379209
430	390	1673.47732684508
432	390	1794.03195428079
434	390	1866.77392563456
436	390	2213.5398414423
438	390	2829.14400515814
440	390	3923.89729839689
442	390	5756.31517689129
444	390	7965.66853244365
446	390	10479.8658863144
448	390	12107.8122614684
450	390	12723.126685571
452	390	11664.3270877596
454	390	9584.57886880958
456	390	7185.92884126458
458	390	5310.45836695618
460	390	4060.70748990539
462	390	3613.42812243663
464	390	3466.50246821062
466	390	3294.50880209747
468	390	3385.82162336752
470	390	3370.46101640936
472	390	3394.33131755828
474	390	3345.84978768548
476	390	3321.43955230104
478	390	3396.5933260823
480	390	3326.55531948846
482	390	3357.18255755499
484	390	3447.56141878159
486	390	3390.87448835705
488	390	3383.67947517327
490	390	3409.1210244228
492	390	3362.36640856726
494	390	3339.82446193053
496	390	3250.27214776748
498	390	3240.88570295043
500	390	3265.34816141462
502	390	3207.30997924527
504	390	3195.2103257615
506	390	3089.44078493661
508	390	2969.91615916628
510	390	3000.75626197032
512	390	2906.16890428933
514	390	2755.45694602684
516	390	2774.0255099896
518	390	2617.65249632289
520	390	2603.72326561291
522	390	2521.17324234817
524	390	2404.91132987654
526	390	2265.59158915414
528	390	2219.29842979145
530	390	2174.58636445273
532	390	2094.14426297664
534	390	1986.41878366549
536	390	1886.04756412636
538	390	1843.10791421379
540	390	1710.05715600876
542	390	1671.61954507967
544	390	1624.81851160757
546	390	1578.13762578997
548	390	1450.29976554845
550	390	1423.892764107
552	390	1318.7727875255
554	390	1271.23683280051
556	390	1201.82237255928
558	390	1163.57386038722
560	390	1086.05890474399
300	400	41.8284971975971
302	400	40.1935452905727
304	400	39.4689006041534
306	400	40.3813041601122
308	400	46.1130099934482
310	400	40.8582269269863
312	400	40.4134060135853
314	400	47.5783721909468
316	400	48.2852781970396
318	400	41.5979187667628
320	400	43.5147895302148
322	400	42.5468744809575
324	400	47.7789667629149
326	400	47.7688415414058
328	400	48.0036711611383
330	400	41.5945765347176
332	400	48.4951125426914
334	400	49.1961423491085
336	400	51.0995148890678
338	400	53.0000963434736
340	400	47.7798249578643
342	400	51.117401102105
344	400	55.6202661374089
346	400	57.9736724634939
348	400	53.7130827030798
350	400	52.9716295108455
352	400	62.9707197602486
354	400	62.0165509959777
356	400	60.6234017375486
358	400	61.5513537280668
360	400	70.3659062558943
362	400	71.5743979392162
364	400	76.299900261668
366	400	77.4367856355958
368	400	75.1264602419685
370	400	86.9553849081994
372	400	88.4379341815532
374	400	97.3188434045752
376	400	116.42788286724
378	400	123.13057751285
380	400	133.47517548531
382	400	147.0644780725
384	400	171.084334050477
386	400	230.325726074109
388	400	352.143548374757
390	400	908.368802214871
392	400	11476.8961255147
394	400	55449.3389553143
396	400	147261.231815633
398	400	245961.515890286
400	400	293032.742698501
402	400	250030.471294672
404	400	155450.904593198
406	400	62082.7087605784
408	400	14215.4501504444
410	400	2005.52824784061
412	400	1164.68564090013
414	400	978.829454621554
416	400	875.459380299552
418	400	873.613498518031
420	400	892.264815877112
422	400	959.100742272239
424	400	973.973497910083
426	400	1045.60613026042
428	400	1093.09673077719
430	400	1158.19646834912
432	400	1220.78660186688
434	400	1245.74916807181
436	400	1286.54402798817
438	400	1364.15481385162
440	400	1404.94160784169
442	400	1551.22952814279
444	400	1564.36022833332
446	400	1665.54999495403
448	400	1830.14077386557
450	400	2137.38853304725
452	400	2734.98511266562
454	400	3811.95209934034
456	400	5356.62023729632
458	400	7089.75850207109
460	400	8725.24785678922
462	400	9554.52260686723
464	400	9626.9798785806
466	400	8464.6321584975
468	400	6870.01621167439
470	400	5197.27243158585
472	400	3936.19628481524
474	400	3179.06681016467
476	400	2878.90151849786
478	400	2779.66300620023
480	400	2778.6852079808
482	400	2749.8638004791
484	400	2777.80915873087
486	400	2698.28944535133
488	400	2758.96772963427
490	400	2803.21785273918
492	400	2829.97956170128
494	400	2785.01732539381
496	400	2773.75670288941
498	400	2742.17551538866
500	400	2730.22954171581
502	400	2751.08626334911
504	400	2642.00320997637
506	400	2619.23272952376
508	400	2636.72526665757
510	400	2564.40620491347
512	400	2511.55908410563
514	400	2416.07454805694
516	400	2421.42961996448
518	400	2339.27686412355
520	400	2243.10654634459
522	400	2212.6416604852
524	400	2145.47090071129
526	400	2036.11059829444
528	400	2037.56726489745
530	400	1917.13907658681
532	400	1850.86288479972
534	400	1804.17270813393
536	400	1739.4788638301
538	400	1617.87838378573
540	400	1567.95022791044
542	400	1527.5895631374
544	400	1455.14144014784
546	400	1371.83443209434
548	400	1319.23952919509
550	400	1231.47416125229
552	400	1186.7062168277
554	400	1144.28518472511
556	400	1103.20849188939
558	400	1030.94209276167
560	400	959.738538311637
300	410	33.8291834886363
302	410	38.3821624544929
304	410	36.7868958519208
306	410	40.1812774479146
308	410	40.8184506814987
310	410	38.5530202750278
312	410	36.7530322312379
314	410	34.4758389067763
316	410	37.8790993546893
318	410	35.6401468475262
320	410	42.2091952576897
322	410	39.9456692915701
324	410	41.9960839953563
326	410	40.1453409699123
328	410	42.4505734382033
330	410	37.9084179766999
332	410	43.8058889229555
334	410	42.4667945822604
336	410	41.9922424632261
338	410	46.9653946807914
340	410	42.884899385178
342	410	50.3714084444923
344	410	52.1998367155176
346	410	47.6504886321931
348	410	48.5178560432028
350	410	50.5123344656045
352	410	45.797560062711
354	410	50.5945950763898
356	410	50.8416950660263
358	410	48.574791038209
360	410	56.7092970790893
362	410	52.8774687414395
364	410	52.6428253574919
366	410	54.9173830621137
368	410	64.4662979569793
370	410	63.3424255758995
372	410	61.2553099621292
374	410	65.8365022881711
376	410	61.2960388848989
378	410	65.3547795433387
380	410	76.2627398188902
382	410	83.958269250083
384	410	89.8316591234442
386	410	85.8587798389349
388	410	100.776409510353
390	410	115.74024026318
392	410	126.478586124131
394	410	148.448023811126
396	410	222.853309963264
398	410	326.152259672248
400	410	809.65478902763
402	410	10717.0407171015
404	410	50534.4239405217
406	410	130075.594952492
408	410	212171.005252905
410	410	249598.790763363
412	410	213405.782890537
414	410	131650.033357601
416	410	50300.9705520474
418	410	11294.3918923508
420	410	1543.15910807004
422	410	991.910640226732
424	410	856.099413293189
426	410	803.393595772268
428	410	744.098335984411
430	410	714.359324109468
432	410	758.462121032468
434	410	824.722381860195
436	410	870.126049550788
438	410	926.897726657372
440	410	1006.49236864502
442	410	1053.87233492605
444	410	1032.35108485766
446	410	1109.61224040927
448	410	1169.39586858815
450	410	1213.2288164704
452	410	1297.1962242507
454	410	1337.69378902047
456	410	1370.71489812654
458	410	1427.50432679598
460	410	1560.23691595752
462	410	1707.8957665588
464	410	2068.78487753713
466	410	2630.72013964651
468	410	3548.25773067496
470	410	4827.58651808763
472	410	6099.77329342548
474	410	7110.99007904053
476	410	7530.15124310632
478	410	7181.2115779586
480	410	6350.86112041634
482	410	5086.19836934877
484	410	3923.69183691545
486	410	3107.80541520837
488	410	2649.33589616339
490	410	2507.16293156596
492	410	2387.51664550762
494	410	2387.77649374134
496	410	2348.80842584776
498	410	2306.45999983155
500	410	2335.81391460154
502	410	2328.84920056929
504	410	2301.62598430947
506	410	2304.70906141164
508	410	2242.27321759287
510	410	2174.85956196085
512	410	2110.82801683783
514	410	2133.78799414225
516	410	2094.53622470094
518	410	2028.85034302774
520	410	2002.95045235966
522	410	1959.97886767193
524	410	1864.61550001103
526	410	1839.53036076775
528	410	1748.85027668076
530	410	1717.64421189224
532	410	1653.7397838771
534	410	1579.99510328139
536	410	1480.62659397476
538	410	1433.03455299738
540	410	1393.09091541743
542	410	1309.78762683703
544	410	1276.60367543849
546	410	1206.53744406867
548	410	1148.32658113207
550	410	1093.09089762189
552	410	1021.3477633893
554	410	958.306413143596
556	410	963.438173845057
558	410	902.594534014125
560	410	830.73136414212
300	420	35.7742830446202
302	420	27.1093595104177
304	420	34.9322393815689
306	420	36.005170686711
308	420	33.1869346884609
310	420	32.1038555806456
312	420	35.1210650318172
314	420	33.6372991090436
316	420	29.510187985819
318	420	31.6615047943884
320	420	34.7322407777196
322	420	37.5244725308182
324	420	36.6747804852253
326	420	31.4655320457874
328	420	42.7398718949191
330	420	38.3933460393269
332	420	42.7241542614559
334	420	31.8608359901148
336	420	39.236938674845
338	420	35.5615896993978
340	420	38.3681305145659
342	420	45.11186086124
344	420	40.5651467303688
346	420	35.1384440720776
348	420	37.3093822258534
350	420	36.4391104963382
352	420	47.0734377668574
354	420	42.0725666596742
356	420	46.6410069554235
358	420	40.9847821096101
360	420	42.3009525663224
362	420	42.6942846786118
364	420	40.9974891720805
366	420	45.9646090798229
368	420	49.4352175548298
370	420	52.0294763252783
372	420	54.2319268151063
374	420	56.5914086968378
376	420	47.9453249437056
378	420	56.8020684746032
380	420	64.3913948128477
382	420	64.1903137290409
384	420	58.1402235595004
386	420	59.2424912815835
388	420	64.6557370128994
390	420	66.3366321484889
392	420	78.0905590323407
394	420	76.338734136861
396	420	78.2849902134455
398	420	87.6249023476935
400	420	94.1012662888411
402	420	122.951624988515
404	420	145.777979068313
406	420	199.466349121912
408	420	301.924932061317
410	420	862.576825734142
412	420	10901.3960790193
414	420	48838.3783851187
416	420	122662.74538224
418	420	199515.963108306
420	420	226955.849463992
422	420	188412.017424325
424	420	112928.957620944
426	420	42815.6618913792
428	420	9395.34245205228
430	420	1318.59109736979
432	420	890.991720929086
434	420	737.06837437718
436	420	673.377493358052
438	420	655.808391781187
440	420	651.136288220326
442	420	655.5701220136
444	420	693.704446806293
446	420	744.017940796182
448	420	798.852580671239
450	420	874.348270602614
452	420	902.002037897396
454	420	921.338270567487
456	420	960.774825116147
458	420	986.57101869358
460	420	1076.40669384555
462	420	1089.21150726832
464	420	1142.83633200528
466	420	1165.257898576
468	420	1230.21289942498
470	420	1246.04803887294
472	420	1370.53084736959
474	420	1472.88276030879
476	420	1589.14311374708
478	420	1937.54542972915
480	420	2497.28021851715
482	420	3300.38026070528
484	420	4204.69536573297
486	420	5152.48487877409
488	420	5735.26931027392
490	420	5960.84936019272
492	420	5682.933959863
494	420	5005.69303573382
496	420	4090.96050168034
498	420	3159.06477707886
500	420	2513.1791166776
502	420	2183.91639854453
504	420	2007.54494597227
506	420	1983.77423134905
508	420	1922.0809486204
510	420	1936.43337981853
512	420	1854.50299835333
514	420	1819.71340437716
516	420	1800.25160799771
518	420	1710.58703024289
520	420	1705.70467015454
522	420	1685.59397911516
524	420	1606.29658399076
526	420	1565.05973270938
528	420	1495.59510402842
530	420	1459.44339625041
532	420	1413.42741707986
534	420	1379.1050407234
536	420	1318.28298509557
538	420	1243.33421302097
540	420	1196.11870773262
542	420	1138.5872206373
544	420	1110.85074706569
546	420	1018.03034546455
548	420	990.035026377014
550	420	946.88837710821
552	420	912.789968943339
554	420	878.444529722944
556	420	821.985036930015
558	420	767.364162826804
560	420	746.83606565047
300	430	34.7569295447094
302	430	32.7967080548149
304	430	29.9309555876741
306	430	33.2313494970161
308	430	30.8116291991827
310	430	32.9894923175237
312	430	33.8766882928715
314	430	31.9021860045944
316	430	39.7928647981058
318	430	35.137026137088
320	430	34.9624631423477
322	430	34.9387694530892
324	430	37.1343934395276
326	430	37.8096340489362
328	430	32.3349535801849
330	430	37.1518298785708
332	430	39.7943729540045
334	430	38.1930039608161
336	430	34.9512208134988
338	430	35.1833560942234
340	430	33.8549397982909
342	430	40.9052154108295
344	430	34.5254875519829
346	430	35.1841802450037
348	430	35.8544853178769
350	430	38.9048356931885
352	430	42.1674830596556
354	430	39.9817832462222
356	430	36.9231090084585
358	430	39.0994102916886
360	430	40.2124022728364
362	430	38.2607340999036
364	430	40.6594786245178
366	430	38.6942658217996
368	430	42.2023924072072
370	430	40.6352473942014
372	430	48.2929147063192
374	430	44.5618910623956
376	430	45.2338629239742
378	430	46.1028698700105
380	430	47.0005298674528
382	430	45.8804401929793
384	430	49.8420886761378
386	430	55.9362144123834
388	430	58.0609013315867
390	430	57.9175792633247
392	430	54.3580807624513
394	430	52.0896098323988
396	430	61.7184650037652
398	430	65.5251131835132
400	430	69.003104949473
402	430	63.2453536784421
404	430	77.2268991411112
406	430	79.2938247125761
408	430	89.2855762539029
410	430	97.9300594001258
412	430	110.860088144029
414	430	137.579700699021
416	430	188.02667196589
418	430	277.841291871938
420	430	837.314464480004
422	430	9897.10333629716
424	430	44305.9158005248
426	430	113458.391980222
428	430	182952.775733508
430	430	210055.151106511
432	430	176983.242763866
434	430	107993.405817449
436	430	41118.9333972864
438	430	9673.55007795542
440	430	1292.84672096907
442	430	800.900534912166
444	430	652.638045254515
446	430	630.437478526213
448	430	584.948575973664
450	430	575.091782309223
452	430	575.467336072268
454	430	596.373970724072
456	430	661.856695200385
458	430	687.424665070058
460	430	755.88880283621
462	430	764.772733396116
464	430	809.448856636299
466	430	834.454876098018
468	430	872.151956272623
470	430	910.949879175584
472	430	929.232184311636
474	430	980.904042109704
476	430	990.568133158895
478	430	1028.9779580337
480	430	1083.28361601215
482	430	1080.40571752094
484	430	1169.05887215806
486	430	1227.90013286772
488	430	1320.09959642611
490	430	1446.99848000653
492	430	1773.41288871182
494	430	2204.17465809362
496	430	2749.27165835524
498	430	3464.75416675143
500	430	4104.88920794323
502	430	4512.90500738901
504	430	4568.89309000878
506	430	4379.84811057185
508	430	3776.51527473342
510	430	3081.31642308578
512	430	2406.43403941313
514	430	1942.00811957352
516	430	1627.96857137605
518	430	1494.67342544401
520	430	1420.79868315619
522	430	1386.48947407838
524	430	1317.41722705976
526	430	1275.17801216186
528	430	1240.90961568302
530	430	1207.30830146788
532	430	1174.88909407237
534	430	1102.03445799109
536	430	1057.29069881384
538	430	997.571743191632
540	430	960.661707228271
542	430	947.930530524437
544	430	868.794075231648
546	430	866.513214051023
548	430	824.403877759961
550	430	810.46753496938
552	430	750.831595415699
554	430	718.343072039176
556	430	694.144042282871
558	430	656.099265754642
560	430	598.216654601715
300	440	28.588781725264
302	440	26.7064318209475
304	440	33.6143700417556
306	440	31.711324496356
308	440	28.1614859107768
310	440	30.6555246073
312	440	31.9191126476694
314	440	34.0060481806736
316	440	28.3894383932389
318	440	27.5471077696545
320	440	30.4888661135747
322	440	29.6375229173952
324	440	27.3377479893745
326	440	33.988338802776
328	440	29.1899666899551
330	440	27.3305424848577
332	440	35.6822667193721
334	440	36.9519602487893
336	440	33.3914132172293
338	440	31.3211712879024
340	440	33.1827170114242
342	440	29.0126130896874
344	440	35.2754231310413
346	440	32.5532974588316
348	440	33.8178580760668
350	440	32.1504068827648
352	440	36.7304591879167
354	440	32.5528272917534
356	440	33.3865046642278
358	440	34.0078126209832
360	440	32.7714944417781
362	440	32.3515315220065
364	440	40.2794148733754
366	440	39.2684017908564
368	440	38.8189980336948
370	440	36.1281559217444
372	440	32.3614510024612
374	440	35.2765948921632
376	440	37.1563014594294
378	440	37.5813223553111
380	440	29.6346530061226
382	440	42.5717605801855
384	440	38.4075120490768
386	440	44.4316898636173
388	440	38.1909415832898
390	440	44.6597394786335
392	440	46.1144005224549
394	440	48.4245278186684
396	440	46.1242596589985
398	440	53.405207982769
400	440	46.3353104446862
402	440	44.6492791918661
404	440	51.9666237721862
406	440	53.8624456057982
408	440	59.7038284655767
410	440	54.4715149677395
412	440	54.5039618038148
414	440	68.8727009736419
416	440	73.2747678680072
418	440	78.8806053518575
420	440	85.5925796292614
422	440	109.140375474438
424	440	113.752627614667
426	440	177.881469145155
428	440	243.510224673399
430	440	701.382368831852
432	440	8701.97238330467
434	440	39327.7665555835
436	440	97838.8878324566
438	440	158543.735224197
440	440	187120.500112592
442	440	159972.816537226
444	440	98912.567710193
446	440	39611.9777990275
448	440	9855.76504155657
450	440	1300.79161425898
452	440	666.430389185992
454	440	591.933149120569
456	440	543.190209748679
458	440	517.102849823967
460	440	505.436982216281
462	440	520.976418880462
464	440	513.469197715603
466	440	545.051846382647
468	440	565.307220279327
470	440	611.85200891653
472	440	663.814948364452
474	440	680.381365395367
476	440	664.38461454826
478	440	714.225371659667
480	440	728.52669516226
482	440	766.259204722613
484	440	795.1456795658
486	440	803.819143928486
488	440	830.611178949964
490	440	871.635401125729
492	440	899.252032562793
494	440	936.639861411217
496	440	937.862254213382
498	440	984.138450596394
500	440	977.317863967562
502	440	1057.3339737589
504	440	1191.32466656787
506	440	1417.60250696601
508	440	1710.83888870461
510	440	2138.22120508484
512	440	2623.8308449026
514	440	3055.02464885476
516	440	3444.38113171653
518	440	3414.74201343806
520	440	3148.42450334866
522	440	2696.49175053694
524	440	2143.63684386238
526	440	1646.19103796234
528	440	1293.41941723755
530	440	1062.55387343495
532	440	957.854033184494
534	440	914.253490635126
536	440	847.239344610244
538	440	789.126652288492
540	440	782.597321233891
542	440	745.89217887112
544	440	713.276000871412
546	440	671.312313243828
548	440	630.074002104616
550	440	605.519604679257
552	440	622.587705536229
554	440	584.832986719672
556	440	552.233611651291
558	440	543.630524750583
560	440	499.832114321961
300	450	27.8927844946305
302	450	28.4603187081567
304	450	25.0607544091664
306	450	28.2588661340242
308	450	26.5711743789217
310	450	28.2551696220948
312	450	27.1293072056763
314	450	29.9520254256105
316	450	28.0778159857915
318	450	29.007683891798
320	450	25.6160758110919
322	450	27.882418275068
324	450	28.2626073612232
326	450	27.6863891210418
328	450	31.2837289162049
330	450	27.3077456541856
332	450	29.0080309277458
334	450	30.5274022854857
336	450	33.1452339895762
338	450	28.6348842351411
340	450	30.7185349058956
342	450	31.8518791015065
344	450	29.3938957553486
346	450	28.2791323467247
348	450	29.1888027086071
350	450	27.3346402638827
352	450	25.6266128005119
354	450	30.3246738106171
356	450	29.2254441780741
358	450	32.3994248423178
360	450	26.1897855375764
362	450	29.4050377957166
364	450	29.5895449312121
366	450	35.037886672637
368	450	35.6074724715007
370	450	33.3542551380927
372	450	31.8334122880055
374	450	31.4638542370462
376	450	30.1507193413442
378	450	33.9258630382825
380	450	35.7930861546647
382	450	34.3131996047686
384	450	34.8621524856187
386	450	31.6397002489408
388	450	36.392820382156
390	450	39.568987551431
392	450	39.5953561180042
394	450	35.0426535553897
396	450	39.0182671757939
398	450	38.9954603511716
400	450	49.3475296165674
402	450	50.2884204119653
404	450	45.7589396853143
406	450	57.4536557453746
408	450	55.7929712596641
410	450	50.8954615018608
412	450	50.5063597866344
414	450	51.2386065335509
416	450	55.766423494427
418	450	53.8662024234923
420	450	55.7574509579788
422	450	65.7721628139133
424	450	70.1364157262397
426	450	73.8775354917684
428	450	79.2095433974785
430	450	95.5527497401447
432	450	103.099594545457
434	450	142.966105092897
436	450	171.588712425949
438	450	273.57370518296
440	450	529.744454912809
442	450	7551.37406331678
444	450	38016.1976816867
446	450	101745.814156815
448	450	168591.508046406
450	450	194228.394812777
452	450	166532.436612914
454	450	95915.0834763788
456	450	35347.4085971798
458	450	7437.60438761331
460	450	1025.28805058386
462	450	576.293091117515
464	450	503.849883991664
466	450	453.89653170074
468	450	462.21251617663
470	450	445.879837744341
472	450	431.461682865633
474	450	421.137036173985
476	450	434.219892838182
478	450	423.380282939784
480	450	462.446400844142
482	450	514.060674424034
484	450	522.290343928239
486	450	539.018464599905
488	450	563.392731474947
490	450	570.260961256091
492	450	594.535798537513
494	450	596.713651071379
496	450	617.497754504912
498	450	648.750339767287
500	450	658.595206201323
502	450	640.550295282507
504	450	650.84866494876
506	450	650.940905615022
508	450	681.940775742808
510	450	673.884267566431
512	450	689.940284389762
514	450	708.20088568951
516	450	769.156225046227
518	450	832.67230769734
520	450	993.318504347443
522	450	1243.52327776504
524	450	1538.51857466587
526	450	1963.08481086773
528	450	2223.48192537902
530	450	2414.16666190893
532	450	2382.76117391232
534	450	2211.68870959985
536	450	1863.00566056118
538	450	1508.80555763301
540	450	1120.47300824926
542	450	808.378075633942
544	450	663.685926239395
546	450	571.740032014211
548	450	529.308677421056
550	450	499.343523501271
552	450	469.441165225501
554	450	441.973652940446
556	450	397.396440772661
558	450	391.732549674776
560	450	393.588276205556
