EM wavelength	EX wavelength	S1c/R1c
nm	nm	CPS / MicroAmps
300	240	133683.582832664
302	240	139162.416788313
304	240	141442.101775912
306	240	152277.573796545
308	240	166155.513486544
310	240	154539.629136197
312	240	145170.86676701
314	240	131663.021157431
316	240	125036.622711015
318	240	123651.857514339
320	240	119576.870184698
322	240	114981.940909849
324	240	118866.955784004
326	240	109664.96718968
328	240	105811.131528156
330	240	96125.0270327798
332	240	90380.0198292005
334	240	92145.6501973324
336	240	75371.5230192903
338	240	72470.7495528784
340	240	69387.0955008393
342	240	56478.2050430486
344	240	55081.425734685
346	240	49967.6181013679
348	240	47195.9336079285
350	240	40691.2625644445
352	240	41595.1552894778
354	240	40162.6570880087
356	240	34591.1751344194
358	240	35171.2892533981
360	240	37619.4077046989
362	240	34838.1864986503
364	240	33176.2642763966
366	240	32250.0008903736
368	240	31958.8963348299
370	240	32575.3058100435
372	240	33093.3379838222
374	240	29609.3623099461
376	240	30771.9541371455
378	240	32309.7474152091
380	240	33103.5970260981
382	240	33231.2296992432
384	240	35362.8749666965
386	240	33479.3307255907
388	240	32251.1635757876
390	240	36147.2288832221
392	240	37097.4839599617
394	240	40710.79057828
396	240	38925.5831142945
398	240	43708.4674021785
400	240	44176.4519807697
402	240	42988.6572695802
404	240	41621.519768945
406	240	43731.9244465747
408	240	41308.5343010726
410	240	44402.0731188876
412	240	42746.8293850897
414	240	42346.8670229644
416	240	43629.9128265646
418	240	44774.1166762873
420	240	42364.5730984034
422	240	40912.3017943798
424	240	40510.4374960662
426	240	42037.8917861569
428	240	41219.459903581
430	240	39232.845644012
432	240	41011.4179215756
434	240	41249.2997558305
436	240	40467.9339771169
438	240	39031.6782167052
440	240	38098.0867588529
442	240	37494.6684742163
444	240	36762.0349117222
446	240	36776.8564703717
448	240	34905.4790790331
450	240	35828.6090132139
452	240	33252.0712289912
454	240	31966.2783961917
456	240	31196.4420529523
458	240	32092.0429915301
460	240	30252.199570832
462	240	32844.4441835673
464	240	33901.1851402206
466	240	33677.8554602138
468	240	38514.1486172727
470	240	54369.4787626352
472	240	95776.0829256887
474	240	160342.473077784
476	240	246793.64646781
478	240	338678.325533232
480	240	415370.431151579
482	240	440722.155974488
484	240	407474.775625108
486	240	345542.321155974
488	240	251059.567719276
490	240	152759.99604691
492	240	76918.3153094096
494	240	38918.9275403944
496	240	28552.4398055824
498	240	27327.9062214211
500	240	26991.5498192959
502	240	27340.3023145226
504	240	25861.692508439
506	240	24571.5542269236
508	240	26166.3533315561
510	240	26033.1155332692
512	240	32130.5907837278
514	240	41435.262919707
516	240	52283.481431669
518	240	66648.1844520665
520	240	82717.4486502816
522	240	98248.3787733563
524	240	106220.393852735
526	240	102580.144541303
528	240	93978.820975347
530	240	79800.8938385244
532	240	62554.0884421485
534	240	44813.3483707313
536	240	33222.8140239236
538	240	22621.9659692778
540	240	16728.9984077967
542	240	17210.9596446894
544	240	16355.620150885
546	240	14170.938086221
548	240	14624.1705998672
550	240	12724.3557029536
552	240	12828.2528261429
554	240	13018.6594190242
556	240	10607.0599526216
558	240	10671.8144441986
560	240	13260.1131596886
300	250	77457.534031297
302	250	82201.0404103794
304	250	79093.7884678195
306	250	93263.7758625342
308	250	91032.3672235701
310	250	93222.494182219
312	250	90590.0412559196
314	250	85334.6417421639
316	250	83328.4135876098
318	250	87325.0099632659
320	250	80766.4695889379
322	250	86484.4959519997
324	250	80380.6024677604
326	250	77603.8698265671
328	250	75918.7698841548
330	250	71556.7191659205
332	250	66343.0578921369
334	250	68604.1604617352
336	250	60580.0061068494
338	250	56347.6542443823
340	250	49368.4577691346
342	250	48920.5326662727
344	250	44791.6415014863
346	250	40175.5788193515
348	250	38899.4380946828
350	250	33524.8386196149
352	250	32617.9141489885
354	250	30524.2179637921
356	250	28347.5017730085
358	250	26997.9984305872
360	250	26209.6370355165
362	250	24627.4669689179
364	250	23707.7492408522
366	250	22489.8450738174
368	250	23312.5644147459
370	250	22152.8517720748
372	250	21104.2711296012
374	250	21800.4485115814
376	250	21705.9223936941
378	250	21777.7038186903
380	250	21898.5485319709
382	250	21304.6531038959
384	250	22859.3136374117
386	250	23761.1931389812
388	250	23941.1808662433
390	250	23397.4255251915
392	250	24052.2408896911
394	250	23714.396735033
396	250	26231.7043877325
398	250	25034.0684676968
400	250	25088.3511037483
402	250	26647.1515095118
404	250	26285.4189965397
406	250	27498.9138539175
408	250	27604.0108929297
410	250	27958.9798696688
412	250	26763.7835276543
414	250	27793.577608871
416	250	27737.7698391252
418	250	29113.6104460536
420	250	28035.5951251225
422	250	28940.39429369
424	250	28338.2015776199
426	250	29690.8570748808
428	250	29500.868966145
430	250	29637.7493218284
432	250	29207.3759537004
434	250	29330.226539919
436	250	28909.6145570591
438	250	28208.425241124
440	250	29131.0199041245
442	250	28926.8667985826
444	250	28278.811105841
446	250	26765.4588970926
448	250	27378.8467238267
450	250	26539.8363838093
452	250	27102.3232785188
454	250	26770.9079338436
456	250	26931.7443937839
458	250	26647.3222801507
460	250	27165.1610428375
462	250	25015.3184577188
464	250	26960.923224261
466	250	25482.7363145249
468	250	25621.6334607895
470	250	25632.5890029456
472	250	25604.4114365943
474	250	25656.6675302783
476	250	25934.0693448498
478	250	24649.3235821248
480	250	23299.511602658
482	250	23140.0361127925
484	250	24016.1652930129
486	250	25687.8254964457
488	250	36962.0045725573
490	250	64737.9527482133
492	250	118488.557794089
494	250	187953.544880398
496	250	277289.390043973
498	250	363191.892576441
500	250	429798.083906075
502	250	436964.239650336
504	250	395121.197317214
506	250	319115.494976928
508	250	212489.205605104
510	250	123778.581576041
512	250	59625.0908801263
514	250	31416.7760670857
516	250	23012.9305802556
518	250	21848.2430907557
520	250	21002.2469026365
522	250	21777.8023556767
524	250	18917.6334016414
526	250	20294.9380759773
528	250	18361.8812566237
530	250	18591.4794904903
532	250	21263.0112347034
534	250	26781.3183822046
536	250	36403.3592586105
538	250	49102.4284206825
540	250	65043.2976140815
542	250	78380.0298845307
544	250	93237.5846841154
546	250	106179.427365776
548	250	108349.326287903
550	250	98338.0552554729
552	250	89059.1857100586
554	250	69924.240112931
556	250	52450.501713355
558	250	36263.9295902209
560	250	24969.5395334664
300	260	132261.404848049
302	260	126781.727655186
304	260	129377.717513206
306	260	131565.818562037
308	260	124865.344901384
310	260	122966.92699759
312	260	120481.066393781
314	260	114565.726052766
316	260	104864.026812512
318	260	108530.729499834
320	260	101150.130696506
322	260	94092.1097080355
324	260	91385.9115027566
326	260	87311.713526853
328	260	80585.540081325
330	260	74526.0656740747
332	260	70289.1945072999
334	260	68900.2551557405
336	260	60633.9719116197
338	260	55556.2946887158
340	260	49646.5922087092
342	260	45472.8910483445
344	260	41638.2213656571
346	260	37770.0330287755
348	260	34919.8170525325
350	260	31743.6163341392
352	260	29203.5498911347
354	260	26345.691182887
356	260	25108.7622043204
358	260	24007.416847656
360	260	21856.06158933
362	260	21537.8010107295
364	260	19283.3317689882
366	260	19189.8512106894
368	260	18269.6777586004
370	260	17671.6158937797
372	260	18163.8522924107
374	260	16829.4108268184
376	260	16994.9616533814
378	260	17673.2538570092
380	260	17153.7579059329
382	260	17483.0443903216
384	260	17830.2968258843
386	260	17655.5637763073
388	260	17170.543788349
390	260	18088.1955571639
392	260	17406.5677743203
394	260	18012.4661100528
396	260	18703.9576996051
398	260	19073.0357474513
400	260	19613.1113977394
402	260	18690.7720379809
404	260	19628.4243741888
406	260	18873.1255541285
408	260	19003.4612311639
410	260	20328.4127119915
412	260	20911.0076654281
414	260	20539.7568255383
416	260	20853.0761290609
418	260	20796.7507549573
420	260	20600.3041314448
422	260	19995.8251379413
424	260	20549.2227763936
426	260	20736.5765225848
428	260	20677.6526425817
430	260	21374.0528215575
432	260	20775.0269986201
434	260	21036.7133014069
436	260	20674.048630916
438	260	20717.0753904754
440	260	20395.7543550434
442	260	20202.4286024099
444	260	20056.5339017547
446	260	20110.6492355101
448	260	19752.296884478
450	260	20685.0663488079
452	260	19712.6139278205
454	260	20091.2824232468
456	260	20026.2996123257
458	260	21195.0761112431
460	260	20234.7071369126
462	260	19890.4106389626
464	260	20349.7259862966
466	260	19707.701610386
468	260	19845.14279275
470	260	19596.3665945102
472	260	19636.7501743567
474	260	19721.6745341702
476	260	19067.1282547531
478	260	19410.1102387227
480	260	19700.4204014525
482	260	18530.2732659729
484	260	18442.4425776266
486	260	18498.0739334696
488	260	19164.2920776786
490	260	17883.4388629338
492	260	17420.7405689479
494	260	17871.7162274039
496	260	17596.4162673172
498	260	16708.8315624596
500	260	16795.2302774997
502	260	16828.4089733289
504	260	16509.2627213091
506	260	17946.7247355863
508	260	29965.2549832095
510	260	58401.3720174891
512	260	117251.356843692
514	260	197041.807475798
516	260	296507.851813596
518	260	398471.685038935
520	260	459698.309873281
522	260	463317.43262545
524	260	404806.154004405
526	260	310970.599617184
528	260	210239.418455698
530	260	114248.413877466
532	260	50969.8230412743
534	260	22012.4148617019
536	260	15932.3844876313
538	260	14057.7933892243
540	260	13703.9455344486
542	260	13084.3794951523
544	260	12331.3496695577
546	260	12347.9073917944
548	260	11656.15539306
550	260	11819.9200027841
552	260	12416.6008136164
554	260	13512.1973003874
556	260	16554.0914150782
558	260	23545.6305193561
560	260	33846.057660084
300	270	828297.850953918
302	270	593939.038646573
304	270	389894.836388199
306	270	262242.111634519
308	270	209968.338201217
310	270	189171.045628814
312	270	167717.493182872
314	270	156093.290202947
316	270	141581.109088555
318	270	135637.480767289
320	270	122208.373167783
322	270	117560.326079478
324	270	112991.609970643
326	270	105359.729945961
328	270	95663.5566697882
330	270	87618.8363252777
332	270	79778.5451675555
334	270	72082.6899048906
336	270	65465.6292754099
338	270	59601.375663676
340	270	52747.9629299785
342	270	46221.5444148392
344	270	42330.0449839808
346	270	38312.2006508145
348	270	35470.1934618536
350	270	31842.3132810255
352	270	28637.871315569
354	270	26726.5551737198
356	270	24071.7882361311
358	270	22893.8532799857
360	270	21120.2624886357
362	270	20350.3564099805
364	270	19029.3005798581
366	270	17579.4356018446
368	270	16948.0193984314
370	270	17143.2901732311
372	270	15850.6708002078
374	270	15566.4097847145
376	270	15092.0010286071
378	270	14721.2576301029
380	270	14858.6008753103
382	270	14829.1856625047
384	270	15073.4539931936
386	270	14948.8713500524
388	270	14936.1667871736
390	270	15095.562880026
392	270	15476.7391594563
394	270	15070.0607668389
396	270	15622.4695715931
398	270	15433.7240518376
400	270	15737.1673841175
402	270	16070.8628100293
404	270	15761.6763609015
406	270	16307.9935688233
408	270	16587.5591793643
410	270	16477.7920246205
412	270	16241.5410014414
414	270	16131.9467134287
416	270	16615.0687471382
418	270	16521.7088640181
420	270	16338.2971798993
422	270	15839.6074339908
424	270	16304.869898701
426	270	16640.9483312918
428	270	16092.9936033068
430	270	15466.5048018475
432	270	15646.0566619854
434	270	15810.9741299924
436	270	15892.6292701684
438	270	15804.1834899652
440	270	15601.7377582136
442	270	15717.2992307816
444	270	15348.3438178198
446	270	15403.9480967282
448	270	14971.8147019124
450	270	14814.7696169892
452	270	14579.3225081411
454	270	15037.6616845543
456	270	14505.6607773653
458	270	14638.9651425894
460	270	14861.8194295367
462	270	14494.3680221185
464	270	15279.0221190845
466	270	14461.7812672879
468	270	14848.9663702239
470	270	14614.6088554847
472	270	14211.8870511951
474	270	13979.9927147953
476	270	14342.475535161
478	270	14307.8957191341
480	270	13719.5474365259
482	270	13771.2185673011
484	270	13700.6701777944
486	270	13409.7863367314
488	270	13099.7941049581
490	270	13184.1371003994
492	270	12817.6403003252
494	270	12328.5131297851
496	270	12306.5904490819
498	270	12354.7125080689
500	270	12768.4510183749
502	270	11985.9619459336
504	270	11480.2989435888
506	270	12174.215983265
508	270	12050.7202107193
510	270	11857.0776299726
512	270	11088.5238219931
514	270	11244.4782897232
516	270	10727.8125745369
518	270	11039.2991818956
520	270	10868.6613984754
522	270	10581.7132071311
524	270	10677.1701755486
526	270	13319.5381163402
528	270	28830.1153591106
530	270	69325.8300625401
532	270	145073.239656975
534	270	245817.857711679
536	270	358475.035910868
538	270	463240.005335045
540	270	522420.586793086
542	270	508134.465707227
544	270	439440.145875449
546	270	327586.688737413
548	270	217224.284088132
550	270	119471.34530021
552	270	48564.9698456412
554	270	19906.4800829659
556	270	12162.2470409869
558	270	11603.1932749404
560	270	11384.8166716582
300	280	196305.246173264
302	280	276636.860497861
304	280	422968.448113616
306	280	606617.578363982
308	280	741485.68316506
310	280	739181.231650718
312	280	617636.746495203
314	280	430494.414809589
316	280	273340.599477131
318	280	182883.96638949
320	280	134963.993472395
322	280	120380.084180155
324	280	112485.680825483
326	280	103721.50763044
328	280	93224.7831090611
330	280	86144.274405988
332	280	79856.9673188019
334	280	72328.7457828148
336	280	64866.8287039562
338	280	59403.9301744416
340	280	52366.3117855156
342	280	47966.3201027762
344	280	43801.4156916341
346	280	39356.4811487726
348	280	35631.3713353239
350	280	31160.503059774
352	280	29556.3434732606
354	280	26930.2407362821
356	280	24733.6263976605
358	280	22319.9439316334
360	280	20978.6176488598
362	280	19736.6976420018
364	280	18019.712771251
366	280	17524.1984536528
368	280	17116.3585511943
370	280	16219.964186436
372	280	15759.6648799955
374	280	15377.4628227819
376	280	15832.9460000528
378	280	15850.4040397333
380	280	15809.2704903929
382	280	15948.239488037
384	280	15954.5051993237
386	280	16222.0353003034
388	280	15948.5706195296
390	280	16237.0399045254
392	280	17117.5561874984
394	280	16758.8964885118
396	280	16816.5463348556
398	280	17200.2525934554
400	280	17384.4478721485
402	280	17442.11965868
404	280	17416.1766361198
406	280	17620.474162411
408	280	17700.5444299436
410	280	17796.2022727304
412	280	17531.7676262954
414	280	17092.1697379678
416	280	17497.3287719646
418	280	16788.2138815292
420	280	16947.5025827087
422	280	16603.4476496751
424	280	16440.3123710068
426	280	15776.6939565907
428	280	16148.7550566104
430	280	15853.2020287371
432	280	15595.3184707572
434	280	15240.5691477598
436	280	15009.9983493339
438	280	14718.0475366151
440	280	14158.2443676742
442	280	14095.8952392471
444	280	13821.2319860067
446	280	13808.1569859891
448	280	13495.2087707934
450	280	13233.057940839
452	280	12798.6568937334
454	280	12778.9602746567
456	280	12703.2296405794
458	280	12493.3639193962
460	280	12672.7245500486
462	280	12334.3428431739
464	280	12255.1419634197
466	280	12119.4771938056
468	280	12067.6800947037
470	280	11975.5399157688
472	280	11777.9258092645
474	280	11641.625647631
476	280	11378.1196111803
478	280	11152.2326026309
480	280	11350.8371384806
482	280	11107.8062077404
484	280	10841.5404103787
486	280	10918.884711693
488	280	10529.1253250377
490	280	10340.9126440797
492	280	10454.5353740861
494	280	10013.0603833453
496	280	9923.57683752816
498	280	9680.11178873429
500	280	9421.81362421316
502	280	9428.12362930539
504	280	9170.37191121257
506	280	9384.0828144039
508	280	8903.10282442645
510	280	8870.54253243647
512	280	8725.63905128228
514	280	8556.46015066924
516	280	8318.6624423021
518	280	8249.68506294871
520	280	7956.04359151566
522	280	7966.95415699403
524	280	7472.4902433918
526	280	7727.33500711958
528	280	7419.62611567303
530	280	7238.17105568057
532	280	7360.58132790408
534	280	7114.11578094199
536	280	6776.32525904557
538	280	6615.91324248698
540	280	6959.80565716451
542	280	6488.49518940574
544	280	6575.33576419626
546	280	10088.2219650844
548	280	27064.4663200761
550	280	70683.7297607028
552	280	149953.052986767
554	280	269170.805259529
556	280	430656.277607281
558	280	557783.865361512
560	280	611610.696205585
300	290	78545.3993375061
302	290	58985.3175148911
304	290	58241.5746169947
306	290	60343.1922515882
308	290	59083.4661830941
310	290	65211.0621444487
312	290	80894.2069215323
314	290	128286.115737417
316	290	213762.508267795
318	290	329719.149846534
320	290	419867.031978434
322	290	438393.327434024
324	290	371387.301765294
326	290	263569.690096755
328	290	160048.423731137
330	290	89990.0510725829
332	290	58045.4238349964
334	290	43722.2975294704
336	290	39524.5381072563
338	290	36546.2082130292
340	290	33027.356884454
342	290	29985.3672144465
344	290	27286.0893294892
346	290	24756.2703950142
348	290	22605.5270902343
350	290	21773.9345786081
352	290	20520.8391606688
354	290	18124.2441191604
356	290	17941.1840601108
358	290	16944.6131034249
360	290	16693.7933213974
362	290	15847.4466662811
364	290	15019.2381288503
366	290	14944.2247753544
368	290	14766.1736313584
370	290	15023.6304473963
372	290	14916.4282820374
374	290	15527.4451639244
376	290	15675.3083986599
378	290	15819.363644562
380	290	16314.1994896705
382	290	16620.4374249873
384	290	16909.0919174233
386	290	17848.0253395909
388	290	18090.9875144451
390	290	18510.4346433189
392	290	19145.3027213996
394	290	19441.8593033834
396	290	20056.0718077269
398	290	20041.6517907616
400	290	20731.0984207027
402	290	20859.1383176718
404	290	20707.8107798544
406	290	21016.453061945
408	290	21141.4765603776
410	290	21014.7696252341
412	290	20535.3726086014
414	290	20666.0849923755
416	290	20693.4299759044
418	290	20018.685347193
420	290	20023.4866912216
422	290	19574.2671305318
424	290	19141.3922858391
426	290	18947.2212880806
428	290	18278.2117486179
430	290	18090.9827237931
432	290	17831.8762199954
434	290	17159.2146216395
436	290	16521.3688674335
438	290	16396.2045588057
440	290	15947.6603618068
442	290	15581.9796751174
444	290	14955.5947517702
446	290	14775.7132856996
448	290	14231.9139047583
450	290	14119.516869836
452	290	13557.0174588719
454	290	13455.3042707205
456	290	13298.6821043517
458	290	12982.4095039444
460	290	12948.8274639658
462	290	12534.5425864495
464	290	12209.3712754389
466	290	12083.5409705636
468	290	11774.134807664
470	290	11376.8823748887
472	290	11727.161
474	290	11310.8066672858
476	290	11174.8805643588
478	290	10978.788596218
480	290	10706.0011898401
482	290	10418.0995656542
484	290	10381.0930478726
486	290	10075.898886346
488	290	10056.2022667088
490	290	9927.69341217265
492	290	9329.42757013891
494	290	9174.83132446285
496	290	9145.48798060752
498	290	8727.24763770238
500	290	8864.33793344314
502	290	8558.02090269711
504	290	8096.80286017333
506	290	8173.74700892345
508	290	7947.39350011265
510	290	7834.46621102137
512	290	7594.18249411461
514	290	7473.15144252804
516	290	7507.97844143992
518	290	7190.55508058372
520	290	7098.04836698616
522	290	6870.76840302976
524	290	6537.63959490415
526	290	6499.46317714401
528	290	6479.25900897629
530	290	6035.43717534128
532	290	5820.54955333585
534	290	6050.71085189746
536	290	5754.95052526255
538	290	5677.88697956132
540	290	5586.88425476515
542	290	5470.47212302449
544	290	4952.21010380831
546	290	5105.62929298538
548	290	5146.10845793982
550	290	4788.6073999244
552	290	4766.63076029656
554	290	4712.94085694351
556	290	4700.96838921884
558	290	4685.89951472691
560	290	4494.40738466201
300	300	4625506.3320994
302	300	3877705.93841599
304	300	2275604.17677357
306	300	899491.322920219
308	300	215235.46326632
310	300	40722.1828085609
312	300	27389.8327047662
314	300	24179.2272145667
316	300	23731.4118113023
318	300	21592.8603311024
320	300	22319.3146197366
322	300	24493.8249176345
324	300	35774.5992835419
326	300	66307.1296236998
328	300	125141.595445053
330	300	198662.944917644
332	300	257206.837553958
334	300	271297.967346667
336	300	233249.56961132
338	300	165026.044794424
340	300	93966.7628279763
342	300	47619.3586787893
344	300	24462.9388032562
346	300	16498.5250289496
348	300	13889.1436206604
350	300	12471.1093175165
352	300	11471.3868587327
354	300	10929.3718378023
356	300	10973.7702026526
358	300	11066.6665094206
360	300	10926.8840660759
362	300	10802.7306145856
364	300	11282.4432250383
366	300	11008.2042408407
368	300	11824.3441705559
370	300	12471.5513794704
372	300	12828.5555228658
374	300	13355.1085498371
376	300	14091.1363043128
378	300	14633.6166169168
380	300	15438.9349738648
382	300	16278.4719906504
384	300	16594.2596081623
386	300	17321.5748367777
388	300	18029.2110028003
390	300	18933.0847549806
392	300	19427.9508216123
394	300	19968.9815726684
396	300	20736.2525193459
398	300	20857.1889257032
400	300	21230.1678089224
402	300	21680.4755551918
404	300	21771.2287339505
406	300	22240.1952084775
408	300	22293.7414224722
410	300	22463.7679018239
412	300	22347.7489687453
414	300	22056.5440218888
416	300	22003.8772784623
418	300	21589.8287301981
420	300	21555.0226375655
422	300	21097.8932762296
424	300	20643.0649347087
426	300	20381.7941000368
428	300	20117.4576565042
430	300	19651.3203544732
432	300	19119.1611097378
434	300	18887.2310723083
436	300	18195.3176893021
438	300	18050.4641606516
440	300	17498.9757362695
442	300	17096.6700158082
444	300	16369.9178119255
446	300	16081.1020873693
448	300	15745.0345149736
450	300	15415.4406860992
452	300	15112.0577133627
454	300	14765.7220576806
456	300	14543.3480129214
458	300	14053.7986931198
460	300	14020.7398870498
462	300	13644.3275996772
464	300	13530.5044884891
466	300	13352.0204951215
468	300	13056.8685844581
470	300	12726.4516492947
472	300	12645.0772479243
474	300	12083.4180087684
476	300	12152.9363414494
478	300	11897.6278940587
480	300	11588.4392026341
482	300	11354.0898530108
484	300	11004.0610982118
486	300	10924.5286117821
488	300	10770.2295135352
490	300	10373.7570204698
492	300	10127.9795389291
494	300	9950.73800530426
496	300	9649.31381512817
498	300	9563.86252724502
500	300	9001.82964612875
502	300	9095.40905784642
504	300	8828.30150928301
506	300	8685.44785021635
508	300	8396.38008728915
510	300	8069.00967659106
512	300	8089.02281505836
514	300	7793.26383437807
516	300	7673.90125528141
518	300	7511.14313189672
520	300	7361.20473347312
522	300	6968.03395118736
524	300	6770.00592419193
526	300	6648.16377663193
528	300	6349.01989888797
530	300	6179.517129922
532	300	6037.57409190599
534	300	5807.62183471522
536	300	5647.15400736594
538	300	5589.0691198691
540	300	5534.44865518125
542	300	5195.45409597299
544	300	5218.50279432087
546	300	4957.95873998489
548	300	4853.75947835037
550	300	4746.28374685416
552	300	4556.25282267403
554	300	4241.4984821378
556	300	4239.61207062668
558	300	4041.62837843733
560	300	3926.71572793244
300	310	21452.4534638506
302	310	226816.302290061
304	310	934632.844246058
306	310	2277968.32716436
308	310	3548111.97633421
310	310	3982437.39442094
312	310	3152281.57600866
314	310	1786004.22377025
316	310	653185.845441761
318	310	154761.65032324
320	310	25419.3417626194
322	310	16371.5876881904
324	310	14391.5710909308
326	310	13157.3562805541
328	310	12868.3196212067
330	310	11437.1339157238
332	310	10709.5230980064
334	310	11275.41496151
336	310	16630.2581040968
338	310	34456.4935782728
340	310	68425.6466464593
342	310	112344.2202716
344	310	150533.451866722
346	310	164432.489798444
348	310	146577.37396071
350	310	106374.456849448
352	310	63582.8438788769
354	310	31867.2718408629
356	310	16278.8864697873
358	310	10711.1081657916
360	310	8718.93947824599
362	310	8475.67659849463
364	310	8396.98212803621
366	310	8431.84493473926
368	310	8868.90660565358
370	310	9509.73631499388
372	310	9871.49307616858
374	310	10242.7816811301
376	310	11077.1034544863
378	310	11466.6154228749
380	310	12151.6586905352
382	310	12556.3266489845
384	310	13243.9439349188
386	310	13825.5569087962
388	310	14375.7841970382
390	310	15170.7796929641
392	310	15513.5219524488
394	310	16400.325650638
396	310	16702.7461225967
398	310	16996.0663506061
400	310	17525.8989097064
402	310	18132.8447238729
404	310	18217.4197194913
406	310	18408.4143369547
408	310	19162.3315314525
410	310	19027.6408521986
412	310	19135.3832488352
414	310	19392.5708573087
416	310	19186.3856160638
418	310	18896.8146766801
420	310	19089.4214116507
422	310	18886.1188292795
424	310	18833.0453940014
426	310	18521.1768832033
428	310	18245.8331961869
430	310	17987.7682231072
432	310	17807.3632217137
434	310	17283.0406592438
436	310	17218.649277691
438	310	16959.9872185501
440	310	16886.1643929191
442	310	16206.6180011962
444	310	15593.9682720566
446	310	15546.1356580439
448	310	15529.9074269768
450	310	15376.3513445246
452	310	15023.4079352531
454	310	14848.2701164587
456	310	14548.8505902354
458	310	14515.6486952439
460	310	14391.9911408174
462	310	14054.8584067851
464	310	14010.8466578052
466	310	13753.4474063731
468	310	13480.5738891977
470	310	13168.7333084311
472	310	13335.8849775099
474	310	12853.0735631437
476	310	12737.9040899349
478	310	12608.6491597351
480	310	12192.5265060653
482	310	12007.0032565145
484	310	11955.532435194
486	310	11599.8003468018
488	310	11603.3137280894
490	310	11163.4588589966
492	310	10882.1840974082
494	310	10690.3414876849
496	310	10401.7399060593
498	310	10027.3121897451
500	310	9860.47872891484
502	310	9694.76926229355
504	310	9536.90603537574
506	310	9269.87680372689
508	310	8908.27692871506
510	310	8611.32183711827
512	310	8566.57944110464
514	310	8134.3494580301
516	310	8067.26946041735
518	310	7902.01083772297
520	310	7611.19839809371
522	310	7355.10430840067
524	310	7090.39585012038
526	310	6994.91699954654
528	310	6814.9914289134
530	310	6515.3533671715
532	310	6294.73383810225
534	310	6082.57005868367
536	310	5907.25561159931
538	310	5691.65582948024
540	310	5711.70783324812
542	310	5287.09395107875
544	310	5247.84849002005
546	310	5147.32049668555
548	310	5006.33366639729
550	310	4773.62094514312
552	310	4480.00997140158
554	310	4597.37607230399
556	310	4229.23747530381
558	310	4184.98835883904
560	310	4072.90793432778
300	320	2483.98589605816
302	320	2876.50209803302
304	320	2893.24498479275
306	320	3932.37704947365
308	320	5646.67410662736
310	320	18079.1430408287
312	320	188161.227934295
314	320	753170.302089942
316	320	1809535.74079535
318	320	2830581.06459676
320	320	3211828.61692733
322	320	2676763.67163494
324	320	1617875.69340056
326	320	645463.515728788
328	320	158390.412820734
330	320	22650.5064666281
332	320	12178.2974066761
334	320	9991.78910271151
336	320	8783.71511610842
338	320	8248.68241064012
340	320	7465.83858549679
342	320	7009.05948439257
344	320	6517.75089387099
346	320	6974.77907676596
348	320	9900.30843360803
350	320	19353.8291217607
352	320	38239.6080325096
354	320	66427.4301248866
356	320	92771.2372132148
358	320	105734.409842369
360	320	100660.162438397
362	320	77917.0975387912
364	320	50720.1983562703
366	320	28246.9735172566
368	320	15613.093184786
370	320	10022.1827434586
372	320	8541.21298139107
374	320	8084.49865035397
376	320	8091.77945320078
378	320	8226.9968844345
380	320	8486.11232038242
382	320	8867.32498283623
384	320	9280.21743728997
386	320	9858.12801544784
388	320	9970.47369316427
390	320	10290.3659659684
392	320	10835.8498555821
394	320	11017.6864116488
396	320	11484.9559296906
398	320	11958.3531036568
400	320	12272.8929599451
402	320	12716.6654605092
404	320	12917.7129083622
406	320	12948.3389644972
408	320	13565.4061429855
410	320	13625.0464464948
412	320	13824.951475676
414	320	14065.7242183065
416	320	14043.3023106385
418	320	14113.1452098195
420	320	14291.0398219804
422	320	14288.3780160629
424	320	14366.2285487705
426	320	14244.9407632305
428	320	14303.5356473618
430	320	14229.3757646718
432	320	14309.9176365476
434	320	14201.8707322974
436	320	14020.6897667414
438	320	14055.9654782676
440	320	13633.4796958975
442	320	13703.3099715045
444	320	13367.7872870981
446	320	13354.1893110258
448	320	13460.7128912623
450	320	13105.1411769416
452	320	13074.269940192
454	320	13063.7130907349
456	320	13013.0978039146
458	320	12928.4037852808
460	320	12826.9682228844
462	320	12742.1072424538
464	320	12666.2050642962
466	320	12499.2800912798
468	320	12417.7221068042
470	320	12186.3139512743
472	320	12228.4820201729
474	320	11752.0097909038
476	320	11718.4851149968
478	320	11753.8413810387
480	320	11457.4088883216
482	320	11115.0470059801
484	320	11009.8149537499
486	320	10936.4897881914
488	320	10676.2046157656
490	320	10397.7385959554
492	320	9976.47459656016
494	320	9928.53997852509
496	320	9543.5802127074
498	320	9415.92858163793
500	320	9258.88543536169
502	320	9137.61588794319
504	320	8779.01215650986
506	320	8641.45774149583
508	320	8370.97080239019
510	320	7994.4877411456
512	320	7874.31354491083
514	320	7814.30226945012
516	320	7588.5102466707
518	320	7442.67437028054
520	320	7200.60914989601
522	320	7016.74179808963
524	320	6743.3253933096
526	320	6508.7010694728
528	320	6293.30379766371
530	320	6089.6955494141
532	320	5981.47833687968
534	320	5777.73921774431
536	320	5514.98717928057
538	320	5480.11938874111
540	320	5183.75712084678
542	320	4972.73020123859
544	320	4892.17360989645
546	320	4677.96875802649
548	320	4597.91278511947
550	320	4311.22812707772
552	320	4279.70860872461
554	320	4122.52205528634
556	320	3977.37765352053
558	320	3958.41148673647
560	320	3647.9546657303
300	330	1438.55055421001
302	330	1296.94790231339
304	330	1547.61951441671
306	330	1787.35887419073
308	330	1867.59031573627
310	330	2103.2348017804
312	330	2113.68269637354
314	330	2524.20033745603
316	330	3165.59190437129
318	330	4049.89787011694
320	330	11711.3401826168
322	330	125720.966610688
324	330	543699.445496298
326	330	1353441.27468307
328	330	2199461.30489401
330	330	2592533.40776919
332	330	2194940.05438199
334	330	1381922.75579251
336	330	574073.780425641
338	330	142596.748552207
340	330	18357.0483278917
342	330	8219.50238415804
344	330	6565.03508146773
346	330	6080.49145280219
348	330	5646.60995929725
350	330	5258.76973961375
352	330	5029.37356806447
354	330	4882.22443045695
356	330	4693.79743446468
358	330	5012.03725923611
360	330	6629.06137337286
362	330	11709.5789680764
364	330	22483.8067839118
366	330	38647.2560069985
368	330	56133.7640248513
370	330	69303.6863410426
372	330	69498.3873347267
374	330	58119.1824398466
376	330	41508.0141305286
378	330	26075.8434912644
380	330	15280.208718012
382	330	9747.38520068707
384	330	7917.32311478369
386	330	7188.29926881109
388	330	7181.00804454146
390	330	7255.66599026873
392	330	7367.83006209635
394	330	7399.48450447554
396	330	7803.80606570145
398	330	8021.43850936793
400	330	8357.79148967485
402	330	8587.48286902043
404	330	8689.88476487083
406	330	9097.52138078842
408	330	9253.54745110462
410	330	9420.94776925205
412	330	9798.59418057354
414	330	9702.37631362486
416	330	9890.06458922731
418	330	10131.4732972294
420	330	10220.264061192
422	330	10363.6533548726
424	330	10428.1136761642
426	330	10492.5237445485
428	330	10790.7446785548
430	330	10615.278266099
432	330	10708.5437224526
434	330	10594.8365029492
436	330	10560.052420269
438	330	10670.3521305518
440	330	10493.941783123
442	330	10654.2239585033
444	330	10486.7025926622
446	330	10406.5474170993
448	330	10389.6389490275
450	330	10558.5709734127
452	330	10378.6848349907
454	330	10435.8842840731
456	330	10300.2234284418
458	330	10316.6800017864
460	330	10423.9523693718
462	330	10315.5627214909
464	330	10414.5670147767
466	330	10200.2307942654
468	330	9976.76293818439
470	330	9872.78134882077
472	330	9788.80633011722
474	330	9618.65521286121
476	330	9552.82103400856
478	330	9541.26487499806
480	330	9347.19900170819
482	330	9062.19205122012
484	330	8947.7263988499
486	330	8840.56107697791
488	330	8569.71985445582
490	330	8426.4808508108
492	330	8161.89970301701
494	330	8065.5243329971
496	330	7754.75158397849
498	330	7574.44259007268
500	330	7468.81223123519
502	330	7206.83116920237
504	330	7135.91558773852
506	330	6937.95370631848
508	330	6743.91719082074
510	330	6491.77817714312
512	330	6457.47080313028
514	330	6179.78019307299
516	330	6166.83444898225
518	330	5865.27129010438
520	330	5867.389569265
522	330	5716.5028146442
524	330	5472.29268256645
526	330	5205.89044327846
528	330	5131.79151711041
530	330	4883.33025757487
532	330	4764.35268543369
534	330	4686.55925592431
536	330	4477.28101501629
538	330	4383.7047991889
540	330	4144.67194476978
542	330	4135.79681147718
544	330	4075.79382958606
546	330	3761.85592262783
548	330	3702.48429141871
550	330	3460.66797016789
552	330	3481.69897802104
554	330	3296.49480005665
556	330	3181.90054596494
558	330	3150.99537610462
560	330	3070.46968809315
300	340	873.600392760322
302	340	884.733198557577
304	340	941.348497668487
306	340	1048.16185750411
308	340	1035.17505891656
310	340	908.756771068811
312	340	893.745967639679
314	340	1052.1806108906
316	340	1077.09217787567
318	340	1157.40404438061
320	340	1184.18339242193
322	340	1356.87160412727
324	340	1669.7832834544
326	340	2134.9481645191
328	340	2752.28192098408
330	340	8597.41881103068
332	340	97473.7086472093
334	340	404771.382820265
336	340	981234.688083258
338	340	1535935.28481594
340	340	1706288.19618568
342	340	1420585.47632679
344	340	837476.764186323
346	340	328889.287620552
348	340	76046.8243853098
350	340	10973.8340138199
352	340	5420.6038211388
354	340	4510.24275991717
356	340	3904.42141223612
358	340	3861.1965854693
360	340	3739.71386828732
362	340	3630.04499761081
364	340	3435.68904828452
366	340	3582.41755625723
368	340	3572.6322191044
370	340	3830.70836885764
372	340	4637.89387687543
374	340	6835.14899606402
376	340	12393.1377535049
378	340	21386.0890659578
380	340	32485.90618258
382	340	42427.6219465406
384	340	45942.9292238334
386	340	42259.2617578032
388	340	33449.1345756451
390	340	22584.96889173
392	340	14201.2420225396
394	340	9049.81198395271
396	340	6822.73406730197
398	340	6110.06863163091
400	340	5920.73662792873
402	340	5863.4726356528
404	340	6000.57081285093
406	340	6039.27684436616
408	340	6268.20254128095
410	340	6398.79113513922
412	340	6582.01968030935
414	340	6614.92461924525
416	340	6908.09285910393
418	340	7018.82479030257
420	340	7047.26630804717
422	340	7284.13628404405
424	340	7405.04425781645
426	340	7389.32945205186
428	340	7500.33774037831
430	340	7757.32773654061
432	340	7703.27241118113
434	340	7791.7768240262
436	340	7858.38933223062
438	340	7974.53912927915
440	340	7896.91207515307
442	340	7950.56084075256
444	340	7862.85108039994
446	340	7864.83734380198
448	340	7893.3484232767
450	340	8017.74923431909
452	340	7933.92727680429
454	340	7868.73985004553
456	340	8017.66591066475
458	340	8067.19345273919
460	340	7969.46476125832
462	340	7820.9928787594
464	340	7988.93085874702
466	340	7920.29551074678
468	340	7834.27741680598
470	340	7766.80307802176
472	340	7625.40168962238
474	340	7553.11913215174
476	340	7483.87445590665
478	340	7443.32904046082
480	340	7203.33558280608
482	340	7187.02461196858
484	340	6944.29886958991
486	340	6900.92362136211
488	340	6699.76650822138
490	340	6546.41161799687
492	340	6401.6735529438
494	340	6338.7862608348
496	340	6182.5416445043
498	340	5981.48211347804
500	340	5893.40157037273
502	340	5710.87106162151
504	340	5443.4259591463
506	340	5509.36729318688
508	340	5363.84824426221
510	340	5231.41109868406
512	340	5128.71615365678
514	340	4960.10297968767
516	340	4884.00185899703
518	340	4744.02836275851
520	340	4694.60802973808
522	340	4453.90385616262
524	340	4387.74686109572
526	340	4143.81869697481
528	340	4132.96201372288
530	340	3938.3947048784
532	340	3835.47819978129
534	340	3610.73949963431
536	340	3552.91127917219
538	340	3567.69533416144
540	340	3406.34257520711
542	340	3252.3140192765
544	340	3120.62698679148
546	340	3116.65753082972
548	340	2968.23836908792
550	340	2884.67517330059
552	340	2789.2396087422
554	340	2711.82443327182
556	340	2567.19231214985
558	340	2607.72312367869
560	340	2422.48752089727
300	350	551.928619378521
302	350	751.621401996615
304	350	705.100468215609
306	350	680.628170099253
308	350	660.501761789862
310	350	571.866492514682
312	350	641.163709877863
314	350	678.806878305442
316	350	664.360005184071
318	350	633.122562705515
320	350	718.360922407335
322	350	586.664735697782
324	350	778.578820893649
326	350	724.223491998896
328	350	801.175014831229
330	350	913.543481306921
332	350	952.173981304994
334	350	1062.10161055668
336	350	1348.54047477291
338	350	1878.91470836381
340	350	5119.4523265092
342	350	59140.9897783248
344	350	261097.58168887
346	350	645487.807498523
348	350	1008968.22117334
350	350	1107627.78076706
352	350	930411.151157111
354	350	548659.135738535
356	350	208605.241223528
358	350	47153.9412832228
360	350	6454.70324894694
362	350	3712.9647410447
364	350	2988.5937271073
366	350	2665.93484986075
368	350	2726.16821146173
370	350	2667.53747171698
372	350	2675.96039247692
374	350	2706.56023985162
376	350	2601.84652785345
378	350	2685.83429119458
380	350	2713.84045405712
382	350	2785.2618197838
384	350	3162.68547137081
386	350	4124.12966879159
388	350	6991.37880225209
390	350	12022.1285654425
392	350	19014.4703893065
394	350	26506.1336002749
396	350	31132.4445735459
398	350	31522.5130621089
400	350	27107.8268968493
402	350	19658.0547152584
404	350	12865.392411509
406	350	8362.95599662467
408	350	5980.61537873529
410	350	5094.32921246052
412	350	4815.7948628079
414	350	4915.12865084838
416	350	4983.20165391419
418	350	4956.91458808471
420	350	4911.59449379472
422	350	5195.86512285947
424	350	5215.77378185623
426	350	5304.12069091734
428	350	5370.83478419466
430	350	5556.207698456
432	350	5589.5951325542
434	350	5652.12806344736
436	350	5864.84308297267
438	350	5787.49998761355
440	350	5763.96091997298
442	350	5861.18246379223
444	350	5893.17858284254
446	350	5914.79933357339
448	350	6051.36023947439
450	350	6015.63586795137
452	350	6140.04569831241
454	350	6136.5758915882
456	350	6245.52551065414
458	350	6249.27617686791
460	350	6405.37423249052
462	350	6362.34001289617
464	350	6377.26990217673
466	350	6227.28726491957
468	350	6295.29201876328
470	350	6168.95839072665
472	350	6191.26776251549
474	350	6127.40524146258
476	350	6064.79577617048
478	350	5970.34278121444
480	350	5877.25558826344
482	350	5771.74714982642
484	350	5745.49809279146
486	350	5698.92951824503
488	350	5601.14139175787
490	350	5474.56769874388
492	350	5316.23586615992
494	350	5226.47796390949
496	350	5207.56021110864
498	350	5018.4086350403
500	350	4990.39374315472
502	350	4878.29127867821
504	350	4737.11480862075
506	350	4675.97474619128
508	350	4476.84722228114
510	350	4427.05696094017
512	350	4325.79971690952
514	350	4194.55199641527
516	350	4083.21553308635
518	350	4046.87559431022
520	350	3999.07981745342
522	350	3803.61508426288
524	350	3648.5359163058
526	350	3550.72094213777
528	350	3526.35128401247
530	350	3365.79718640558
532	350	3362.33147476464
534	350	3164.60770263134
536	350	3097.48201922053
538	350	3028.27296710892
540	350	2843.4069565179
542	350	2902.35691101652
544	350	2752.42407283588
546	350	2669.42232257022
548	350	2606.75842193687
550	350	2508.82183387712
552	350	2388.12124596845
554	350	2349.14327023872
556	350	2235.11920040078
558	350	2184.41719363126
560	350	2128.93777830294
300	360	432.774592340774
302	360	570.19498172856
304	360	542.303714758715
306	360	459.332149977236
308	360	519.005968402801
310	360	386.642047833492
312	360	506.558751772842
314	360	481.765379536751
316	360	490.792918084349
318	360	499.425256947468
320	360	461.063541152874
322	360	441.169652744409
324	360	512.328019415174
326	360	548.21017572634
328	360	562.650234459305
330	360	492.430828487665
332	360	556.896077689079
334	360	474.24954772257
336	360	585.270769165593
338	360	526.708102024897
340	360	551.717744089822
342	360	607.682999468475
344	360	732.308517795308
346	360	893.395578183416
348	360	1307.28481879469
350	360	4239.52121942914
352	360	46661.8748230616
354	360	201733.466882833
356	360	484994.453299628
358	360	741818.9697006
360	360	820443.596954841
362	360	669042.812453048
364	360	384254.415994403
366	360	145011.343275844
368	360	33717.6003260378
370	360	4762.41632372763
372	360	2755.88313194694
374	360	2246.2321184886
376	360	2023.45305828324
378	360	1977.94756192721
380	360	2029.48885466465
382	360	2105.33879576285
384	360	2065.03078410866
386	360	2070.68546764226
388	360	2092.25596173047
390	360	2138.02459902603
392	360	2169.57719740354
394	360	2288.28452414472
396	360	2441.8857658387
398	360	3093.35661029929
400	360	4695.40473241349
402	360	7821.80150340221
404	360	12692.9741161171
406	360	18426.2391193918
408	360	23070.1497130641
410	360	24170.1280876771
412	360	22187.3008663073
414	360	17637.1242218348
416	360	12261.370914747
418	360	8071.09819265035
420	360	5682.17230052525
422	360	4541.7717816009
424	360	4327.36182056216
426	360	4245.04674304168
428	360	4215.19565915949
430	360	4320.07784085753
432	360	4424.98254996446
434	360	4436.24935815989
436	360	4521.20612668702
438	360	4596.31860742352
440	360	4648.21549453641
442	360	4694.6852142379
444	360	4831.69081514458
446	360	4898.44220529527
448	360	4890.69126082796
450	360	4941.23346543265
452	360	5070.10567783742
454	360	5082.14602813191
456	360	5195.26931504786
458	360	5244.08781458668
460	360	5239.60170737578
462	360	5412.39845351163
464	360	5354.37019495045
466	360	5442.9976503176
468	360	5364.83343508555
470	360	5536.05445583921
472	360	5304.89352970324
474	360	5422.26202540759
476	360	5297.81799512168
478	360	5297.47372499739
480	360	5374.79574540638
482	360	5230.01796594072
484	360	5230.60625607741
486	360	5163.38999959952
488	360	5106.93090314054
490	360	4992.58347746448
492	360	4852.45666887723
494	360	4748.20277874755
496	360	4660.12212102579
498	360	4657.1996195145
500	360	4610.70271153453
502	360	4427.96647335099
504	360	4358.78155926816
506	360	4321.88809005711
508	360	4177.53731968445
510	360	4175.87976342449
512	360	4054.72514338938
514	360	3933.04344695059
516	360	3924.23801453007
518	360	3841.9332717241
520	360	3732.1316880438
522	360	3625.48225975458
524	360	3504.77009932508
526	360	3420.55798657015
528	360	3300.54955036208
530	360	3214.70744877282
532	360	3156.27337278588
534	360	3067.81071690284
536	360	2927.38434250304
538	360	2832.57754673577
540	360	2857.26142873348
542	360	2754.1399655037
544	360	2676.82076020667
546	360	2489.91471590334
548	360	2465.17087015667
550	360	2423.01861361491
552	360	2257.35491612266
554	360	2213.71541802256
556	360	2144.25271893685
558	360	2098.15242733065
560	360	2008.13112930715
300	370	384.835060892874
302	370	472.429897795509
304	370	486.578513089615
306	370	439.937572804226
308	370	414.428226715314
310	370	469.899873239269
312	370	343.927272952936
314	370	365.78891592044
316	370	388.424245757981
318	370	314.572482453111
320	370	360.082492893128
322	370	305.350296420567
324	370	358.835534640136
326	370	362.211101691582
328	370	381.93743019937
330	370	347.108766216658
332	370	391.977333612695
334	370	366.582363646175
336	370	356.109715276134
338	370	388.915215354666
340	370	339.720745395808
342	370	373.123974312549
344	370	343.918258329468
346	370	397.398115186499
348	370	410.263525300678
350	370	424.748969044134
352	370	472.456835242056
354	370	531.660353544165
356	370	730.014320654754
358	370	1090.54218917709
360	370	3783.2066972266
362	370	41176.6485743618
364	370	167177.425293206
366	370	390669.304787487
368	370	586705.05207712
370	370	648468.936612348
372	370	520454.689646718
374	370	300505.836187957
376	370	112505.29328263
378	370	25577.4408888616
380	370	3773.41873819596
382	370	2304.44946756623
384	370	1860.64274369241
386	370	1621.69012930901
388	370	1534.07661345121
390	370	1598.84185671285
392	370	1637.26418549547
394	370	1801.51682639096
396	370	1735.72327391076
398	370	1739.52368817582
400	370	1758.91380374215
402	370	1858.37153047571
404	370	1904.30403705389
406	370	1987.10847820682
408	370	2157.81677356814
410	370	2549.82698867176
412	370	3579.65795022841
414	370	5581.12604449186
416	370	8871.71798200184
418	370	13016.9249166872
420	370	16841.282290979
422	370	19278.1442918859
424	370	18813.429490132
426	370	16107.1950783531
428	370	12104.2895359725
430	370	8523.35209182997
432	370	5962.10553093991
434	370	4623.29000701457
436	370	4056.3265318684
438	370	3944.06606926797
440	370	3934.52780380517
442	370	3967.860317434
444	370	3947.44901695707
446	370	4018.83237220482
448	370	4057.11431819535
450	370	4174.04397158458
452	370	4283.34958547939
454	370	4345.48924522877
456	370	4377.06729638231
458	370	4466.91571934407
460	370	4470.99674163182
462	370	4661.58120896735
464	370	4715.80004812442
466	370	4707.88681713164
468	370	4818.78719521446
470	370	4677.17408912953
472	370	4862.95168690516
474	370	4775.21776271013
476	370	4803.98206259883
478	370	4751.47363043254
480	370	4806.85925852471
482	370	4742.02952556961
484	370	4765.81249672857
486	370	4668.19320589278
488	370	4619.90463053265
490	370	4597.54438965417
492	370	4557.36376819117
494	370	4508.18182892867
496	370	4465.69977978101
498	370	4374.78333175281
500	370	4377.73897346372
502	370	4273.22664725435
504	370	4204.42247754611
506	370	4125.41164143572
508	370	4091.60378399512
510	370	3947.81499824238
512	370	3990.16419481351
514	370	3817.31899006895
516	370	3728.46337609434
518	370	3709.48804877665
520	370	3620.69732235229
522	370	3583.84758563115
524	370	3412.81493542971
526	370	3293.83181845837
528	370	3286.14893727583
530	370	3213.1358490924
532	370	3127.22128741006
534	370	2997.77482837102
536	370	2870.74780399996
538	370	2862.608427307
540	370	2721.52222294615
542	370	2646.92489272989
544	370	2559.40881353479
546	370	2469.45946155211
548	370	2407.0635779032
550	370	2405.99405732833
552	370	2333.68101123578
554	370	2217.49802464754
556	370	2117.23039782231
558	370	2077.54993399823
560	370	1989.32215773531
300	380	347.804607285954
302	380	350.702869241931
304	380	343.548346141083
306	380	355.075545430927
308	380	307.201033234368
310	380	292.844819957804
312	380	305.109873185598
314	380	315.156311539905
316	380	225.951181993709
318	380	316.201968144319
320	380	330.634353770346
322	380	302.397533083678
324	380	260.910325671447
326	380	275.920268360161
328	380	306.874412801594
330	380	242.52383099989
332	380	266.232445479099
334	380	256.671275660021
336	380	228.533257746684
338	380	241.41611183121
340	380	259.169222818542
342	380	234.947673657405
344	380	233.281259484547
346	380	237.845885666284
348	380	233.476464414727
350	380	252.214122370498
352	380	231.881166458848
354	380	244.623056762295
356	380	233.195578156796
358	380	290.308005910958
360	380	290.967648985181
362	380	330.466016775256
364	380	392.67796329368
366	380	515.163166944722
368	380	795.211014094175
370	380	2896.13735329413
372	380	31570.6324067492
374	380	121309.367663079
376	380	294716.628604448
378	380	434674.025549351
380	380	483608.676038954
382	380	413338.599318525
384	380	251541.509613126
386	380	100541.631312421
388	380	24152.9009163311
390	380	3409.75976490082
392	380	1813.92242522099
394	380	1519.32423014386
396	380	1294.74537603819
398	380	1259.6527277093
400	380	1280.80343050994
402	380	1312.69330465583
404	380	1350.17743769699
406	380	1482.52490425044
408	380	1484.64739893832
410	380	1515.85028057928
412	380	1602.33886763984
414	380	1657.22625713019
416	380	1737.39916537154
418	380	1760.5420048125
420	380	1890.8967862777
422	380	2144.23323065136
424	380	2650.29283436447
426	380	3757.58238751371
428	380	5714.63248514064
430	380	8374.2056501875
432	380	11443.6549659562
434	380	13851.4401552256
436	380	14952.0920909655
438	380	14035.4721516335
440	380	11774.7732209988
442	380	8781.64265636597
444	380	6328.69371122261
446	380	4707.97025792122
448	380	3838.89516339035
450	380	3582.49232095123
452	380	3570.7498684994
454	380	3564.44032469126
456	380	3559.98535634473
458	380	3615.17781035529
460	380	3737.32039234196
462	380	3743.39762721382
464	380	3806.03438448728
466	380	3840.70463430504
468	380	3916.47717814636
470	380	3995.28750113143
472	380	4064.36460544481
474	380	4075.45846524511
476	380	4110.37031266001
478	380	4121.55531119277
480	380	4030.01029678274
482	380	4130.06780204619
484	380	4084.9444856611
486	380	4056.04735902134
488	380	4046.54156538366
490	380	4033.102537039
492	380	4121.60565394082
494	380	3986.54349204676
496	380	3986.81510394017
498	380	3946.77152425391
500	380	3861.85040559143
502	380	3896.11380852666
504	380	3771.19091550561
506	380	3764.19612536946
508	380	3789.07863894614
510	380	3722.66048847993
512	380	3713.35141009406
514	380	3530.65220518134
516	380	3505.4200846152
518	380	3406.00711954784
520	380	3293.38805400375
522	380	3292.47265935528
524	380	3240.597755887
526	380	3091.34138368187
528	380	3014.10976497785
530	380	2967.45402946001
532	380	2879.77699356955
534	380	2775.15862823525
536	380	2691.38540086993
538	380	2665.07933838932
540	380	2574.52633376187
542	380	2535.03307674191
544	380	2436.99065843816
546	380	2335.99771239745
548	380	2282.74906936515
550	380	2165.56141513628
552	380	2130.37224452443
554	380	2117.78744816586
556	380	2023.08426628416
558	380	1925.38058008937
560	380	1840.0263015648
300	390	386.061593986021
302	390	239.937082016948
304	390	255.398249180488
306	390	281.586732381043
308	390	256.662966375104
310	390	204.488824473032
312	390	213.492441143102
314	390	272.903437016265
316	390	218.89760781386
318	390	243.951094544438
320	390	226.920283759087
322	390	194.877513627855
324	390	231.398853597335
326	390	212.020553900904
328	390	190.876889425183
330	390	262.034005129925
332	390	213.697019425876
334	390	189.929105761086
336	390	204.115780691448
338	390	193.835586035618
340	390	180.174830839947
342	390	167.342317682677
344	390	168.015591923076
346	390	174.390218920417
348	390	182.287066739049
350	390	171.521759875405
352	390	188.964517068076
354	390	165.969002332637
356	390	166.195675863093
358	390	146.277761961505
360	390	167.052456604003
362	390	188.441069558395
364	390	183.334821263018
366	390	189.680722792091
368	390	180.415029844432
370	390	199.418143339912
372	390	271.050934893232
374	390	291.08564427523
376	390	389.002878478206
378	390	599.919445657069
380	390	1611.87912165057
382	390	18560.063533954
384	390	84287.5342446497
386	390	210783.281064392
388	390	343070.826124826
390	390	405438.531624469
392	390	352132.589605434
394	390	224650.231690653
396	390	93072.3160548677
398	390	23024.7538016136
400	390	2934.47434368195
402	390	1525.61310445792
404	390	1266.17797998833
406	390	1128.13516929359
408	390	1061.98148449466
410	390	1099.4327338677
412	390	1124.24850061151
414	390	1219.52540303647
416	390	1268.08428173207
418	390	1338.87767971947
420	390	1355.02929920364
422	390	1358.89275484203
424	390	1388.32960016771
426	390	1516.31098436383
428	390	1582.04849794776
430	390	1620.00208425369
432	390	1724.57789494891
434	390	1781.21965689789
436	390	2097.96355589257
438	390	2662.76897965697
440	390	3667.14658128864
442	390	5346.89480956543
444	390	7348.60610075785
446	390	9630.46542623612
448	390	11116.7037969565
450	390	11669.262965327
452	390	10724.3806377878
454	390	8831.66592500107
456	390	6646.48152765601
458	390	4938.17750868641
460	390	3795.46184986314
462	390	3396.8163113063
464	390	3278.57753381801
466	390	3132.36086454311
468	390	3235.41678634018
470	390	3236.24961074614
472	390	3301.2358334142
474	390	3295.15080191916
476	390	3303.38379242527
478	390	3402.9869649421
480	390	3356.26428142507
482	390	3401.65173963876
484	390	3508.47724921896
486	390	3463.34598918292
488	390	3467.27198837365
490	390	3504.91898281287
492	390	3467.69608084913
494	390	3455.36979926699
496	390	3377.30258094604
498	390	3386.96603880335
500	390	3432.33522341099
502	390	3405.95882519695
504	390	3427.90759642916
506	390	3348.9467975827
508	390	3253.84423776564
510	390	3323.58015562538
512	390	3260.18707508791
514	390	3129.78023505295
516	390	3194.25341928642
518	390	3056.52113393831
520	390	3083.5666545894
522	390	3022.48218013172
524	390	2917.6688506947
526	390	2783.77324808175
528	390	2765.11281967027
530	390	2746.83001467927
532	390	2677.82825797231
534	390	2570.56137753307
536	390	2474.07921342661
538	390	2455.45813231227
540	390	2311.75863244238
542	390	2294.19417494866
544	390	2263.21048808244
546	390	2230.30361267098
548	390	2077.40162912162
550	390	2068.62439895603
552	390	1944.01025384285
554	390	1902.03844302439
556	390	1824.43072455539
558	390	1792.72988652771
560	390	1696.66032819248
300	400	270.058728514402
302	400	242.249352556211
304	400	225.661740392836
306	400	226.052217333608
308	400	271.884011457016
310	400	210.506585511236
312	400	192.867730900484
314	400	237.440324739964
316	400	229.62928225192
318	400	171.563961688438
320	400	178.032710803405
322	400	165.393447758446
324	400	193.879457349455
326	400	185.70323616093
328	400	177.971952309294
330	400	132.386375561503
332	400	162.232634430552
334	400	156.524619618999
336	400	156.329882363079
338	400	155.262644856055
340	400	123.328440395352
342	400	129.055062159261
344	400	137.433489013604
346	400	137.081033101258
348	400	115.080072864026
350	400	105.575524225962
352	400	128.320220966843
354	400	118.115025674816
356	400	108.230153934147
358	400	105.541921507043
360	400	120.904528703209
362	400	117.833593496712
364	400	121.91046903139
366	400	118.622824268661
368	400	109.261866648835
370	400	126.334447437363
372	400	123.313598255524
374	400	132.442082443451
376	400	157.765246152738
378	400	162.685328586077
380	400	172.292411986188
382	400	186.697232762255
384	400	214.437365409709
386	400	289.623553840766
388	400	446.605950186361
390	400	1165.43754665841
392	400	14777.4111911594
394	400	70394.4508483859
396	400	184315.984440581
398	400	303774.081226406
400	400	357036.929646162
402	400	300459.11314948
404	400	184196.90754885
406	400	72627.01514584
408	400	16428.4443455843
410	400	2273.71743034636
412	400	1297.87179777251
414	400	1075.90519132114
416	400	949.021506448108
418	400	935.109734161689
420	400	943.361523572186
422	400	1003.96760696122
424	400	1008.11489137229
426	400	1072.61540422814
428	400	1112.24034970577
430	400	1169.03045857545
432	400	1223.58738076668
434	400	1239.17587578075
436	400	1269.58859210635
438	400	1335.19135916762
440	400	1363.20190547824
442	400	1495.330380209
444	400	1496.35496575839
446	400	1587.10841916662
448	400	1743.70800459185
450	400	2037.06880929142
452	400	2618.29756075322
454	400	3665.7220955676
456	400	5181.4750452443
458	400	6907.51163917272
460	400	8559.04702953372
462	400	9434.04609237369
464	400	9565.99934709392
466	400	8455.8992625367
468	400	6892.87885435118
470	400	5235.34168443709
472	400	4011.51259135744
474	400	3277.42123382389
476	400	2995.58812046125
478	400	2912.54027566147
480	400	2932.36846625824
482	400	2913.9990892759
484	400	2956.1878574722
486	400	2881.71585943856
488	400	2956.63284885321
490	400	3014.17873697015
492	400	3052.95921178672
494	400	3013.79061361345
496	400	3015.04831772957
498	400	2997.7423651842
500	400	3001.76105718406
502	400	3056.27772982126
504	400	2964.43462265421
506	400	2969.96267137521
508	400	3022.76308321641
510	400	2971.18976869571
512	400	2947.58282486262
514	400	2871.27776762282
516	400	2917.17480658166
518	400	2858.28613947802
520	400	2778.9995290433
522	400	2775.3451839868
524	400	2723.72652225329
526	400	2618.10568291593
528	400	2657.21726622987
530	400	2533.73958336925
532	400	2476.36714182124
534	400	2443.53554679026
536	400	2388.55368675813
538	400	2255.02870777649
540	400	2218.75737315599
542	400	2194.48785271142
544	400	2121.05264713248
546	400	2028.02577890613
548	400	1977.93810775786
550	400	1871.2627111137
552	400	1830.77695426052
554	400	1791.8496049616
556	400	1753.32890265214
558	400	1661.92664374438
560	400	1568.66595638892
300	410	192.757933517527
302	410	237.475333409441
304	410	211.322944835424
306	410	238.430936472904
308	410	234.466365899209
310	410	201.969491463941
312	410	172.729886568814
314	410	141.852058937271
316	410	160.665019090623
318	410	137.365606370807
320	410	179.344830789032
322	410	157.363579667554
324	410	165.583328264248
326	410	146.778162603523
328	410	153.613913068634
330	410	119.217954017276
332	410	145.260436993034
334	410	129.952117613539
336	410	119.994967268429
338	410	135.503063039455
340	410	109.171997079582
342	410	132.836381353109
344	410	131.282136074283
346	410	107.061959063927
348	410	103.629668348059
350	410	103.347451124882
352	410	83.6104476095899
354	410	91.8920200830037
356	410	87.6199439890464
358	410	77.9242935126162
360	410	93.5785174663196
362	410	80.4304849606059
364	410	75.9280085703247
366	410	77.1219313630998
368	410	92.765921468497
370	410	86.6488255281507
372	410	79.062157832326
374	410	83.2513391567901
376	410	72.3517061809898
378	410	76.3199716185722
380	410	90.3221674587143
382	410	98.9850849148203
384	410	104.293321263332
386	410	95.9228680806364
388	410	114.439580703352
390	410	132.138728881169
392	410	144.355163262594
394	410	170.801152618976
396	410	263.975291073582
398	410	391.439650248279
400	410	990.966903072593
402	410	13200.0289932399
404	410	61455.4385613063
406	410	156234.067090429
408	410	252015.278286773
410	410	293138.063221549
412	410	247993.304193906
414	410	151353.670691965
416	410	57148.2555844815
418	410	12655.8224418133
420	410	1690.54467243636
422	410	1067.47643564062
424	410	908.15708592357
426	410	842.387883241807
428	410	771.908870873672
430	410	733.706332417444
432	410	774.021663570503
434	410	836.625333350962
436	410	876.241107817193
438	410	926.189195620882
440	410	998.125079654276
442	410	1037.82831439726
444	410	1008.34402678208
446	410	1080.22131659588
448	410	1138.05959733756
450	410	1180.0198634651
452	410	1266.14957699048
454	410	1309.60156606975
456	410	1348.39973603275
458	410	1413.95290425332
460	410	1556.87018041183
462	410	1716.76071079787
464	410	2096.47460565713
466	410	2685.72009770804
468	410	3646.3501514822
470	410	4991.59977181535
472	410	6392.98570104745
474	410	7550.56423226671
476	410	8076.03961344239
478	410	7756.50310912968
480	410	6906.60331270106
482	410	5550.79782926788
484	410	4295.72200377291
486	410	3411.20117255908
488	410	2914.65172984417
490	410	2766.21719913407
492	410	2641.76267291819
494	410	2650.52918523431
496	410	2618.70983488449
498	410	2586.03036950419
500	410	2634.26564051159
502	410	2653.624542961
504	410	2649.34435306707
506	410	2681.12074936821
508	410	2636.55825126213
510	410	2584.46155371356
512	410	2540.51338584785
514	410	2601.53500462772
516	410	2588.32513361761
518	410	2542.77661215996
520	410	2545.90603796326
522	410	2522.06134886675
524	410	2427.95266041218
526	410	2426.91129581905
528	410	2338.86385166835
530	410	2328.87202331128
532	410	2269.83225859031
534	410	2194.70453951713
536	410	2084.40054977116
538	410	2048.61276946026
540	410	2021.87019186947
542	410	1928.90796027901
544	410	1908.07341624165
546	410	1828.90845377775
548	410	1765.00693175636
550	410	1703.15896553274
552	410	1614.75038375595
554	410	1536.96581494057
556	410	1569.39275012674
558	410	1491.19934087675
560	410	1391.06815557573
300	420	232.967396381456
302	420	122.820502558827
304	420	206.733783931791
306	420	210.104775714891
308	420	171.560647621672
310	420	152.899474972988
312	420	171.00622032378
314	420	146.222074118342
316	420	104.509693836366
318	420	117.305516190117
320	420	135.418626129083
322	420	151.094626358237
324	420	139.744274726394
326	420	99.0269733265826
328	420	165.900769388325
330	420	131.110134250107
332	420	148.746801477466
334	420	81.8541014743191
336	420	114.338493156151
338	420	89.8574829493099
340	420	96.4963200846637
342	420	118.864050654027
344	420	93.5122629143629
346	420	67.8203459780703
348	420	71.2752818361652
350	420	63.9563349839968
352	420	92.8110469525059
354	420	72.9501248377139
356	420	81.4574139372072
358	420	63.0732384098481
360	420	63.2728110108299
362	420	61.2354146411614
364	420	54.3647518188603
366	420	62.475200500417
368	420	66.9896215496236
370	420	69.1861463683043
372	420	70.2125164801536
374	420	71.1712645017944
376	420	53.4640899751243
378	420	66.2419525009709
380	420	75.9354799111689
382	420	73.2710334308932
384	420	61.8955282894032
386	420	61.8463105889952
388	420	68.2721516231656
390	420	69.1900920122598
392	420	84.2572870410336
394	420	80.6099028604343
396	420	82.0495896858026
398	420	93.2240176295676
400	420	100.367672009592
402	420	135.863011547978
404	420	162.734022031535
406	420	227.520376881971
408	420	351.131685590407
410	420	1029.370147691
412	420	13105.6278256678
414	420	58158.4262733013
416	420	144411.158064809
418	420	231957.948294947
420	420	260512.33991958
422	420	213809.094028912
424	420	126670.958316011
426	420	47524.0077063058
428	420	10321.5948195405
430	420	1419.98253586504
432	420	946.172652065711
434	420	773.480977749515
436	420	699.166652006903
438	420	674.361766503727
440	420	663.36833472479
442	420	662.830660124649
444	420	696.901897236527
446	420	745.314038660658
448	420	800.588901030827
450	420	876.857150638925
452	420	907.477682037973
454	420	929.702823265656
456	420	974.599809514737
458	420	1007.61906858544
460	420	1107.9492301896
462	420	1128.48794193361
464	420	1192.4106398194
466	420	1222.97082243213
468	420	1298.41082626259
470	420	1321.73244746912
472	420	1474.29213413484
474	420	1605.89336582452
476	420	1751.29498740297
478	420	2154.74782254012
480	420	2802.56478936332
482	420	3725.54794289936
484	420	4771.51301324601
486	420	5873.22566663927
488	420	6561.11308811855
490	420	6842.2138422456
492	420	6543.32752503961
494	420	5779.77971765621
496	420	4741.33458309477
498	420	3678.03800899324
500	420	2938.86698368731
502	420	2577.77084551799
504	420	2392.33168703985
506	420	2388.90646761963
508	420	2339.39133456065
510	420	2382.59790934897
512	420	2310.74116742325
514	420	2296.2578879453
516	420	2302.62418791641
518	420	2218.59076412199
520	420	2243.78574569877
522	420	2244.8999834166
524	420	2164.74014475249
526	420	2136.65461869989
528	420	2069.78704098844
530	420	2047.47873523377
532	420	2007.34660166968
534	420	1982.59286292507
536	420	1921.05183679786
538	420	1839.16501339235
540	420	1795.99064705078
542	420	1734.88480997775
544	420	1717.82696112084
546	420	1595.6714840776
548	420	1573.90866242007
550	420	1525.97162802422
552	420	1493.31775160444
554	420	1458.49878722797
556	420	1384.15430933484
558	420	1310.2544366057
560	420	1293.87742432668
300	430	227.014414381267
302	430	195.012486482536
304	430	154.345076654084
306	430	185.154480133754
308	430	151.01328634805
310	430	166.429624519791
312	430	164.094264476391
314	430	135.110126793932
316	430	194.065792203993
318	430	148.964297200454
320	430	141.366014472457
322	430	136.431238349132
324	430	147.456183500798
326	430	145.891842685713
328	430	102.627783717787
330	430	127.417959183128
332	430	136.113029663904
334	430	119.568897132497
336	430	95.4050888769951
338	430	90.6821053008791
340	430	78.6937756195765
342	430	104.425319224592
344	430	71.9800009506556
346	430	70.0300037682258
348	430	68.2379864770231
350	430	74.1638016300601
352	430	80.3451184289027
354	430	69.0612315979382
356	430	56.7587869119503
358	430	60.0146210096176
360	430	59.9540721640022
362	430	52.3382657461954
364	430	55.2965779307198
366	430	48.41524226633
368	430	53.844067295369
370	430	48.3805758125847
372	430	61.0668601187098
374	430	51.3479608516135
376	430	50.4248695032131
378	430	50.167790953936
380	430	49.8340486124354
382	430	46.5183258346795
384	430	51.1493713831074
386	430	58.9837925526903
388	430	60.9239681927772
390	430	59.3990098929724
392	430	53.4704010400382
394	430	49.5152213905182
396	430	62.0862665555037
398	430	66.4119969834085
400	430	70.1967318418223
402	430	61.5532350480221
404	430	78.9783732878575
406	430	80.6877975574808
408	430	92.5030203978701
410	430	102.393791953939
412	430	117.455859534218
414	430	149.20983955347
416	430	209.092508770649
418	430	314.770423831089
420	430	976.805320338866
422	430	11628.525134256
424	430	51526.4934546649
426	430	130631.944079701
428	430	208786.132533346
430	430	237569.986454034
432	430	198601.800486019
434	430	120224.903895299
436	430	45379.6648495116
438	430	10566.0833550042
440	430	1383.57640562579
442	430	843.591336710473
444	430	678.75933268472
446	430	652.085137598672
448	430	603.07757456151
450	430	591.939284977977
452	430	593.864398316019
454	430	617.692153599761
456	430	690.579214570638
458	430	722.523420195808
460	430	801.345285694501
462	430	816.143612593204
464	430	870.372103843347
466	430	902.863424081728
468	430	949.079306955877
470	430	996.958737747159
472	430	1030.41583719947
474	430	1102.59630876864
476	430	1124.69928917829
478	430	1177.49963461531
480	430	1249.56142738027
482	430	1251.44533510455
484	430	1361.43283284404
486	430	1436.32333621
488	430	1550.72305937065
490	430	1707.26873237544
492	430	2103.6796004377
494	430	2627.95780479026
496	430	3297.64590055645
498	430	4185.18103355368
500	430	4990.73108125369
502	430	5545.84322321837
504	430	5672.63040732956
506	430	5494.87443243671
508	430	4787.02232554431
510	430	3944.224573445
512	430	3115.84272866243
514	430	2542.66698934685
516	430	2157.10996911013
518	430	2007.32327864659
520	430	1934.23296079414
522	430	1910.64115451827
524	430	1836.78119367544
526	430	1800.79425642202
528	430	1776.64620216235
530	430	1752.07423366241
532	430	1726.01539495036
534	430	1637.72987401937
536	430	1592.55100109972
538	430	1524.96414848586
540	430	1490.50495501163
542	430	1493.19173741646
544	430	1387.15151884562
546	430	1404.19041479634
548	430	1354.25571609604
550	430	1350.19908230248
552	430	1268.55509158141
554	430	1231.31538965341
556	430	1207.34069373373
558	430	1157.18740859302
560	430	1068.47259520083
300	440	164.39561079602
302	440	134.824687172062
304	440	213.692375970041
306	440	183.012961414308
308	440	135.366335541214
310	440	155.68180830244
312	440	158.093144276693
314	440	166.445246577253
316	440	107.999156852386
318	440	96.7283638048029
320	440	116.390015009848
322	440	105.848724416421
324	440	84.857822305598
326	440	129.19043129551
328	440	90.0488797951573
330	440	73.2724994442793
332	440	120.481995035849
334	440	120.885635468983
336	440	94.4116280367021
338	440	78.0256610275733
340	440	81.8674839423419
342	440	58.2546728455657
344	440	80.8669362665553
346	440	65.1519533146461
348	440	65.9419994220809
350	440	55.9747784619355
352	440	67.8640558664479
354	440	50.9529649058718
356	440	50.6694683537484
358	440	50.0805166912455
360	440	44.3745637665651
362	440	41.2139087952644
364	440	58.1888883572429
366	440	53.1756388478119
368	440	50.0250171935664
370	440	42.2002296505195
372	440	32.774323518826
374	440	36.8396134961561
376	440	38.7806352435169
378	440	38.1845558138112
380	440	23.2484631220376
382	440	43.9512845391357
384	440	35.8675427491968
386	440	44.3315836379941
388	440	33.867285421018
390	440	42.8285083695703
392	440	44.3309147690692
394	440	46.9987030834587
396	440	43.0390325619119
398	440	52.7507831307342
400	440	42.1872770045001
402	440	39.3016252644688
404	440	48.6552895580558
406	440	50.5721744919781
408	440	57.7329035234655
410	440	50.2490167083561
412	440	49.7502899673921
414	440	67.6200391583605
416	440	72.400393844783
418	440	78.5019277092456
420	440	85.7738920952695
422	440	113.513700872575
424	440	117.76362563992
426	440	193.069435563302
428	440	268.928188975991
430	440	802.958835035113
432	440	10096.9566666365
434	440	45338.6459485025
436	440	111871.255830424
438	440	179667.152250394
440	440	210134.491499768
442	440	178253.265828212
444	440	109348.005224605
446	440	43583.3177190437
448	440	10818.2540610898
450	440	1410.91779066864
452	440	716.12446342256
454	440	635.736571486935
456	440	584.558021953695
458	440	559.165287002202
460	440	549.618884987799
462	440	570.685292155184
464	440	565.757914375378
466	440	605.052308891164
468	440	631.277427172877
470	440	688.095379543207
472	440	757.730972463887
474	440	786.972975547491
476	440	775.649310982629
478	440	841.299179855538
480	440	864.692003486407
482	440	914.321800750332
484	440	953.504233822963
486	440	967.734759162885
488	440	1003.92460615529
490	440	1057.92245779191
492	440	1095.60636555972
494	440	1145.64379316003
496	440	1152.33645022208
498	440	1217.18721526715
500	440	1215.56347868071
502	440	1330.4126802296
504	440	1517.04705151535
506	440	1828.3748242583
508	440	2235.16241557867
510	440	2829.23970258853
512	440	3522.06263162158
514	440	4157.39373400994
516	440	4754.3754803127
518	440	4781.57955430818
520	440	4469.86761961707
522	440	3872.96888601105
524	440	3112.2468237955
526	440	2416.34164818216
528	440	1920.33197915066
530	440	1595.29394977069
532	440	1453.93534308799
534	440	1404.04146867133
536	440	1317.78740099143
538	440	1245.08560323392
540	440	1253.87254402616
542	440	1212.30364556745
544	440	1175.82782238313
546	440	1121.62859715915
548	440	1066.51436981973
550	440	1038.72995345062
552	440	1085.74764433787
554	440	1034.04911145411
556	440	989.947072782623
558	440	989.155325682792
560	440	920.920646808137
300	450	182.163891233909
302	450	183.102313744441
304	450	133.533425700674
306	450	166.878829099628
308	450	139.934924424565
310	450	152.110999980489
312	450	130.610369826269
314	450	148.672251653299
316	450	123.346950561107
318	450	126.66472742691
320	450	93.1643638238684
322	450	108.234713585557
324	450	107.341248449811
326	450	98.5826266326998
328	450	119.169368631853
330	450	86.3376826416063
332	450	92.4619718397518
334	450	96.2477452483608
336	450	105.375770275234
338	450	75.0209562971167
340	450	80.4226607493237
342	450	80.8874360257152
344	450	65.0497556196187
346	450	56.4353658497615
348	450	56.6390581123713
350	450	46.3204233158985
352	450	37.9334110649314
354	450	50.7219449432863
356	450	44.6418139446481
358	450	51.8023761814932
360	450	32.2258248776222
362	450	39.1047682438482
364	450	37.6230991825883
366	450	48.8543607813738
368	450	48.1325454012331
370	450	41.1451884821192
372	450	36.1652421743554
374	450	33.7457860320564
376	450	29.8577003264315
378	450	35.7585569990543
380	450	37.7972771381665
382	450	34.0668637412418
384	450	33.9040538673039
386	450	27.801886532854
388	450	34.7331937351106
390	450	38.9448230061075
392	450	38.3848574095549
394	450	30.9639817360607
396	450	36.4084526491211
398	450	35.9033879328505
400	450	50.3725818998949
402	450	51.0218703383201
404	450	43.9547444568152
406	450	59.6147652422023
408	450	56.6614055321062
410	450	49.3815732347573
412	450	48.3449275985019
414	450	48.8112729905667
416	450	54.1852538764868
418	450	51.0495936599421
420	450	52.8181173798458
422	450	64.8743872000874
424	450	69.5769422246129
426	450	73.5028884661995
428	450	79.3766854648329
430	450	98.5402210564291
432	450	106.870917116051
434	450	153.738522323547
436	450	186.4026476874
438	450	304.628510249009
440	450	600.319661283218
442	450	8712.86731459081
444	450	43587.9584440847
446	450	116160.317365345
448	450	192267.424231046
450	450	221254.115923763
452	450	190194.746752046
454	450	109820.252405189
456	450	40643.4292619301
458	450	8593.35088019887
460	450	1177.58500393567
462	450	658.691261566966
464	450	577.397651511266
466	450	521.349068217444
468	450	533.815335765051
470	450	516.832715704649
472	450	505.975912606413
474	450	499.721951640931
476	450	520.926048956103
478	450	511.124951590361
480	450	563.982719910721
482	450	631.616550004072
484	450	644.701406766859
486	450	668.436012120969
488	450	701.787488852143
490	450	712.893459895653
492	450	746.435330655769
494	450	751.6419152584
496	450	781.985814548589
498	450	827.267241407724
500	450	844.944556598853
502	450	829.808894777879
504	450	852.120120613662
506	450	861.310328474827
508	450	913.185050664899
510	450	911.958077250258
512	450	946.376333424489
514	450	984.494811240611
516	450	1085.68331834671
518	450	1194.12380946602
520	450	1448.9932648526
522	450	1842.20079027842
524	450	2312.68556408229
526	450	2996.32182916498
528	450	3444.98261460365
530	450	3794.76328775176
532	450	3792.66631106987
534	450	3562.84964096675
536	450	3040.11385596119
538	450	2496.59210320291
540	450	1876.65321805743
542	450	1367.97770658618
544	450	1135.75659715602
546	450	989.51385155526
548	450	927.624821068718
550	450	886.311538194155
552	450	844.839131435117
554	450	806.216510496185
556	450	733.386916027631
558	450	733.741344035293
560	450	748.608985678121
