EM wavelength	EX wavelength	S1c/R1c
nm	nm	CPS / MicroAmps
300	240	33829.2987273121
302	240	38230.1036121506
304	240	39190.0497025638
306	240	42157.9183811729
308	240	44354.2808894507
310	240	41425.1383307334
312	240	46500.1061161042
314	240	45045.9374563758
316	240	47654.7085932249
318	240	62158.1480681797
320	240	53538.7385680562
322	240	44156.1742252648
324	240	52204.2399368879
326	240	51604.0887469461
328	240	49056.2166091086
330	240	42537.8720037067
332	240	44333.2414313404
334	240	37300.0302050261
336	240	38284.1033249444
338	240	42583.9591256687
340	240	36379.6194940514
342	240	35563.9764399898
344	240	25119.4735222143
346	240	24772.1371309546
348	240	21647.571370445
350	240	23480.3592104525
352	240	19419.5964136567
354	240	20157.2958725506
356	240	16153.5282609371
358	240	17501.91633084
360	240	14896.0735085505
362	240	15037.7120864609
364	240	14085.2156845834
366	240	13439.4621111031
368	240	12336.0146911022
370	240	9579.08791923147
372	240	11391.5263844375
374	240	8195.35451395766
376	240	8628.79868243142
378	240	8575.63756888938
380	240	9031.33810279399
382	240	6580.87551240164
384	240	6685.78414022148
386	240	8157.06069482154
388	240	7609.24239413575
390	240	7404.87219503288
392	240	6927.47485186507
394	240	5891.52481888301
396	240	6606.68618091952
398	240	6437.49314895132
400	240	5146.4021313542
402	240	5691.00447129002
404	240	7570.27739652651
406	240	6247.2033476077
408	240	5628.14650736101
410	240	4617.90988731627
412	240	6010.39500635453
414	240	4595.22773269524
416	240	5770.15243722087
418	240	4377.05881667819
420	240	5043.39066807968
422	240	3897.50796399262
424	240	3317.0846067159
426	240	4414.07368389768
428	240	4010.15165430479
430	240	4237.0022198318
432	240	3520.74805381708
434	240	3945.46980891157
436	240	3942.96152673352
438	240	2769.4728827969
440	240	3621.89876513621
442	240	3285.21257418737
444	240	3844.36439117148
446	240	3275.0388711414
448	240	3151.09012065944
450	240	3573.19710855467
452	240	3460.74535780268
454	240	2699.57915397156
456	240	3638.91505909661
458	240	2948.04109010932
460	240	3214.89697244482
462	240	2827.64341846863
464	240	3733.57363374882
466	240	4229.68833712932
468	240	9760.16945096256
470	240	26607.5172648545
472	240	59673.8698536127
474	240	112951.686476246
476	240	189594.93767624
478	240	259640.240026046
480	240	321135.82751459
482	240	341263.10743493
484	240	322952.794937425
486	240	265537.547374797
488	240	185736.473769368
490	240	103845.541155054
492	240	41195.6285468841
494	240	15766.7167936765
496	240	8289.79435040914
498	240	5217.56125403073
500	240	4963.43379373203
502	240	5084.36920073954
504	240	3553.9011268362
506	240	4791.69999467813
508	240	6493.94990083408
510	240	9281.47253705268
512	240	13503.9592385098
514	240	24385.2250888037
516	240	35088.5929568483
518	240	48788.3738276487
520	240	67178.9447727853
522	240	78603.4684036781
524	240	93964.1855459996
526	240	90787.1687536183
528	240	80715.3259613658
530	240	68155.598658178
532	240	49844.2340809041
534	240	33917.1372071026
536	240	17834.7378321578
538	240	10001.6850590795
540	240	6327.62141551251
542	240	4941.79171597616
544	240	4500.19899740744
546	240	3996.60032953872
548	240	3813.96095051564
550	240	2786.61523366514
552	240	4429.22613698301
554	240	3432.69038076324
556	240	2559.9953770609
558	240	2705.2983043983
560	240	3275.33801861059
300	250	28325.2736518872
302	250	35657.1977810427
304	250	36254.4886695887
306	250	39495.0732973673
308	250	44486.7736843161
310	250	45653.5061927878
312	250	45035.5284490633
314	250	45215.9283305449
316	250	52226.1808583907
318	250	46459.1530568521
320	250	48181.4224740245
322	250	52081.4892213003
324	250	50517.9198872386
326	250	46655.8024407984
328	250	44059.9124297241
330	250	42608.889488871
332	250	40721.9976740245
334	250	38535.5797414838
336	250	37076.002550475
338	250	31920.263467631
340	250	33428.0398370288
342	250	28059.5772058233
344	250	27549.3006614587
346	250	27454.1034170107
348	250	26437.8423482041
350	250	22503.0175551016
352	250	20227.4404404677
354	250	19581.7247384772
356	250	17866.6303659469
358	250	16705.3532496498
360	250	13650.9625795615
362	250	12857.3482084819
364	250	11361.974244124
366	250	10327.2819692704
368	250	10394.8355248718
370	250	10079.0574528704
372	250	8043.43951444347
374	250	7460.31504151639
376	250	6845.80014938469
378	250	6819.19772856508
380	250	6104.84702958147
382	250	5982.56561561206
384	250	5143.02575806382
386	250	4745.16343984508
388	250	4858.37040181546
390	250	5091.77888048085
392	250	5232.29731429076
394	250	4811.90693308696
396	250	3869.17893964928
398	250	4385.58069827594
400	250	3971.42401553756
402	250	3741.73837553692
404	250	3955.19697945774
406	250	3762.44202018739
408	250	4150.32041266864
410	250	3368.60477669507
412	250	3346.79746778067
414	250	2983.13299350162
416	250	3210.1217851825
418	250	3057.3809335123
420	250	2753.21304391943
422	250	3117.5306666784
424	250	2950.55482708982
426	250	2770.12396352278
428	250	3013.47319784091
430	250	2869.67838478041
432	250	2551.68959872088
434	250	2860.15966211947
436	250	2622.02910667388
438	250	2564.69198417775
440	250	2917.48305814031
442	250	2421.07534756859
444	250	2600.11408259857
446	250	2360.10212662162
448	250	2239.36437635515
450	250	2462.6958572846
452	250	2545.36717666515
454	250	2451.73424973429
456	250	2509.24547057546
458	250	2370.05600651609
460	250	2186.82064333345
462	250	2569.44301166645
464	250	2516.52664339314
466	250	2115.40946650116
468	250	2283.7776677547
470	250	2579.41649338759
472	250	2506.96488767844
474	250	2202.804364916
476	250	2082.52961489924
478	250	2487.98584174502
480	250	2651.55308383204
482	250	2721.47757732788
484	250	2950.01161842408
486	250	5515.44579189493
488	250	14055.4290912371
490	250	38937.6160993986
492	250	80743.0685536238
494	250	139622.381383739
496	250	210287.05956141
498	250	286489.515431978
500	250	334740.79493071
502	250	344620.061653504
504	250	307525.037140823
506	250	240845.948174434
508	250	159217.83541948
510	250	87932.7735677325
512	250	35094.4002273802
514	250	12156.5932721468
516	250	5907.21842097912
518	250	5428.00558618854
520	250	4393.54986707572
522	250	4378.58947062369
524	250	4547.8166363297
526	250	4477.424543995
528	250	5044.11066399813
530	250	5039.75380676755
532	250	8382.75997960461
534	250	14230.7509602128
536	250	24384.3585893458
538	250	38363.5504833903
540	250	53597.0957843938
542	250	73259.2798223853
544	250	88041.4432104367
546	250	95935.2605501017
548	250	98015.5626767398
550	250	96777.9157979694
552	250	79958.3792856034
554	250	65489.8953515823
556	250	46782.2642030159
558	250	30953.5239626897
560	250	17673.214575323
300	260	34124.4491481465
302	260	37016.5466673935
304	260	41445.2016837197
306	260	41816.9120578281
308	260	42903.9204643098
310	260	45240.829675157
312	260	44092.3182415603
314	260	45283.3946819736
316	260	48029.7515551813
318	260	43708.7833513057
320	260	41928.5504815688
322	260	43675.7985728234
324	260	44477.0969580871
326	260	43790.1301815449
328	260	40845.6305145645
330	260	38733.3935265847
332	260	34974.854318308
334	260	30987.4181853401
336	260	30044.855724092
338	260	29378.9819961355
340	260	26764.439217365
342	260	22823.7399654178
344	260	21551.5636208857
346	260	19414.9258423091
348	260	18470.9892463449
350	260	15993.7494159156
352	260	15266.5709057838
354	260	12919.5134456185
356	260	12584.7350662162
358	260	11163.0669545082
360	260	10399.2460835532
362	260	9568.70595152925
364	260	7724.9330452517
366	260	7183.41313559031
368	260	7035.30067804162
370	260	6602.43866758591
372	260	5864.76657370378
374	260	5539.37510305223
376	260	5261.97729039632
378	260	5103.10339081549
380	260	4521.29363722212
382	260	4215.14496691007
384	260	3830.45280929553
386	260	3876.75647132066
388	260	3788.2362304837
390	260	3384.9071889261
392	260	3361.06824678836
394	260	3397.46812790673
396	260	3249.25635321674
398	260	3172.19344200697
400	260	2479.71175539764
402	260	2491.2097531918
404	260	2532.54323039259
406	260	2771.62989481404
408	260	2653.89950445831
410	260	2260.46677708608
412	260	2504.66514839653
414	260	2165.32124294618
416	260	2478.15188633636
418	260	2235.78754410186
420	260	2184.73978619149
422	260	1980.85971200665
424	260	2083.45082869029
426	260	1967.84547113925
428	260	1776.61730430513
430	260	1866.57225686595
432	260	1825.28810155339
434	260	1907.33327197354
436	260	1789.21783387595
438	260	2040.94860332714
440	260	1767.61092018777
442	260	1759.71972820562
444	260	1813.92559766114
446	260	1722.48603237405
448	260	1539.59077245595
450	260	1805.81183841348
452	260	1764.51812845861
454	260	1779.23820047989
456	260	1588.50762728349
458	260	1398.57546338417
460	260	1815.5262447448
462	260	1933.2847926198
464	260	1806.2708754313
466	260	1919.91860948389
468	260	1923.36928030095
470	260	1894.35804199259
472	260	1901.95255394467
474	260	1868.74327751663
476	260	1961.36388977025
478	260	2135.29565806363
480	260	2449.02155133375
482	260	2326.78998088974
484	260	2544.39985455777
486	260	2605.50179039428
488	260	2439.96285235981
490	260	2348.76536213117
492	260	2521.63179911065
494	260	2523.41383289877
496	260	2281.08976394119
498	260	2311.28720508832
500	260	2581.04295842721
502	260	2396.70010030935
504	260	2896.29598087529
506	260	4256.00386262508
508	260	13639.0546013427
510	260	38089.1549477555
512	260	85778.4052726955
514	260	154531.237712308
516	260	230865.994215161
518	260	311869.589012715
520	260	361151.346233393
522	260	361723.43933931
524	260	314053.163245026
526	260	241677.076019877
528	260	158118.498269085
530	260	82820.7855785214
532	260	33078.9616045728
534	260	11169.4237349718
536	260	6355.0610414363
538	260	5556.44169470113
540	260	5397.8808077615
542	260	5012.4117055156
544	260	5026.60332814598
546	260	5377.78713704348
548	260	4692.86783517999
550	260	4595.55087429363
552	260	5502.59027975732
554	260	7130.57197661589
556	260	11038.0016476849
558	260	17676.5414012194
560	260	27740.6394174181
300	270	689393.163258351
302	270	449647.829718619
304	270	240716.18759702
306	270	111543.286442218
308	270	60176.5047684939
310	270	47753.0184286523
312	270	43049.0141867623
314	270	41661.3915730505
316	270	38756.9009572771
318	270	36801.0031032319
320	270	37689.5989703978
322	270	34580.9592487019
324	270	33898.5397271845
326	270	34712.6538077988
328	270	33386.1787977006
330	270	30782.2136544693
332	270	27526.4419651517
334	270	26469.3755433784
336	270	23924.9361451868
338	270	22001.9577810484
340	270	20705.495895919
342	270	18166.5635944399
344	270	16803.8172729808
346	270	15517.9865520905
348	270	14081.0504706574
350	270	12054.3608177937
352	270	12124.5547967187
354	270	11422.1509364425
356	270	9408.11047969818
358	270	8921.82935573737
360	270	7867.22252982194
362	270	7371.79786314482
364	270	6675.81900205668
366	270	6171.69661775674
368	270	6409.32905063347
370	270	5288.7357883498
372	270	5117.86872167457
374	270	4715.45040538203
376	270	4714.05944219669
378	270	4108.04432973065
380	270	3849.77468310444
382	270	3605.05695860938
384	270	3247.29243665078
386	270	3103.19658359797
388	270	2880.07320436702
390	270	2983.26454340142
392	270	2892.8122957811
394	270	2447.4530530725
396	270	2502.78746457413
398	270	2464.56983336297
400	270	2373.68881673306
402	270	2257.15519536082
404	270	2081.55296489029
406	270	1998.98608649429
408	270	1992.1385328263
410	270	1906.75870777115
412	270	1907.50515193855
414	270	1856.84214823674
416	270	1877.7979797137
418	270	1755.67907029865
420	270	1811.7196579558
422	270	1584.40187969756
424	270	1557.3481337844
426	270	1433.4490015084
428	270	1404.90346598492
430	270	1625.27108228454
432	270	1340.11090009622
434	270	1476.66083566268
436	270	1516.81692044787
438	270	1391.40460874134
440	270	1398.72628058539
442	270	1405.2638406049
444	270	1308.23383014082
446	270	1328.16486175293
448	270	1378.43606945191
450	270	1177.26530003641
452	270	1440.60819039259
454	270	1366.62884575527
456	270	1251.25638182148
458	270	1413.90198990515
460	270	1360.04351875281
462	270	1303.68321911856
464	270	1368.75208203192
466	270	1402.7229650861
468	270	1297.27380535222
470	270	1382.34941266205
472	270	1329.69365061077
474	270	1555.78338419559
476	270	1534.49748139754
478	270	1651.3117514325
480	270	1875.05038715295
482	270	1806.07459819872
484	270	1592.42946112999
486	270	1827.38801840653
488	270	1701.94214522629
490	270	1713.40153441998
492	270	1863.70704966573
494	270	1705.70193576632
496	270	1865.7956956951
498	270	1811.7049538899
500	270	1769.13327761465
502	270	1571.60122238831
504	270	1718.34421291908
506	270	1706.24912798259
508	270	1646.54459073104
510	270	1746.49652463147
512	270	1875.18567382277
514	270	1693.48455300888
516	270	1802.40645961375
518	270	1866.1129446683
520	270	1945.03551026874
522	270	1875.17116657061
524	270	2384.16787610131
526	270	4476.70023382309
528	270	16488.2503978215
530	270	48044.4145822806
532	270	102157.769390954
534	270	177452.004305288
536	270	260337.015351637
538	270	341300.092256458
540	270	389519.200334346
542	270	384247.661678316
544	270	338188.160758891
546	270	257543.777148889
548	270	167774.905764424
550	270	89975.0409892135
552	270	37437.3091548351
554	270	13778.0861843258
556	270	7399.09269723427
558	270	6450.42555415062
560	270	6261.43523033293
300	280	69837.8825128398
302	280	149825.580958053
304	280	290900.297676381
306	280	475675.10752992
308	280	613640.674416854
310	280	620671.186565868
312	280	499817.048133428
314	280	323841.041284549
316	280	170791.798843782
318	280	79539.8550880921
320	280	41972.7611247705
322	280	30087.5787085623
324	280	25758.9210041908
326	280	25379.5806991097
328	280	22554.4610710388
330	280	21699.3580719677
332	280	21194.2200963356
334	280	18778.8804030397
336	280	17477.1639856914
338	280	15808.6098822559
340	280	15102.2031396371
342	280	13442.6621478917
344	280	13331.3395029157
346	280	10886.478782643
348	280	11080.8449443145
350	280	9603.89387717077
352	280	8727.36681222699
354	280	7717.09282673109
356	280	7090.10120462349
358	280	6724.36332921495
360	280	5914.49933983562
362	280	5609.80538260386
364	280	5073.40834683915
366	280	4760.33156180352
368	280	4438.88091195323
370	280	4183.16335885256
372	280	3745.00095828638
374	280	3509.99499985284
376	280	3440.4501401896
378	280	3434.29192612978
380	280	3093.54173251593
382	280	2765.79850815966
384	280	2806.94523896867
386	280	2612.21701821868
388	280	2311.78925368996
390	280	2418.97753526462
392	280	2284.44824055387
394	280	2260.62556770382
396	280	2060.47030519543
398	280	2114.99474252111
400	280	2020.14524913742
402	280	1981.866645645
404	280	2014.91267159813
406	280	1857.49423961681
408	280	1851.36250663009
410	280	1769.00737824639
412	280	1761.018885483
414	280	1622.28892758577
416	280	1592.1315623213
418	280	1556.48888614747
420	280	1428.20776641101
422	280	1493.80699790458
424	280	1329.19433776152
426	280	1403.42576238008
428	280	1402.24695070102
430	280	1378.96550277949
432	280	1360.61523178213
434	280	1176.81374919466
436	280	1277.48510920355
438	280	1167.37296171404
440	280	1196.25123572115
442	280	1227.07247435966
444	280	1099.31925400929
446	280	1038.03015774853
448	280	1186.79975905907
450	280	1087.21923999934
452	280	1149.48911841529
454	280	1093.84864694272
456	280	997.6877763267
458	280	1167.3044582766
460	280	1012.53648847011
462	280	1220.01551938234
464	280	1077.7215960745
466	280	1259.34857751735
468	280	1185.54325929372
470	280	1189.17592940593
472	280	1238.18337123903
474	280	1391.61373718422
476	280	1277.59720697366
478	280	1254.78278348729
480	280	1233.1010530173
482	280	1353.73289461674
484	280	1394.05343828651
486	280	1379.76877110385
488	280	1473.7692957487
490	280	1311.17732120541
492	280	1323.35975525646
494	280	1293.72888223907
496	280	1355.67363911035
498	280	1234.25181563632
500	280	1250.40705784405
502	280	1264.36405353822
504	280	1231.96045180967
506	280	1231.1511859695
508	280	1369.28860114127
510	280	1320.45156418727
512	280	1335.79549127061
514	280	1391.70141821396
516	280	1235.90138169837
518	280	1369.88656349123
520	280	1255.63998817449
522	280	1404.13146829306
524	280	1298.50785347144
526	280	1442.1926504004
528	280	1394.38199723325
530	280	1380.40811216073
532	280	1608.9234991585
534	280	1714.45691557288
536	280	1740.9197523629
538	280	1814.38990711233
540	280	1979.25709709908
542	280	2329.98543727752
544	280	2985.55861798221
546	280	5740.6611041514
548	280	20540.4629342812
550	280	56507.9586631507
552	280	116257.938022749
554	280	192555.780704734
556	280	277588.044649039
558	280	357137.617768062
560	280	400922.820302324
300	290	40558.9760979618
302	290	28032.2320602472
304	290	24093.722716642
306	290	22632.7001173342
308	290	21913.2331379265
310	290	24965.9704488722
312	290	41014.5182925988
314	290	91027.7140002777
316	290	180491.2396814
318	290	292735.066620619
320	290	384601.334964088
322	290	402590.10160632
324	290	341958.575036427
326	290	230736.272383634
328	290	127604.780013625
330	290	57998.7267881506
332	290	28103.3529727706
334	290	16345.4978961626
336	290	13302.202637835
338	290	11678.8116430012
340	290	9941.66033591212
342	290	9507.29433765195
344	290	8786.42089378929
346	290	7732.34364801168
348	290	7383.66484566572
350	290	6310.93134606975
352	290	6181.25796127274
354	290	5577.23722165267
356	290	5049.04827319732
358	290	4945.28814661463
360	290	4711.81896245479
362	290	4238.23472811225
364	290	4060.81326007486
366	290	3690.35339353609
368	290	3317.91337059716
370	290	3232.4923898167
372	290	2816.85708061557
374	290	2722.56118777817
376	290	2607.70964332459
378	290	2324.79020859333
380	290	2253.54763835257
382	290	2318.31797920529
384	290	2107.20670066368
386	290	1985.62772294149
388	290	1880.37112709903
390	290	1890.32267293039
392	290	1903.10619814297
394	290	1902.81511472606
396	290	1778.33589200659
398	290	1626.82491309312
400	290	1655.22302964937
402	290	1634.65600143274
404	290	1629.65871559655
406	290	1572.56822861621
408	290	1500.19771531954
410	290	1530.57024348535
412	290	1374.08615587093
414	290	1549.4245283765
416	290	1356.28937688273
418	290	1313.00325640279
420	290	1250.45509825243
422	290	1123.27206355017
424	290	1231.42251195493
426	290	1234.24509226316
428	290	1164.51745819736
430	290	1112.14825302435
432	290	1175.44281885071
434	290	1194.5218430413
436	290	1015.93792293817
438	290	1053.06849971442
440	290	959.367554710146
442	290	1000.59448690915
444	290	935.970436308012
446	290	901.412417574103
448	290	854.218906522275
450	290	881.027657986202
452	290	814.901476364539
454	290	895.988959152544
456	290	822.277862755363
458	290	825.794015899046
460	290	831.473130729146
462	290	789.568409663501
464	290	783.632835925169
466	290	790.925300647058
468	290	748.959234115597
470	290	785.440175210231
472	290	782.288412325062
474	290	790.304879129316
476	290	890.312394360644
478	290	857.350437519877
480	290	858.274237442861
482	290	824.733305345725
484	290	929.235056992634
486	290	794.1005583764
488	290	841.394706369664
490	290	856.173594137436
492	290	773.14019530137
494	290	859.261110058335
496	290	874.776143452597
498	290	825.483924603764
500	290	781.580292176933
502	290	848.503562095113
504	290	819.343700717128
506	290	747.778210563964
508	290	834.576238538646
510	290	796.199556850669
512	290	744.731754900211
514	290	681.14492536938
516	290	770.460790505205
518	290	808.034333254913
520	290	840.090963373884
522	290	775.334442528627
524	290	787.599247743678
526	290	797.924019308864
528	290	822.359482320329
530	290	954.702597310654
532	290	1039.79440329644
534	290	1057.72333583626
536	290	1331.24270830893
538	290	1574.48723702009
540	290	1782.21801730385
542	290	2118.27841806884
544	290	2616.22121671629
546	290	3115.64666660784
548	290	3561.3151448513
550	290	4227.9427342684
552	290	4942.39769094025
554	290	4984.11508529528
556	290	5690.7768789153
558	290	5959.91854222467
560	290	6232.99510794656
300	300	3241045.00486114
302	300	2744432.73294994
304	300	1626218.74968877
306	300	640814.986756739
308	300	157571.297021019
310	300	29991.9994079627
312	300	20204.1265302224
314	300	16931.0678063648
316	300	15261.50514392
318	300	13738.7032037463
320	300	12361.426022514
322	300	15048.2329250276
324	300	25398.7319967028
326	300	56209.8169314673
328	300	115986.984817555
330	300	188301.015138554
332	300	251442.289852899
334	300	265281.323740909
336	300	225244.892498511
338	300	155834.720346234
340	300	87029.4295847712
342	300	40087.7229065433
344	300	16975.4576515687
346	300	8551.52104741578
348	300	5726.08484909243
350	300	4782.80298895953
352	300	4051.18402335193
354	300	3665.19321344757
356	300	3585.81948020191
358	300	3315.83674737196
360	300	3050.65917436545
362	300	2958.16282290778
364	300	2732.47386916458
366	300	2545.46387680277
368	300	2407.30645056079
370	300	2438.48198245381
372	300	2271.58116030161
374	300	2234.15303352905
376	300	2109.382985719
378	300	2004.59206914138
380	300	1844.23910363145
382	300	1878.01407982133
384	300	1735.13173751619
386	300	1733.86996362558
388	300	1568.51739415662
390	300	1578.16939518854
392	300	1458.69120542552
394	300	1473.74517327306
396	300	1485.39684254377
398	300	1350.43490582869
400	300	1424.24382193452
402	300	1344.60612331778
404	300	1356.24186055966
406	300	1279.93862156895
408	300	1295.18767105452
410	300	1348.8644938739
412	300	1256.2277981535
414	300	1187.63458155689
416	300	1273.9954783157
418	300	1116.48298393625
420	300	1120.9002452854
422	300	1104.21655915953
424	300	1023.33805845634
426	300	1029.75639786967
428	300	944.558461967412
430	300	1020.51482893449
432	300	994.291570972902
434	300	964.775249556275
436	300	927.01571496153
438	300	828.929823223564
440	300	820.733989825548
442	300	822.718984476109
444	300	805.462091263014
446	300	785.615823888567
448	300	762.7285810118
450	300	724.909911818927
452	300	754.414256879491
454	300	723.80173881204
456	300	698.94553080512
458	300	699.074056519896
460	300	725.932823493298
462	300	672.048530621183
464	300	679.027487729041
466	300	661.437601381845
468	300	664.796175061865
470	300	645.496533105419
472	300	612.020222208902
474	300	651.963583041805
476	300	687.172262229009
478	300	619.950757894051
480	300	609.112498854316
482	300	684.989947057956
484	300	620.87966583763
486	300	607.452612205515
488	300	610.073979590831
490	300	578.722538627537
492	300	571.755850742154
494	300	521.732103869071
496	300	572.551098008509
498	300	533.882095732132
500	300	553.605057091358
502	300	531.619041156156
504	300	511.864165757595
506	300	525.319508636971
508	300	546.329131026604
510	300	508.910918199907
512	300	470.093045557363
514	300	489.333207933497
516	300	475.926400965496
518	300	499.371333555532
520	300	516.684982526967
522	300	520.991108368699
524	300	458.370954761983
526	300	505.015672308678
528	300	447.826365480705
530	300	491.145471866518
532	300	451.447701947363
534	300	512.533274450832
536	300	608.507509195127
538	300	598.186523172902
540	300	674.721078678221
542	300	700.863185489575
544	300	827.18588785297
546	300	933.274169573282
548	300	987.005079372196
550	300	1151.18751681302
552	300	1201.89300734386
554	300	1311.86221599269
556	300	1456.57633034726
558	300	1405.15975166297
560	300	1560.15763792385
300	310	14924.9557187396
302	310	150495.071499722
304	310	625460.746974927
306	310	1539498.76344439
308	310	2448529.07535089
310	310	2798085.28856615
312	310	2220188.1000851
314	310	1248631.89139015
316	310	463094.322257497
318	310	114133.25717513
320	310	20292.298465418
322	310	13544.9877414532
324	310	11440.2805821741
326	310	10476.0013549783
328	310	9044.4551979203
330	310	8151.11152209748
332	310	7303.44881752858
334	310	7970.0844360718
336	310	14060.0162390331
338	310	31298.196501319
340	310	64454.6368033092
342	310	110096.708375865
344	310	147755.227113907
346	310	160967.722056339
348	310	143921.23044584
350	310	102631.23408681
352	310	59086.4167105959
354	310	28157.8227137642
356	310	11699.1627278419
358	310	5538.84860069179
360	310	3424.93134272537
362	310	2702.78555038032
364	310	2306.44311318568
366	310	2016.26825948374
368	310	1951.66838527837
370	310	1806.76797399102
372	310	1761.91952444202
374	310	1674.64469789552
376	310	1633.13627445581
378	310	1590.71616612078
380	310	1484.24728326094
382	310	1533.43445052438
384	310	1461.76226336966
386	310	1448.83505181039
388	310	1399.52528582234
390	310	1369.51697991263
392	310	1294.13529032478
394	310	1347.22262260815
396	310	1302.78583996515
398	310	1289.91048520795
400	310	1220.59571315865
402	310	1189.89835618887
404	310	1143.34573374348
406	310	1048.49726916626
408	310	1080.19892879482
410	310	1015.51198603065
412	310	1007.45320346739
414	310	997.939971082069
416	310	936.56624081415
418	310	1003.42834956935
420	310	955.300211720366
422	310	923.564497949995
424	310	937.573385181597
426	310	827.112538157055
428	310	841.739975618431
430	310	857.809833648747
432	310	761.963298764398
434	310	824.055311808373
436	310	776.035400990314
438	310	718.582569524537
440	310	759.448516750603
442	310	745.995522599583
444	310	736.940102276943
446	310	693.15407345373
448	310	663.337684461166
450	310	667.077383638439
452	310	673.930545180729
454	310	652.595946503225
456	310	659.131752339671
458	310	625.250631908428
460	310	667.962098932877
462	310	656.580246402577
464	310	620.301074255367
466	310	684.304277710987
468	310	733.985512547757
470	310	829.091106024582
472	310	937.629945175906
474	310	1046.28867763575
476	310	1057.7933108796
478	310	1028.96452019017
480	310	933.739760650221
482	310	851.414462769249
484	310	854.015962499984
486	310	798.024104893472
488	310	741.584998840533
490	310	687.433573027711
492	310	666.032974367036
494	310	655.714855174923
496	310	639.423998673246
498	310	609.971602688291
500	310	558.977622290203
502	310	602.322932611895
504	310	541.335929220035
506	310	544.724495615876
508	310	515.378367161723
510	310	471.408154545553
512	310	471.12550199558
514	310	461.604512778885
516	310	415.613472152181
518	310	437.363024694925
520	310	415.930437779165
522	310	406.827895588298
524	310	415.254149213061
526	310	439.695256591252
528	310	373.173714034065
530	310	405.143486587085
532	310	436.45627045047
534	310	351.60834558576
536	310	381.550169693467
538	310	425.970144811274
540	310	438.585721524617
542	310	433.253557086995
544	310	444.986099012686
546	310	509.557873175418
548	310	541.21915622267
550	310	563.637378321387
552	310	599.340421211178
554	310	632.813655756856
556	310	673.49294417361
558	310	721.551556938764
560	310	719.706251172453
300	320	1725.1953755214
302	320	2045.41960045763
304	320	2125.20059193615
306	320	2927.95664690684
308	320	3757.32655343428
310	320	12828.3197271678
312	320	124550.831514245
314	320	498674.923972144
316	320	1211455.47352463
318	320	1939029.78651997
320	320	2214174.35196874
322	320	1850536.37058604
324	320	1112914.24559357
326	320	437190.20257568
328	320	107479.576085114
330	320	17891.3874346508
332	320	9958.51270827271
334	320	8400.08188163481
336	320	7235.5433165112
338	320	6575.72198339167
340	320	5659.83164921168
342	320	5036.95586904474
344	320	4543.89270495735
346	320	4593.64095508456
348	320	7352.36131702837
350	320	16729.805927309
352	320	35559.6936978116
354	320	62813.0560547964
356	320	90040.184998908
358	320	103553.490866131
360	320	96903.7392503654
362	320	74431.1337696968
364	320	46111.3380238943
366	320	23958.2076139386
368	320	10548.7046826198
370	320	4680.5850078283
372	320	2922.02417537976
374	320	2177.0081217247
376	320	1697.56877166644
378	320	1533.98424464738
380	320	1386.61677750781
382	320	1365.29021852631
384	320	1305.74761171745
386	320	1250.71013609537
388	320	1219.27387640101
390	320	1126.36063671527
392	320	1171.70371272777
394	320	1064.39060902218
396	320	1081.41634999991
398	320	1109.70847080588
400	320	977.097874307735
402	320	1008.48884497119
404	320	1009.91121616859
406	320	1010.61898262231
408	320	991.072609238975
410	320	940.924675761628
412	320	994.74319816304
414	320	919.772165559463
416	320	900.420944431939
418	320	940.766564250559
420	320	881.053544636093
422	320	794.327408611747
424	320	834.231498243645
426	320	744.509091790313
428	320	770.608429139891
430	320	738.943282167307
432	320	700.8340244988
434	320	733.553056501829
436	320	721.369654730917
438	320	742.878337446505
440	320	659.899149308683
442	320	643.626142327945
444	320	608.3083872806
446	320	630.993680043557
448	320	633.84679849431
450	320	642.00602559758
452	320	577.035216473972
454	320	600.381173868839
456	320	603.969271784223
458	320	567.189034371833
460	320	575.080027300825
462	320	539.707634443972
464	320	561.217222549007
466	320	570.704826291613
468	320	543.072375482239
470	320	541.997257307946
472	320	536.55573024074
474	320	545.973866048184
476	320	507.770028537899
478	320	535.479807058
480	320	512.539715556358
482	320	468.427030850684
484	320	495.348662688156
486	320	505.774710953859
488	320	497.457598390229
490	320	486.750222209534
492	320	504.25499090758
494	320	477.849666095699
496	320	508.592070716566
498	320	446.843059854934
500	320	434.649798649099
502	320	438.678093485957
504	320	422.293744911252
506	320	402.282799610754
508	320	456.965756533001
510	320	422.318517971332
512	320	370.737334430408
514	320	354.584498630374
516	320	367.988917363642
518	320	419.646723135135
520	320	382.999767740534
522	320	408.670994307043
524	320	369.517367180947
526	320	390.696768923951
528	320	370.930560639877
530	320	372.068690085662
532	320	351.530854631247
534	320	317.039100204367
536	320	359.393694084219
538	320	372.109757587303
540	320	377.00108436743
542	320	415.326074051906
544	320	404.576689178428
546	320	419.813058117799
548	320	435.05837299411
550	320	456.594889540968
552	320	472.116817951171
554	320	482.39461463659
556	320	526.906117638057
558	320	531.333155770415
560	320	511.063642535276
300	330	933.242182206265
302	330	1012.48474852287
304	330	1181.56611315422
306	330	967.470740013682
308	330	1167.76272983825
310	330	1384.9775417923
312	330	1380.17556261682
314	330	1585.01708977331
316	330	2001.65431004668
318	330	2745.89153922892
320	330	7924.92109492662
322	330	84573.2281514409
324	330	366772.223432783
326	330	923045.961167295
328	330	1497978.95962475
330	330	1734329.50674446
332	330	1438129.17295924
334	330	864053.100607796
336	330	338461.577300232
338	330	82835.7981009969
340	330	13391.5878332242
342	330	7132.15095798151
344	330	5391.31778908727
346	330	4634.05357243902
348	330	4221.22801587032
350	330	3749.7046840322
352	330	3307.54806753008
354	330	2815.44492992323
356	330	2644.10411081419
358	330	2707.72862346551
360	330	3975.32226335805
362	330	8904.12530872844
364	330	19287.6525620848
366	330	35872.7599967273
368	330	53555.9577698739
370	330	65239.1643839605
372	330	65774.6254920516
374	330	54832.6651712863
376	330	37546.7040864116
378	330	21589.9547954166
380	330	10422.3179357915
382	330	4888.39059851222
384	330	2484.46170906197
386	330	1674.56913310118
388	330	1407.92017407349
390	330	1190.92234013823
392	330	1039.27960984021
394	330	986.29120065491
396	330	991.581283908342
398	330	908.469299148077
400	330	967.235758863282
402	330	842.889497385565
404	330	868.406238978154
406	330	877.694831602163
408	330	800.693530639902
410	330	835.462662482079
412	330	797.62041908096
414	330	780.53342786466
416	330	774.547670468362
418	330	726.626397296556
420	330	756.365976886746
422	330	741.655744546431
424	330	695.760138405159
426	330	714.201254053424
428	330	715.750388298218
430	330	700.345443393283
432	330	653.953071840205
434	330	637.47827657317
436	330	609.079049322
438	330	606.462532284581
440	330	585.824895657926
442	330	567.972839086307
444	330	537.460857097595
446	330	530.588046665279
448	330	577.480610580282
450	330	520.62060347184
452	330	536.26494009071
454	330	530.58330705177
456	330	503.321808012008
458	330	512.902411543649
460	330	500.160752954626
462	330	486.458065073449
464	330	512.181569103098
466	330	480.397734062244
468	330	441.676543822678
470	330	461.964297207001
472	330	450.481423244349
474	330	450.461931204819
476	330	453.529309265857
478	330	424.78889663297
480	330	458.256210391226
482	330	453.612276512676
484	330	445.68854677298
486	330	432.704760774385
488	330	421.379990321727
490	330	410.595219553555
492	330	391.42989271913
494	330	398.738734356434
496	330	399.056159515694
498	330	363.108912108877
500	330	375.808375833284
502	330	367.735710057154
504	330	350.243195363275
506	330	319.61765123103
508	330	373.72865799624
510	330	346.792954950015
512	330	335.689257888275
514	330	325.935009927637
516	330	324.855834293484
518	330	281.659794830646
520	330	322.901822499948
522	330	313.211175550085
524	330	284.582085573842
526	330	332.595325290957
528	330	305.851955519602
530	330	288.292986656825
532	330	274.89631010796
534	330	265.701100542536
536	330	243.974656310162
538	330	334.123121694947
540	330	322.993618178791
542	330	334.194305340245
544	330	328.600568918367
546	330	355.033074828116
548	330	317.746124308722
550	330	382.82412037898
552	330	393.729417916509
554	330	440.724607200368
556	330	354.245295097367
558	330	393.16901902952
560	330	388.773148569483
300	340	559.722151359747
302	340	637.268863086896
304	340	645.128919709353
306	340	670.07189463654
308	340	657.362146390256
310	340	716.398068243604
312	340	691.658827741633
314	340	806.532387802482
316	340	761.609535191526
318	340	719.076586605771
320	340	802.161795349328
322	340	1059.94148418462
324	340	1175.8580317673
326	340	1435.22729661752
328	340	1857.91977643326
330	340	5288.65536083216
332	340	57286.5927412708
334	340	244264.646213802
336	340	614616.875083524
338	340	995861.238596757
340	340	1138399.05655137
342	340	948264.664744813
344	340	572662.32320399
346	340	228572.277328482
348	340	55813.4731721189
350	340	8518.14007498995
352	340	4398.24216738461
354	340	3341.49172051336
356	340	2869.08139733124
358	340	2663.98709890754
360	340	2468.60333569798
362	340	2150.54352731177
364	340	1922.84745239902
366	340	1700.52660766552
368	340	1509.26348868637
370	340	1565.27529191888
372	340	2209.50051518801
374	340	4549.31539837896
376	340	9813.88090213155
378	340	18731.5828973731
380	340	29857.058558951
382	340	39034.8995369747
384	340	43194.7764204432
386	340	39287.8439526186
388	340	30158.5807446137
390	340	19097.4311832504
392	340	10177.2559396102
394	340	4728.99862714389
396	340	2340.23295673652
398	340	1470.65819646492
400	340	1108.19383022235
402	340	929.211955415193
404	340	803.786954467924
406	340	737.19302562355
408	340	701.746624655438
410	340	683.366471403168
412	340	641.447395335181
414	340	616.010514323549
416	340	589.529659618719
418	340	646.017851046289
420	340	570.952674804014
422	340	587.750964517791
424	340	558.673823195203
426	340	536.583186566364
428	340	555.284336132812
430	340	528.433219916579
432	340	541.886183565077
434	340	505.941431851933
436	340	505.67210083441
438	340	481.031366311491
440	340	490.15275067571
442	340	473.402145771126
444	340	502.289868021372
446	340	488.729675213129
448	340	456.420963444049
450	340	460.492126332363
452	340	431.554073955541
454	340	437.606399911506
456	340	412.151960553616
458	340	419.236776440924
460	340	434.204895092257
462	340	405.071228547611
464	340	415.54038454031
466	340	395.267968700936
468	340	377.095469846682
470	340	389.670667931979
472	340	385.399695891425
474	340	409.311035523265
476	340	374.086935143907
478	340	394.40747774557
480	340	364.163313501281
482	340	355.933936692217
484	340	344.958910084537
486	340	349.593937015216
488	340	332.645212228774
490	340	348.763695942547
492	340	333.439400624004
494	340	324.827886194235
496	340	289.719919350428
498	340	328.020074672475
500	340	297.283647425251
502	340	303.364596132963
504	340	313.457263809166
506	340	313.976282745554
508	340	303.350795299114
510	340	305.277426251837
512	340	281.957341025504
514	340	276.13244096087
516	340	274.788713440369
518	340	263.31776274751
520	340	281.800830426956
522	340	238.23060249592
524	340	258.395017723235
526	340	224.893276962777
528	340	261.061175822838
530	340	218.421154904227
532	340	246.033371822263
534	340	207.240471766956
536	340	265.335346135301
538	340	233.498987783135
540	340	262.996152158738
542	340	230.506777347585
544	340	216.752369444413
546	340	270.878413072129
548	340	257.532564467977
550	340	251.678532216601
552	340	262.163590242169
554	340	258.968207303941
556	340	264.327556792352
558	340	272.034316277595
560	340	291.433730534953
300	350	418.517161907825
302	350	503.557547766632
304	350	429.537667573647
306	350	351.470341574348
308	350	376.863584823608
310	350	372.223454549866
312	350	369.410480376006
314	350	414.472512480835
316	350	354.024049974836
318	350	573.031134856943
320	350	515.447470291827
322	350	466.616626127687
324	350	493.774833258675
326	350	501.432173419232
328	350	547.596668161237
330	350	546.724600544527
332	350	618.263391715235
334	350	672.729692049007
336	350	880.655941507923
338	350	1322.27436235746
340	350	3364.4683849096
342	350	36854.4012154191
344	350	161096.486300054
346	350	400036.130872198
348	350	641454.224571052
350	350	726782.727222686
352	350	600382.325497654
354	350	351382.913320248
356	350	130422.168975285
358	350	30317.625099424
360	350	4954.72391700781
362	350	2857.21411636531
364	350	2148.65178411601
366	350	1880.79331469279
368	350	1745.92506778478
370	350	1570.30295577565
372	350	1601.42995349259
374	350	1375.04767013786
376	350	1237.01562846918
378	350	1137.33409503583
380	350	1011.24122700153
382	350	985.68247093561
384	350	1239.55046869748
386	350	2198.93320029223
388	350	4814.59782102309
390	350	9637.24955141227
392	350	16429.5751556567
394	350	23945.2208279737
396	350	28598.4840116478
398	350	28670.2456446544
400	350	23978.8527288933
402	350	16526.0502853159
404	350	9595.72287223789
406	350	4858.22996625917
408	350	2275.69178303672
410	350	1238.05200814453
412	350	881.619004210067
414	350	704.718305749073
416	350	591.763062447171
418	350	521.44406473918
420	350	503.027771326009
422	350	463.495880267253
424	350	431.343072766274
426	350	470.153413924152
428	350	454.203791202325
430	350	412.687954137096
432	350	411.694540881497
434	350	411.439886322169
436	350	407.213668473376
438	350	394.213262695956
440	350	373.641842976946
442	350	375.04666421529
444	350	382.334628425491
446	350	349.635595396311
448	350	366.171765854258
450	350	355.965244080292
452	350	357.864221257685
454	350	360.570115673415
456	350	366.051165448977
458	350	377.466531862763
460	350	369.95747604143
462	350	339.135702532393
464	350	364.876281437496
466	350	342.831196298254
468	350	339.794098829822
470	350	320.777730858922
472	350	340.547605446445
474	350	324.424205004181
476	350	335.238378186318
478	350	322.72872157806
480	350	303.473096172067
482	350	282.821975742829
484	350	301.770431521206
486	350	287.301286069046
488	350	274.650273377175
490	350	266.479340045436
492	350	264.723433282464
494	350	252.970725769843
496	350	260.923585813757
498	350	246.224314008135
500	350	250.346736949167
502	350	248.653555750239
504	350	243.084494773815
506	350	230.760412472138
508	350	241.798748516574
510	350	225.176307695779
512	350	212.025328645968
514	350	228.120190389571
516	350	209.245045634669
518	350	218.819264413561
520	350	201.400809887354
522	350	194.298330288264
524	350	227.496535273882
526	350	189.060806068372
528	350	163.681286672911
530	350	164.041234052086
532	350	186.519321722576
534	350	160.605289315595
536	350	185.214488001611
538	350	201.431504025684
540	350	151.093267704188
542	350	189.471946279333
544	350	178.901236451766
546	350	183.621990959041
548	350	190.104323323982
550	350	180.979078154369
552	350	177.232845274477
554	350	176.840857280067
556	350	167.140572871211
558	350	175.381414897042
560	350	193.268120374771
300	360	294.700614316471
302	360	263.149642394971
304	360	437.262547963517
306	360	368.535284438702
308	360	367.295575961635
310	360	361.999316914017
312	360	303.153104689054
314	360	269.206994749678
316	360	223.085171757415
318	360	244.418331141908
320	360	238.760741885682
322	360	299.032073819994
324	360	338.052809081923
326	360	305.749661225053
328	360	351.173634773246
330	360	325.769611354397
332	360	328.403731019578
334	360	441.776270343159
336	360	333.376245133667
338	360	444.680507159637
340	360	388.272336937849
342	360	403.098161971997
344	360	505.714023826473
346	360	652.439247624316
348	360	931.465290613641
350	360	2648.69530947973
352	360	28671.9612221629
354	360	127345.332673424
356	360	314163.028940294
358	360	488658.824866875
360	360	547355.271078317
362	360	437719.819594746
364	360	250811.389006785
366	360	95997.9463007691
368	360	22988.8591399094
370	360	3744.09351022119
372	360	2147.42332466121
374	360	1583.06307712588
376	360	1356.22417575938
378	360	1284.45518151504
380	360	1187.30630294597
382	360	1113.37763124907
384	360	1058.41388452347
386	360	940.960703498317
388	360	853.077353864695
390	360	779.810916524308
392	360	714.488364518964
394	360	682.37639428375
396	360	734.999610209652
398	360	1257.04706286871
400	360	2723.42930823015
402	360	5773.58254993942
404	360	10454.7263708853
406	360	16063.5794879184
408	360	20485.3633083819
410	360	21992.0835593976
412	360	19642.4770498971
414	360	14739.4256830087
416	360	9243.84394861743
418	360	4954.34460078409
420	360	2439.27484535118
422	360	1259.16213279194
424	360	812.564316037059
426	360	592.245720245726
428	360	522.554810213379
430	360	433.431566962998
432	360	405.670015176262
434	360	367.464891915175
436	360	340.809040255567
438	360	330.943200629801
440	360	334.834021339263
442	360	340.644243778162
444	360	319.162567951274
446	360	312.286621111272
448	360	314.286554842393
450	360	324.376450967234
452	360	306.916978145009
454	360	297.35433755389
456	360	301.001112257381
458	360	304.689689051299
460	360	296.474409770677
462	360	301.038036475773
464	360	280.391776582312
466	360	289.591422519702
468	360	288.04949998142
470	360	290.534114018245
472	360	311.544554315879
474	360	301.217110103194
476	360	304.136195831531
478	360	292.982653971505
480	360	309.893963872276
482	360	276.218704871879
484	360	263.990271766576
486	360	266.176390062954
488	360	284.57023385346
490	360	260.254816210704
492	360	259.547850966184
494	360	255.783505375333
496	360	237.735459179085
498	360	232.188197747627
500	360	223.025367783209
502	360	235.954365003617
504	360	216.482788228842
506	360	208.601303282969
508	360	213.834160632771
510	360	217.859574257465
512	360	226.079862947963
514	360	204.03638694835
516	360	205.381586086027
518	360	180.486018205235
520	360	198.02754968697
522	360	191.465402016819
524	360	186.108490835169
526	360	188.493334852728
528	360	178.471771421177
530	360	188.072748423563
532	360	167.081751243827
534	360	171.807945673806
536	360	157.669555078344
538	360	165.118893881643
540	360	161.017332544235
542	360	179.428715973835
544	360	165.491341094773
546	360	163.182780840259
548	360	151.739080015433
550	360	164.654635002687
552	360	169.143006991715
554	360	163.843517729038
556	360	164.793173281634
558	360	151.848664591625
560	360	155.867541494076
300	370	362.752434345538
302	370	258.073387425621
304	370	340.2916217601
306	370	268.788199023719
308	370	256.974689831377
310	370	305.759945223216
312	370	296.087461694493
314	370	275.71011676545
316	370	255.910195789794
318	370	215.377524540311
320	370	227.60506470648
322	370	256.11513105714
324	370	227.612619877505
326	370	262.673271264292
328	370	233.779087730544
330	370	253.523064073042
332	370	228.718370705188
334	370	217.106508370515
336	370	301.774138111923
338	370	201.090921496293
340	370	256.195714635885
342	370	236.176370843037
344	370	200.483988762242
346	370	199.364449844222
348	370	262.539916166817
350	370	295.567006818872
352	370	326.390886737398
354	370	334.325174471866
356	370	436.232016092225
358	370	699.236372348923
360	370	2274.42426838752
362	370	24005.9227622445
364	370	98139.0582227694
366	370	237580.440611032
368	370	374466.067309089
370	370	419517.493623437
372	370	336485.084206542
374	370	191712.274667428
376	370	71604.3318135146
378	370	17364.9977959627
380	370	2921.91727602529
382	370	1657.59357675804
384	370	1227.86289679443
386	370	1011.03109085119
388	370	871.410011321015
390	370	866.108715214352
392	370	845.092178933362
394	370	805.637045573081
396	370	748.894388559981
398	370	650.364158576957
400	370	573.080788262818
402	370	578.012418354702
404	370	520.133643688488
406	370	489.263275565693
408	370	513.871676853716
410	370	783.156992950182
412	370	1691.20665599119
414	370	3585.2544944585
416	370	6765.46297234245
418	370	10795.1574513446
420	370	14612.5745397201
422	370	16660.1163358967
424	370	16262.2502983986
426	370	13318.9641184833
428	370	9347.01327168276
430	370	5594.87475212511
432	370	2970.26943250365
434	370	1483.89975156361
436	370	828.066909577872
438	370	579.294637818618
440	370	482.198540758914
442	370	406.855645995872
444	370	350.302943173317
446	370	291.626470735617
448	370	310.024315451341
450	370	268.913620714468
452	370	273.940620962676
454	370	276.771953612694
456	370	279.649443685875
458	370	277.853564327323
460	370	280.434425485315
462	370	266.570926602338
464	370	275.578136481334
466	370	265.451861769601
468	370	280.847745953505
470	370	261.988522963233
472	370	262.992397320901
474	370	267.663799101776
476	370	270.644415235439
478	370	259.424109277498
480	370	258.780824740386
482	370	255.879575552438
484	370	262.654402820837
486	370	260.779769508649
488	370	253.616040996644
490	370	255.426257051092
492	370	244.306350392193
494	370	258.430184124255
496	370	224.846061082742
498	370	236.96449158816
500	370	236.585435872065
502	370	222.832527559371
504	370	227.491554541348
506	370	225.825722614336
508	370	210.449009531976
510	370	202.366638826383
512	370	191.987611574739
514	370	190.16887607699
516	370	211.227715389155
518	370	206.370369185587
520	370	188.373840955459
522	370	203.679617664025
524	370	179.902315229175
526	370	197.635870133859
528	370	187.183833991911
530	370	175.993861801774
532	370	167.329725646703
534	370	154.135537869527
536	370	164.132002199753
538	370	171.190583545544
540	370	172.75013830368
542	370	171.489076155931
544	370	153.502721900372
546	370	179.836458965791
548	370	169.402379466492
550	370	179.049480457959
552	370	179.7429148302
554	370	176.700085601564
556	370	175.74032392144
558	370	194.583074415522
560	370	178.700556186075
300	380	478.721290509045
302	380	364.484017900261
304	380	397.74489872555
306	380	359.21961468075
308	380	335.428068735148
310	380	345.573971672725
312	380	327.731832970279
314	380	360.829986631048
316	380	277.381902877615
318	380	387.949743215663
320	380	306.364062394858
322	380	265.630422540166
324	380	265.379754430576
326	380	266.460600943717
328	380	289.399351872207
330	380	249.603296705516
332	380	240.521328171686
334	380	262.865996889679
336	380	248.610965494582
338	380	286.304051047131
340	380	251.496187599065
342	380	243.111701423169
344	380	230.675431474105
346	380	189.765434354979
348	380	242.961713866136
350	380	204.099939735129
352	380	228.131932887115
354	380	221.266163293932
356	380	202.503163641181
358	380	262.222246865582
360	380	300.741001653789
362	380	299.924657926797
364	380	359.629505560729
366	380	481.173826371796
368	380	730.61003415799
370	380	2434.63124535553
372	380	27157.4122590951
374	380	120996.881561506
376	380	285749.632186228
378	380	416030.095008451
380	380	434640.133942827
382	380	328298.288431457
384	380	177577.85620154
386	380	66487.3751171566
388	380	16088.8489534595
390	380	2645.14308948677
392	380	1384.68197726953
394	380	1029.19849902499
396	380	851.432756392042
398	380	681.193731324748
400	380	686.919184509703
402	380	641.725502390953
404	380	641.035242703322
406	380	617.312582213636
408	380	565.729069904792
410	380	508.210138662513
412	380	465.097492727074
414	380	415.575415398834
416	380	408.727090803999
418	380	357.700249799975
420	380	355.913636514342
422	380	470.848581807931
424	380	905.966795512646
426	380	1898.13021390527
428	380	3681.58825982085
430	380	6442.56787392105
432	380	9231.82217101972
434	380	11692.7484617197
436	380	12624.9187605625
438	380	11727.2186127209
440	380	9253.80848218214
442	380	6334.85109190933
444	380	3677.04346185448
446	380	1879.43225611877
448	380	961.589175448147
450	380	581.496355349347
452	380	462.114176361037
454	380	392.970276037377
456	380	321.962182851419
458	380	289.90931107889
460	380	251.390157365718
462	380	247.263763207739
464	380	244.955904730951
466	380	251.807311204264
468	380	249.381407200783
470	380	239.230474295943
472	380	232.847292050377
474	380	241.244699929894
476	380	222.609725279975
478	380	223.61542571096
480	380	239.319157324606
482	380	242.643628936666
484	380	233.849648263364
486	380	223.396886325714
488	380	232.044628799624
490	380	252.705870266688
492	380	224.879887913812
494	380	221.011162687125
496	380	220.667481808305
498	380	244.402776600913
500	380	207.25586820495
502	380	212.76646638508
504	380	216.351618228781
506	380	224.113668290573
508	380	189.752633447019
510	380	190.962273318867
512	380	201.601808418355
514	380	222.374730682468
516	380	209.153216209406
518	380	208.547443535559
520	380	173.72623761703
522	380	196.092316010052
524	380	184.831367062338
526	380	161.426614037338
528	380	176.110091423193
530	380	166.736338773412
532	380	187.445238508752
534	380	176.637630802513
536	380	158.044469631488
538	380	152.431671487434
540	380	136.346032142362
542	380	162.465192438555
544	380	154.266888165593
546	380	172.82171061943
548	380	164.393758345288
550	380	159.178058234472
552	380	163.474466540941
554	380	157.676772131115
556	380	157.036766126024
558	380	168.985727625248
560	380	149.494432135633
300	390	148.341048908884
302	390	190.93809482539
304	390	148.575815033246
306	390	160.96277080478
308	390	186.045783866972
310	390	191.764531035293
312	390	123.916095299648
314	390	144.167566058569
316	390	159.542873432335
318	390	140.272799171357
320	390	118.219629634137
322	390	131.572911000264
324	390	116.910926498608
326	390	163.224504815027
328	390	118.613544584945
330	390	109.58281563863
332	390	144.658844557954
334	390	128.578239620724
336	390	127.244124859714
338	390	106.87262674576
340	390	112.651859622911
342	390	128.040691251871
344	390	83.2669931536628
346	390	109.785191353497
348	390	114.009058669703
350	390	95.1699922016613
352	390	104.505552651387
354	390	107.20207176096
356	390	85.8245741535091
358	390	85.6349597574022
360	390	91.5941668003083
362	390	103.554380804644
364	390	125.754357087279
366	390	104.649222492312
368	390	124.268969508127
370	390	123.675066257415
372	390	136.496098300075
374	390	177.991065382249
376	390	238.279952396203
378	390	358.980172814787
380	390	944.734470187778
382	390	10610.7663525894
384	390	48177.9413684633
386	390	121772.945529758
388	390	205651.529249575
390	390	243753.340616111
392	390	211116.256590119
394	390	130255.932379437
396	390	51898.1014131435
398	390	12786.5163553214
400	390	2018.6210058746
402	390	1055.06525698371
404	390	810.622060470376
406	390	662.522241088079
408	390	578.047939087228
410	390	518.072886951863
412	390	480.806521694164
414	390	477.526385641632
416	390	486.874823948679
418	390	478.923426767443
420	390	406.519182552445
422	390	363.579801763281
424	390	356.764681164703
426	390	314.003890070578
428	390	297.000954243185
430	390	270.854906663244
432	390	271.658312165634
434	390	321.11093232769
436	390	505.240339261095
438	390	982.169179570281
440	390	1892.74919885018
442	390	3405.09226386515
444	390	5482.13965967007
446	390	7658.76513632363
448	390	9119.43545193477
450	390	9439.05469751205
452	390	8517.16174660088
454	390	6596.43083508107
456	390	4326.65163363688
458	390	2474.40342001675
460	390	1340.346838934
462	390	718.360311919598
464	390	485.585269352594
466	390	387.918986008549
468	390	322.849311468806
470	390	287.675223767382
472	390	257.090010630501
474	390	240.351374044242
476	390	232.501380371513
478	390	218.476208303394
480	390	225.582332155723
482	390	227.565253529706
484	390	241.109815832266
486	390	223.924101025988
488	390	226.882914369918
490	390	220.405851567347
492	390	204.644908536585
494	390	221.101840424088
496	390	213.484784567557
498	390	222.036985518669
500	390	215.820492475673
502	390	214.10455381588
504	390	214.674279108376
506	390	203.471634628291
508	390	201.518390950115
510	390	199.998656881746
512	390	207.555071970606
514	390	202.96745184836
516	390	199.104050994436
518	390	203.881274338133
520	390	199.303559145523
522	390	180.157938142963
524	390	193.538392475395
526	390	190.233096510747
528	390	177.577480773084
530	390	176.604290299218
532	390	176.739115156572
534	390	173.094988866959
536	390	184.655018590807
538	390	163.200805434301
540	390	156.161775019162
542	390	174.208912982564
544	390	147.879672442565
546	390	137.508563352617
548	390	164.35484759016
550	390	152.599971285913
552	390	142.204461734304
554	390	143.994971928134
556	390	156.557567986466
558	390	145.142790194563
560	390	138.887910843458
300	400	168.276837704083
302	400	241.096752923748
304	400	252.370884854302
306	400	227.871594553524
308	400	206.068003728294
310	400	143.376226764317
312	400	190.027351486891
314	400	194.135421866641
316	400	159.570886985092
318	400	118.523653332552
320	400	207.337916470015
322	400	134.081608701257
324	400	174.579336836225
326	400	194.178129013436
328	400	106.381923046708
330	400	137.19204986409
332	400	128.520362239964
334	400	105.551812549626
336	400	143.446954678286
338	400	84.7103741341319
340	400	111.05153908096
342	400	94.990732232001
344	400	73.286154458021
346	400	90.0830746625107
348	400	96.3264698450924
350	400	77.1861254554442
352	400	92.6697095229029
354	400	98.0709987995683
356	400	62.4305107162161
358	400	83.9478692687952
360	400	65.5238068570511
362	400	92.3981726092168
364	400	90.2936684163155
366	400	79.4636859949835
368	400	76.1178179530619
370	400	70.755940906664
372	400	80.9465408851678
374	400	79.2098594532084
376	400	78.2431455217527
378	400	81.070790584342
380	400	95.21039166392
382	400	101.271127622016
384	400	138.426603411668
386	400	182.753310689198
388	400	264.504929985479
390	400	659.874378407954
392	400	8129.29714803237
394	400	38984.8287498005
396	400	106221.77216
398	400	181451.889330941
400	400	213506.552685511
402	400	176626.190440913
404	400	105663.726229613
406	400	40480.1576708303
408	400	9299.6947569535
410	400	1487.79554692938
412	400	890.71070897289
414	400	657.490567729989
416	400	518.399416681043
418	400	432.464846224079
420	400	390.329496716328
422	400	381.469408710208
424	400	385.427675663757
426	400	406.216406627479
428	400	359.511063184332
430	400	351.75272887398
432	400	314.139933516852
434	400	301.347267199847
436	400	274.1675698979
438	400	271.806413324898
440	400	243.441086596591
442	400	233.755115880676
444	400	216.764779283026
446	400	234.950590997832
448	400	292.672464799115
450	400	508.124698665411
452	400	1041.99780376073
454	400	2040.21987825384
456	400	3414.7226072209
458	400	5103.37320804159
460	400	6704.27225983984
462	400	7622.2825756389
464	400	7455.38771493083
466	400	6405.15358284942
468	400	4742.69252187392
470	400	2969.23327725895
472	400	1675.32794112788
474	400	920.645169823942
476	400	560.830407502349
478	400	430.284743377698
480	400	345.801405077116
482	400	327.347624524236
484	400	299.276213634757
486	400	262.084848150874
488	400	254.442801935334
490	400	243.61644527737
492	400	230.813134862254
494	400	224.29459892849
496	400	207.650609606579
498	400	211.462739826967
500	400	211.491209174445
502	400	216.366470576329
504	400	228.496789483606
506	400	211.835515010563
508	400	213.884150079673
510	400	198.016543035286
512	400	205.730726457332
514	400	198.500674689413
516	400	170.980195179626
518	400	199.775112134444
520	400	197.980986490944
522	400	183.084247233095
524	400	191.3642558919
526	400	200.120833480689
528	400	183.897754832649
530	400	174.072844967975
532	400	181.758805269494
534	400	172.361180227513
536	400	177.560774488584
538	400	160.539304213928
540	400	174.924670515706
542	400	167.292995500315
544	400	168.059069698342
546	400	176.922907502869
548	400	179.84957128308
550	400	159.814400377889
552	400	174.199634328925
554	400	163.735318439082
556	400	152.479560152389
558	400	149.311617610036
560	400	152.07042971321
300	410	154.214783184475
302	410	125.640371140236
304	410	76.3507436980073
306	410	154.158715705953
308	410	160.973700214489
310	410	110.163248649152
312	410	129.341288457623
314	410	118.547088913291
316	410	95.9063182782271
318	410	121.20923696947
320	410	121.183686840519
322	410	104.390684956201
324	410	88.3975661776895
326	410	64.1945660750063
328	410	100.076344571934
330	410	122.584104562963
332	410	89.7410351490856
334	410	89.2970429250017
336	410	61.8657145418435
338	410	70.5703812205203
340	410	85.4724931717385
342	410	65.7064696890682
344	410	62.4135953522356
346	410	81.8692578869817
348	410	54.323738887761
350	410	55.8210767272531
352	410	45.3337463649279
354	410	41.3851485363243
356	410	52.2813876341668
358	410	58.3532083862939
360	410	37.7553097761737
362	410	54.4696512342891
364	410	46.9051140308309
366	410	46.1515571605542
368	410	55.4213444703186
370	410	47.4817569387032
372	410	56.0104652118139
374	410	47.1325685289659
376	410	42.9783826243009
378	410	44.7508995296082
380	410	53.2523756969559
382	410	51.9423068018221
384	410	56.4640304315319
386	410	51.4772781165824
388	410	57.9001179659744
390	410	64.2952871272517
392	410	80.1636778146273
394	410	99.4163112259665
396	410	146.97309111095
398	410	244.296667385905
400	410	581.97185331496
402	410	7569.88168312783
404	410	34462.8232078016
406	410	88448.8870428731
408	410	148137.865133864
410	410	171826.698981162
412	410	142623.409408225
414	410	82483.2856661002
416	410	31157.9275701411
418	410	7098.3332752374
420	410	1145.66905123294
422	410	708.327169514323
424	410	547.156505958708
426	410	446.442928921991
428	410	377.487233754698
430	410	315.916406965071
432	410	286.554217017589
434	410	304.80582918146
436	410	299.205140272293
438	410	320.031747119063
440	410	305.971491421141
442	410	283.675664649528
444	410	259.777434799846
446	410	242.842673373737
448	410	226.181795863177
450	410	227.165100829212
452	410	218.139498871787
454	410	215.085216091454
456	410	199.658379783796
458	410	188.38174914272
460	410	238.72410727597
462	410	335.435028859227
464	410	637.837747607634
466	410	1214.17725781695
468	410	2104.00155747515
470	410	3325.09607387217
472	410	4705.56376833067
474	410	5816.516695263
476	410	6331.64363265718
478	410	6038.22994561076
480	410	4927.62041905596
482	410	3482.20658952668
484	410	2243.66250675923
486	410	1318.14675553473
488	410	754.822814892135
490	410	495.850180678806
492	410	379.157545313666
494	410	360.288643120077
496	410	294.518625830619
498	410	284.812366484766
500	410	265.869390923514
502	410	249.261059717516
504	410	237.999635020743
506	410	218.60953158879
508	410	225.012775715859
510	410	234.914543355203
512	410	220.591226370001
514	410	214.495509167499
516	410	218.537974773473
518	410	210.956812934259
520	410	212.609160923183
522	410	215.401919680845
524	410	195.706921085244
526	410	201.943876689821
528	410	216.528124856971
530	410	196.372530078264
532	410	190.183035796607
534	410	186.320513440323
536	410	168.027454064899
538	410	191.680043236159
540	410	165.290775679746
542	410	168.29048971603
544	410	174.959265636053
546	410	182.09807594007
548	410	174.569757004376
550	410	179.547510746919
552	410	158.311623561803
554	410	147.094846506326
556	410	152.011156140431
558	410	151.665096821795
560	410	145.51486884235
300	420	128.885963118599
302	420	121.761967812443
304	420	97.6383401871476
306	420	159.605558511796
308	420	150.372391642137
310	420	106.898928230539
312	420	106.019291393526
314	420	117.429543328427
316	420	80.8494563587423
318	420	118.371935029431
320	420	84.2458410328735
322	420	114.271150347114
324	420	89.0672035072703
326	420	88.158767438725
328	420	79.7494404854388
330	420	69.0603644963814
332	420	75.2410094932044
334	420	54.617309838219
336	420	98.5685417279318
338	420	76.0706337786616
340	420	61.4490923739037
342	420	70.4739062016286
344	420	21.0373907998965
346	420	49.9690455916996
348	420	60.4651817028378
350	420	37.7271829675254
352	420	56.1196516600594
354	420	32.8690320339875
356	420	38.1972108414538
358	420	34.7426385907279
360	420	32.5319386230829
362	420	40.1608135822053
364	420	27.0412745716572
366	420	23.0113339979308
368	420	38.9172260343392
370	420	37.2363628365172
372	420	28.6852635560321
374	420	39.3386783547665
376	420	39.2264179833677
378	420	40.3567783142315
380	420	41.6781389946802
382	420	42.4005820564752
384	420	29.7071536792773
386	420	34.8974958226626
388	420	43.7661146111596
390	420	35.5791816396423
392	420	47.5611015191588
394	420	44.4767697207432
396	420	49.9014006011073
398	420	54.6500453508426
400	420	54.7396023208389
402	420	66.1838434808801
404	420	99.7844387267529
406	420	128.939442279536
408	420	193.827719919601
410	420	610.885150109685
412	420	7391.03683487173
414	420	32823.1092754226
416	420	83543.9679284365
418	420	134705.809682213
420	420	153518.623719846
422	420	123895.467240714
424	420	70309.9671074077
426	420	25922.8666805902
428	420	5680.31284609611
430	420	919.820403412585
432	420	618.322428553253
434	420	470.9049734884
436	420	406.682576160102
438	420	317.318835913671
440	420	294.886123034089
442	420	263.582916764743
444	420	249.350732466045
446	420	261.066358053086
448	420	263.04994346318
450	420	290.460720400916
452	420	276.967476832644
454	420	253.239387259837
456	420	214.741937469998
458	420	222.496570849145
460	420	214.287329885914
462	420	221.963335785746
464	420	211.171189503963
466	420	210.374852417321
468	420	194.214155081438
470	420	201.056772181576
472	420	221.406552042983
474	420	281.441298959785
476	420	450.258357702751
478	420	757.266102725111
480	420	1327.4941770744
482	420	2162.76749305965
484	420	3200.26685523338
486	420	4244.76408526235
488	420	4948.16216187782
490	420	5145.61895212915
492	420	4770.65879795031
494	420	3879.47455834836
496	420	2766.42767180029
498	420	1777.56656753697
500	420	1053.63604310537
502	420	640.150345564202
504	420	433.776793955488
506	420	367.257081966513
508	420	335.421959612745
510	420	312.299297767312
512	420	275.725506071206
514	420	257.943656531233
516	420	239.282855951068
518	420	227.76715047087
520	420	221.32746093834
522	420	220.182148204483
524	420	221.836295065441
526	420	213.262215117871
528	420	199.77216341538
530	420	190.708012996444
532	420	207.982536535051
534	420	199.755433011938
536	420	193.758234687385
538	420	215.437383538104
540	420	181.988902579883
542	420	182.108220513822
544	420	186.33296756022
546	420	178.950174922134
548	420	184.110582672125
550	420	176.091212206431
552	420	170.210641805712
554	420	177.711970591226
556	420	155.493744147455
558	420	152.905969310542
560	420	183.753481445316
300	430	46.4116131811984
302	430	162.025486015145
304	430	109.855854466781
306	430	154.697159600948
308	430	117.191217657223
310	430	149.943959591146
312	430	112.869186645422
314	430	101.202226548632
316	430	67.8748188280182
318	430	77.6463195143952
320	430	52.3319683711361
322	430	96.5174425954409
324	430	93.0930448273987
326	430	58.8318712523705
328	430	93.44251099495
330	430	68.1183812028659
332	430	63.1472990514469
334	430	71.7285328887338
336	430	54.8905641404946
338	430	59.0613551790622
340	430	45.1330941630918
342	430	53.7839998313076
344	430	44.1637470660434
346	430	49.7724363650347
348	430	38.9741271030275
350	430	32.8362875367315
352	430	43.4699251884085
354	430	37.6100823487036
356	430	47.3134272167354
358	430	26.9227514786553
360	430	31.2187427915666
362	430	24.9332676245747
364	430	28.2554137501068
366	430	30.3420275989436
368	430	16.5853943927071
370	430	27.3786339780183
372	430	19.3990462019382
374	430	31.4350604789013
376	430	35.9713602797521
378	430	30.2319831782286
380	430	24.4511278260015
382	430	26.1496903932007
384	430	33.0943629670251
386	430	26.2833991584239
388	430	36.3792698683258
390	430	35.5907650411203
392	430	36.6195022102537
394	430	25.6426180601014
396	430	27.3940887443457
398	430	29.126627754081
400	430	38.9874010037504
402	430	34.9919337984845
404	430	39.3665520977788
406	430	41.6647049356865
408	430	48.2085535542155
410	430	52.0901181810129
412	430	69.543482483011
414	430	74.2100088022262
416	430	110.730023648123
418	430	189.953378584093
420	430	520.725042343044
422	430	6257.03842818663
424	430	27744.4099673207
426	430	70173.5641768019
428	430	117106.061507724
430	430	132348.12071501
432	430	108872.03445878
434	430	64384.8520634477
436	430	24597.4355992727
438	430	5977.73659395239
440	430	927.489686678909
442	430	521.549767874204
444	430	433.765113405662
446	430	342.478931951112
448	430	298.183440275834
450	430	251.639625504821
452	430	227.855715033641
454	430	217.052546539206
456	430	246.765490317118
458	430	239.845157138096
460	430	237.433600515734
462	430	275.46917351935
464	430	248.919879567388
466	430	232.974825245381
468	430	201.321103025221
470	430	213.222692398163
472	430	218.724249856114
474	430	228.663823021633
476	430	229.457081724043
478	430	225.243181739358
480	430	220.900320217554
482	430	220.614621051209
484	430	217.105940967865
486	430	254.721413051275
488	430	320.181507989635
490	430	444.898307261665
492	430	752.848461947988
494	430	1246.56202678199
496	430	1955.46397064299
498	430	2763.86875881416
500	430	3537.47304884974
502	430	4043.86849705736
504	430	4221.81745590503
506	430	3908.9479426051
508	430	3176.1465455925
510	430	2271.07281775399
512	430	1498.55054955239
514	430	901.288196555278
516	430	528.275856252215
518	430	374.209483118527
520	430	345.53570601164
522	430	322.985068754359
524	430	300.099371041707
526	430	252.272900562499
528	430	247.029467111997
530	430	214.471469975927
532	430	222.955293805219
534	430	203.672240792674
536	430	207.715794448951
538	430	201.728430989912
540	430	186.334695105905
542	430	201.498135234808
544	430	182.061326089019
546	430	190.686015684267
548	430	173.688248521034
550	430	180.935851058523
552	430	183.177824740737
554	430	175.600576898835
556	430	172.893464025236
558	430	149.865911007583
560	430	183.792452604491
300	440	89.6414805729252
302	440	102.205479517701
304	440	149.225769795275
306	440	72.5997322364546
308	440	99.5909860772712
310	440	72.7975831236362
312	440	99.2486988770592
314	440	73.0202777025578
316	440	140.087662187864
318	440	76.7779037787121
320	440	92.0987447822833
322	440	64.6103603540171
324	440	82.6640661942088
326	440	82.1933179337481
328	440	61.0310935083907
330	440	71.444026796078
332	440	67.5441680558158
334	440	79.34441434607
336	440	61.0735188065953
338	440	57.2803999852836
340	440	46.5994685495802
342	440	58.798466427669
344	440	37.5263370601841
346	440	45.9088659759446
348	440	32.3401031466112
350	440	40.436473564156
352	440	34.07028277789
354	440	37.8253163916418
356	440	37.026606050762
358	440	38.8202155113209
360	440	31.4151108208881
362	440	30.4683476389264
364	440	30.4510241440047
366	440	18.5367934067665
368	440	28.7686199085738
370	440	32.3586048149866
372	440	27.1290743035089
374	440	21.8964625963382
376	440	19.4585168230915
378	440	26.1775543404334
380	440	22.7482917154512
382	440	28.2707659841048
384	440	24.3404525596644
386	440	25.3377974651605
388	440	32.4732531707481
390	440	20.5313338135647
392	440	26.9990477817211
394	440	25.6539270110603
396	440	20.8241453055621
398	440	28.5191704540353
400	440	23.1737742001658
402	440	26.8727582168104
404	440	35.8110095379677
406	440	21.9705278197788
408	440	27.5539180539255
410	440	28.6047181558135
412	440	29.667106344533
414	440	31.2023779314607
416	440	36.3901624811625
418	440	41.6515310073681
420	440	52.2055225507875
422	440	51.6041843379744
424	440	73.8874808792153
426	440	90.3512288366837
428	440	160.057339332031
430	440	420.27365039628
432	440	4858.50475643423
434	440	21892.2517174062
436	440	58115.5464396634
438	440	100182.879825468
440	440	119215.124550627
442	440	100843.77096176
444	440	61201.2988442919
446	440	24154.1230328232
448	440	5885.60022608147
450	440	857.316391845597
452	440	486.202841375064
454	440	378.942050407077
456	440	316.395045367876
458	440	268.250661602675
460	440	221.119773759236
462	440	204.19996738021
464	440	199.451811869641
466	440	209.111291561877
468	440	208.041110598059
470	440	221.483980572267
472	440	240.141035411007
474	440	241.665190250251
476	440	251.203139503143
478	440	221.746287589804
480	440	219.735604389761
482	440	226.86437912249
484	440	233.743081216501
486	440	218.663586995893
488	440	216.837773161177
490	440	210.947757023115
492	440	208.027550230268
494	440	184.634340397731
496	440	201.642387146193
498	440	206.25077692987
500	440	241.466540337435
502	440	305.638495020647
504	440	449.81836532715
506	440	695.356871232319
508	440	1135.73543775517
510	440	1769.9502730232
512	440	2433.38590030011
514	440	3001.61871386269
516	440	3504.99020541697
518	440	3599.93027880021
520	440	3294.69472049007
522	440	2637.46030331975
524	440	1977.68936652346
526	440	1245.20166115782
528	440	792.466055885065
530	440	492.441767416641
532	440	328.954377006686
534	440	281.859498010127
536	440	264.371318897074
538	440	243.049199824239
540	440	237.225036492621
542	440	223.573340232979
544	440	203.543559180568
546	440	188.19096120895
548	440	189.536859459477
550	440	184.951767582135
552	440	175.420607140793
554	440	147.07963108283
556	440	169.257099288162
558	440	172.961528177498
560	440	176.407360758311
300	450	122.282570745323
302	450	78.4427570558049
304	450	130.106165378105
306	450	79.3348495024893
308	450	95.47650534465
310	450	74.444552036932
312	450	110.545278536542
314	450	68.3796931445981
316	450	52.5771280352768
318	450	73.5223838589317
320	450	78.3725595684957
322	450	72.6699180230095
324	450	70.0854017614491
326	450	62.9494531394558
328	450	55.8280700974826
330	450	58.0159986139184
332	450	81.2526396382021
334	450	33.6695048089268
336	450	49.7230798504141
338	450	42.7052137755534
340	450	67.9452616593921
342	450	48.9504738079119
344	450	42.5328004460881
346	450	36.8150190369859
348	450	55.6268470913578
350	450	35.1534714549249
352	450	35.7415800819093
354	450	22.7913632931173
356	450	31.2410609381554
358	450	33.0962878972953
360	450	32.5202609697804
362	450	28.0147061687492
364	450	30.8491199647754
366	450	34.3758034767528
368	450	28.2170005345616
370	450	19.20776072197
372	450	25.0377066211356
374	450	28.716177082463
376	450	16.7883998110872
378	450	25.568527151704
380	450	18.9666871612832
382	450	21.3061756366786
384	450	26.263018689576
386	450	20.370787787569
388	450	21.441346930084
390	450	20.1086155494438
392	450	22.3998061433854
394	450	24.6142482673742
396	450	19.5084029340436
398	450	20.6252206948992
400	450	20.8880469528121
402	450	19.7968903934659
404	450	24.8206130155132
406	450	27.3693506257344
408	450	30.1708808887259
410	450	23.972651050261
412	450	28.2600490614451
414	450	18.7081456438224
416	450	31.0812800622692
418	450	30.2088528867771
420	450	27.8931074319697
422	450	38.2951033670396
424	450	30.5655851990314
426	450	34.1897072673155
428	450	42.4545840342988
430	450	42.0074775087378
432	450	55.5273373138674
434	450	72.2981563745689
436	450	106.298499023493
438	450	160.796989696746
440	450	364.285337467464
442	450	6017.01946604619
444	450	25551.0129281936
446	450	64730.7071569962
448	450	101871.97699974
450	450	118006.068565618
452	450	98245.8858673649
454	450	56462.3970712162
456	450	21349.4579618359
458	450	4789.14934914688
460	450	745.132250245334
462	450	441.897258011637
464	450	348.451521821402
466	450	277.990900563293
468	450	259.434132886536
470	450	216.007877188467
472	450	202.854504317301
474	450	193.437255862832
476	450	187.544293372866
478	450	190.00578006002
480	450	193.701149977464
482	450	214.313868311436
484	450	238.615774578066
486	450	236.155067619439
488	450	219.795633557364
490	450	204.354592699155
492	450	188.192392800653
494	450	197.723914963448
496	450	194.760815893921
498	450	185.640826413522
500	450	193.306360780321
502	450	185.533258441142
504	450	169.432535360241
506	450	156.230891352234
508	450	156.646226443582
510	450	173.43181042031
512	450	197.129502197048
514	450	218.650293672521
516	450	273.942979974015
518	450	414.586142091821
520	450	697.617424464412
522	450	1051.09662183804
524	450	1538.9795000859
526	450	2124.08968419915
528	450	2637.654590951
530	450	2971.28493648628
532	450	3058.46195086319
534	450	2825.89777145312
536	450	2281.38847297479
538	450	1671.32153826634
540	450	1128.46257419013
542	450	712.119328365591
544	450	449.808286492323
546	450	301.957041265157
548	450	275.512828121788
550	450	235.951866274619
552	450	235.389412670309
554	450	209.335205693066
556	450	199.486765047426
558	450	201.512106745125
560	450	181.520048895578
