EM wavelength	EX wavelength	S1c/R1c
nm	nm	CPS / MicroAmps
300	240	64573.9013961019
302	240	76702.8426907213
304	240	90075.1914844217
306	240	94199.4527126548
308	240	93821.6712228607
310	240	90052.6003062908
312	240	98365.5286336502
314	240	104441.984399927
316	240	91858.2766719053
318	240	82169.4593208795
320	240	92695.4471666448
322	240	98391.0840286753
324	240	87966.0702474265
326	240	80110.4600293131
328	240	95162.4160961407
330	240	90041.7500426119
332	240	82086.2192521758
334	240	77777.4842738761
336	240	74502.117841614
338	240	73240.5083547002
340	240	61882.3577733115
342	240	59114.3976240307
344	240	55723.5022535044
346	240	48436.0253219538
348	240	46800.351453789
350	240	49247.7560919914
352	240	40651.6863673367
354	240	36762.270610798
356	240	36098.2417749954
358	240	31355.1817910763
360	240	33057.2693416019
362	240	33622.2968207428
364	240	29460.6959217304
366	240	25118.6867812371
368	240	24215.2569849076
370	240	21705.4118548839
372	240	20341.0565349848
374	240	20943.6932424117
376	240	20189.3230435093
378	240	18547.5000932409
380	240	19326.9832838269
382	240	20012.3209965917
384	240	18964.0407809105
386	240	17637.0848552064
388	240	17101.6307810926
390	240	17310.4960807498
392	240	16979.3283597605
394	240	16967.5078683374
396	240	16160.5755264635
398	240	14379.1105269757
400	240	16041.3543780489
402	240	16396.1872403734
404	240	17033.7452523014
406	240	15403.8938153808
408	240	14791.0626797538
410	240	16840.88822004
412	240	14688.2889503735
414	240	15856.0786722837
416	240	14615.6151365061
418	240	14078.9089800054
420	240	14663.6173086829
422	240	13685.2389320216
424	240	13355.7086454438
426	240	14112.6844629806
428	240	13660.9333889372
430	240	14516.2338224286
432	240	12491.4615129079
434	240	12816.3827010954
436	240	13495.1246140556
438	240	12836.9564285565
440	240	11070.4477288756
442	240	11542.370413341
444	240	11891.0810701689
446	240	10823.7552199674
448	240	11542.7577057374
450	240	11717.758491904
452	240	9808.48289343216
454	240	11613.6896804758
456	240	10281.2465207448
458	240	10221.0221291228
460	240	8260.46289254786
462	240	10481.8251073444
464	240	10765.4126502083
466	240	10477.2368804653
468	240	15195.6519963975
470	240	33882.7861007362
472	240	71489.4475794737
474	240	123350.159383874
476	240	207553.574948758
478	240	297611.263200842
480	240	357984.443049193
482	240	394294.963066465
484	240	359298.498953655
486	240	299581.78772148
488	240	212604.010429625
490	240	125459.073700886
492	240	54455.0950896093
494	240	22401.7805923808
496	240	12491.612461333
498	240	10430.4368983694
500	240	10660.0840436815
502	240	8743.03576617017
504	240	9808.31020318554
506	240	10062.7366672085
508	240	10759.1020910192
510	240	12918.4756086258
512	240	19837.1356000582
514	240	28526.3917362663
516	240	43296.6577820384
518	240	54348.093190784
520	240	69629.8258702187
522	240	86325.9072979027
524	240	90089.8873354483
526	240	94835.5441437663
528	240	85629.8679914226
530	240	73082.1345256293
532	240	58459.9796412464
534	240	37238.8194156276
536	240	24724.5832787811
538	240	15909.5419068151
540	240	11249.9864558773
542	240	10594.9056310677
544	240	10525.2526222417
546	240	9583.40974766529
548	240	9775.83573713223
550	240	11372.2611567558
552	240	8578.0857719894
554	240	9867.81454060783
556	240	7666.08602030271
558	240	10389.7478642104
560	240	8380.29232895261
300	250	67600.2906991237
302	250	71820.0827073624
304	250	74989.5116196539
306	250	85386.2722799094
308	250	82929.9214243949
310	250	93357.9229087957
312	250	90359.0577781739
314	250	94120.7757243133
316	250	91326.0542601687
318	250	93652.6488232016
320	250	93688.6183579813
322	250	93735.5014319489
324	250	89053.308178723
326	250	96420.626367464
328	250	87414.1161516058
330	250	87961.4453859196
332	250	81020.8075534737
334	250	72407.5218485798
336	250	71358.6219086249
338	250	62320.0468611756
340	250	60960.5062377869
342	250	54110.6221124954
344	250	49309.0820685753
346	250	42514.5489032341
348	250	42509.1982248274
350	250	36829.2396373392
352	250	36753.8360274549
354	250	31201.5088412651
356	250	28499.7619796786
358	250	26646.2434331845
360	250	24756.6970234003
362	250	23872.9472312089
364	250	22105.9218238638
366	250	19315.2552007004
368	250	18083.5494968591
370	250	16956.1413979221
372	250	17055.7647215665
374	250	15813.499941603
376	250	15055.7324037304
378	250	15409.6821478274
380	250	14519.2601546894
382	250	12713.4172629829
384	250	12559.1911271325
386	250	11857.0836714984
388	250	12650.1577440905
390	250	11694.559917835
392	250	11251.8822901626
394	250	11208.2232178387
396	250	11616.2899488176
398	250	11141.4957363389
400	250	11240.2567435874
402	250	10710.6283710842
404	250	11324.5211959708
406	250	11077.1100539607
408	250	10592.6569286086
410	250	10508.1627483044
412	250	10500.11987021
414	250	11153.8520780542
416	250	10793.1358385245
418	250	9874.35920106047
420	250	10101.5897221058
422	250	9567.75001046444
424	250	10448.1104167387
426	250	10257.8821241259
428	250	10115.4990089325
430	250	9126.7150396221
432	250	9765.16389415566
434	250	9677.39450940684
436	250	9256.54034392929
438	250	9558.66351194377
440	250	8395.98184841366
442	250	8253.88509062189
444	250	8650.50884891885
446	250	8229.57170475795
448	250	8404.90209714162
450	250	8709.76518979014
452	250	8296.33462160391
454	250	8209.90674391195
456	250	8849.78110511601
458	250	8281.81124104425
460	250	8201.02615607076
462	250	8423.37039158411
464	250	8387.75546964022
466	250	8987.72563650736
468	250	7557.86687939212
470	250	8219.4675282062
472	250	7080.60776011735
474	250	7869.68024156416
476	250	7892.69662621428
478	250	7792.34345481264
480	250	7421.78504875828
482	250	7749.91343134068
484	250	8674.46677586248
486	250	9705.42851523517
488	250	19416.7867203354
490	250	43172.8898748342
492	250	90857.960619234
494	250	154969.9575293
496	250	232284.081562901
498	250	313804.64774533
500	250	368946.688073003
502	250	378745.707797011
504	250	342932.111832954
506	250	271261.528274185
508	250	184798.806445024
510	250	103073.963000567
512	250	45407.9406900771
514	250	19072.0062631137
516	250	12137.9490405943
518	250	12129.5270226107
520	250	11948.4020492555
522	250	11297.8832733413
524	250	11235.0479314383
526	250	11441.0061261282
528	250	13142.3464603187
530	250	12875.1464877527
532	250	16542.1317922723
534	250	21967.1833035046
536	250	33213.9103346558
538	250	45258.2262747177
540	250	61674.3818988557
542	250	79041.0713315089
544	250	94142.7969853987
546	250	106973.547162504
548	250	110932.948391685
550	250	102396.636929586
552	250	92185.4489528995
554	250	75880.8863219801
556	250	60170.4050457752
558	250	43183.0408996506
560	250	28794.8122624293
300	260	89680.3644954394
302	260	90511.8432160703
304	260	96899.0903794063
306	260	97909.2172447366
308	260	103214.129009499
310	260	104727.035752849
312	260	101823.996566352
314	260	104719.276863751
316	260	101874.484268783
318	260	98564.8631872823
320	260	101743.695085086
322	260	93411.7119548725
324	260	94979.543749436
326	260	93232.7344827658
328	260	83235.0915224475
330	260	80058.2922680838
332	260	76784.3543868134
334	260	69951.1611470976
336	260	61822.2028373724
338	260	57435.9461885191
340	260	53947.2390683165
342	260	46981.4559462861
344	260	43083.1236942365
346	260	39968.2803634046
348	260	36691.5922383941
350	260	32997.3875254745
352	260	29235.3114049004
354	260	27040.6456912864
356	260	24510.5959561113
358	260	22495.5542330403
360	260	21049.4223221413
362	260	18080.4711717743
364	260	17800.8713261012
366	260	15974.5968964448
368	260	15291.0344681349
370	260	14598.9338810006
372	260	13129.1959062495
374	260	11586.2896601752
376	260	10786.3195015434
378	260	10564.164244838
380	260	10040.1270132963
382	260	10071.6819971266
384	260	9143.45007462995
386	260	9757.70253024423
388	260	8389.29481153521
390	260	8009.75417786328
392	260	7859.70990361397
394	260	8324.08534841063
396	260	8140.06713886396
398	260	7930.04710243511
400	260	7485.08948327891
402	260	7436.190541242
404	260	7294.17030788449
406	260	7342.04471862942
408	260	7409.50119902839
410	260	7087.86080731681
412	260	7124.5330036729
414	260	7023.57698154164
416	260	6931.4151511157
418	260	6347.92673854319
420	260	7284.89157746934
422	260	6991.02020459547
424	260	6500.24866542709
426	260	7101.97367402956
428	260	6415.1555091781
430	260	6949.89188118888
432	260	6659.12116184984
434	260	6829.48790106302
436	260	6720.1655304374
438	260	6482.12227646381
440	260	6681.99579551903
442	260	6141.23423058673
444	260	6315.79303540612
446	260	6064.13641030336
448	260	6130.58264383516
450	260	6442.9996578751
452	260	5836.71752800465
454	260	5887.43079189248
456	260	6324.37711700414
458	260	6512.30916935933
460	260	6038.02204695072
462	260	5885.5672099889
464	260	6280.55111135194
466	260	6151.12864913668
468	260	6622.73832845331
470	260	6780.61383722126
472	260	6409.7780254099
474	260	6167.24996460012
476	260	6541.23596612333
478	260	6581.81057954395
480	260	6710.45920708315
482	260	6549.26416503202
484	260	6417.14144528822
486	260	6892.63355887325
488	260	6744.23594893067
490	260	6750.52123374718
492	260	7112.03730910379
494	260	7003.70624621038
496	260	6835.23195752325
498	260	7077.75585520331
500	260	6987.68281736006
502	260	7379.00761649457
504	260	7975.93329244867
506	260	9426.30530973961
508	260	19795.371866219
510	260	48191.1064155191
512	260	102248.892252265
514	260	180543.432650729
516	260	268177.745808205
518	260	354633.189049967
520	260	411742.661382547
522	260	416917.624084624
524	260	361629.293324984
526	260	280084.992808728
528	260	190328.382398137
530	260	105402.126101984
532	260	47321.0670980313
534	260	22449.3597498899
536	260	16769.1990601469
538	260	15552.4500897621
540	260	15104.7838399666
542	260	15569.0367939357
544	260	16387.5874348827
546	260	15960.5076053847
548	260	16451.4012186636
550	260	15874.1169110149
552	260	16873.9623779706
554	260	18340.2161534526
556	260	23138.7952198518
558	260	29708.3435148432
560	260	39557.6883011121
300	270	767875.697229311
302	270	525993.498780036
304	270	315064.749680654
306	270	191307.732370763
308	270	128901.388118216
310	270	115140.568109615
312	270	108406.647452893
314	270	100504.248752539
316	270	96025.2564965248
318	270	89632.0535638623
320	270	87105.9236871606
322	270	81966.8559874642
324	270	80450.4297304592
326	270	75836.2070307485
328	270	75322.9385631781
330	270	68227.7853935496
332	270	62441.2518104815
334	270	57982.5688408223
336	270	53143.4111335026
338	270	47461.3611669654
340	270	42655.1713227716
342	270	38847.2476880212
344	270	34484.6640946315
346	270	31830.967226846
348	270	29936.109150273
350	270	26178.0544595821
352	270	24477.1905451701
354	270	21436.3862508986
356	270	19049.292309257
358	270	17163.7699826583
360	270	15959.2934016802
362	270	14059.3298806199
364	270	13457.8106134637
366	270	12321.578510555
368	270	11341.0357520389
370	270	11385.6262812527
372	270	9727.19752667449
374	270	9291.96035777499
376	270	9172.52419482404
378	270	8297.55416724504
380	270	8177.13923057616
382	270	7585.52660678356
384	270	7562.6964733742
386	270	6932.75328556886
388	270	7231.7457977818
390	270	6507.23196690481
392	270	6602.26588457535
394	270	6537.06246237504
396	270	6179.22632256774
398	270	5859.32250859121
400	270	6227.26703217091
402	270	5969.79387548987
404	270	6144.17075119896
406	270	5905.54090967365
408	270	5579.6475348308
410	270	5528.67853678166
412	270	5603.31710768752
414	270	5370.05009647289
416	270	5559.34202899096
418	270	5447.64120798197
420	270	5688.09943589785
422	270	5091.57958902695
424	270	5429.27169675951
426	270	5254.92523778042
428	270	5322.86650037896
430	270	5224.9784114753
432	270	5101.05348320908
434	270	5279.62260107699
436	270	4564.50633931974
438	270	5056.26670004604
440	270	4934.97252851412
442	270	5132.42830159698
444	270	4739.21455147898
446	270	4682.85490868741
448	270	4658.59452621839
450	270	4513.24915598456
452	270	4667.37393790384
454	270	4705.98667594011
456	270	4891.17597797512
458	270	4878.212441731
460	270	4908.9441874767
462	270	4871.8362627353
464	270	5061.61799206595
466	270	4985.87778452042
468	270	4875.36105718152
470	270	5143.99969599688
472	270	5186.25034932097
474	270	5015.89747030652
476	270	5181.27794471556
478	270	5020.95406606785
480	270	5204.85172996614
482	270	5302.5727159065
484	270	5114.96914145071
486	270	5049.76835682312
488	270	5251.58594548758
490	270	5407.21157117093
492	270	5349.62954646825
494	270	5371.33219991232
496	270	5130.17742170845
498	270	5392.14993316371
500	270	5406.51119071428
502	270	5655.59288836465
504	270	5817.33109119162
506	270	6001.17107252027
508	270	5661.81296137907
510	270	6115.9012191334
512	270	6392.41620125438
514	270	6688.55988635303
516	270	6884.96073581426
518	270	7174.8395999951
520	270	7530.65478841815
522	270	7825.96941864384
524	270	8500.836323712
526	270	11231.7009733629
528	270	25044.0241592564
530	270	60289.8394094279
532	270	124200.701776247
534	270	211259.883071304
536	270	309231.987658054
538	270	400715.745154737
540	270	452765.700243506
542	270	451592.746465906
544	270	394494.995002875
546	270	306144.600829849
548	270	203586.728018292
550	270	109993.861847809
552	270	49738.5389973961
554	270	22957.1062739921
556	270	16580.906253387
558	270	16196.9910466449
560	270	15984.5917952906
300	280	110642.313419706
302	280	190836.913630266
304	280	341037.965372222
306	280	528623.714977826
308	280	667198.018389544
310	280	677757.608216493
312	280	550577.689760802
314	280	368927.831927625
316	280	212262.962405226
318	280	117206.500790422
320	280	75491.4809455632
322	280	62384.9610914309
324	280	57435.4191748708
326	280	52755.7264878212
328	280	49234.7740280321
330	280	46061.6450128888
332	280	41961.5703160212
334	280	38120.2697034842
336	280	36935.0374729862
338	280	32977.1589215889
340	280	29803.3963983232
342	280	28126.4113341788
344	280	25303.6720968324
346	280	22822.3595363585
348	280	20596.8145606403
350	280	18075.0209027521
352	280	17101.4120086935
354	280	15279.654003473
356	280	13694.2988573
358	280	12984.2287595912
360	280	12091.6745270669
362	280	11020.2878221554
364	280	10195.0786090669
366	280	9401.49597652523
368	280	9196.22376977349
370	280	8504.88806146491
372	280	7851.7281922937
374	280	7460.71002990204
376	280	7342.10685544543
378	280	7174.39624367458
380	280	6902.15130840929
382	280	6413.78048107271
384	280	6571.96777841134
386	280	6413.84278157733
388	280	6053.70584575455
390	280	6099.14120966621
392	280	6022.18785431706
394	280	5675.56805971593
396	280	5498.0243285071
398	280	5733.5913041282
400	280	5707.16526386445
402	280	5623.03810004973
404	280	5537.31123355215
406	280	5417.6943656564
408	280	5276.58345816007
410	280	5156.22601371
412	280	5222.03249874155
414	280	5326.21415066112
416	280	5093.57302844001
418	280	4903.33018298192
420	280	5222.16961683469
422	280	5012.84862151326
424	280	4873.75981227382
426	280	4664.11047783712
428	280	4688.93370021224
430	280	4737.99923204775
432	280	4716.44874387634
434	280	4503.98149805659
436	280	4315.88705501415
438	280	4205.71554154251
440	280	4084.58533559304
442	280	4231.52089873612
444	280	4110.60221609954
446	280	3939.97894081779
448	280	3913.93423963833
450	280	3930.61238733427
452	280	3895.96670174118
454	280	3920.4163578017
456	280	3759.85141954987
458	280	3797.64469099652
460	280	3877.47305238177
462	280	3911.66955192039
464	280	3769.59490315228
466	280	3904.56605829057
468	280	3857.28184658328
470	280	3821.63190817764
472	280	3750.1268140726
474	280	3763.64734430928
476	280	3833.74919331413
478	280	3941.15959253348
480	280	3830.68120667643
482	280	3932.77429984543
484	280	3940.08394099558
486	280	4034.89549691325
488	280	3858.86779122349
490	280	3803.43704360343
492	280	3907.60367713785
494	280	4002.17694248499
496	280	3805.83779386372
498	280	3800.91276795143
500	280	3905.79994689905
502	280	4132.9356112717
504	280	4142.59189494467
506	280	4128.34270646111
508	280	4384.33603640785
510	280	4700.59380579866
512	280	4840.84012368624
514	280	4764.73728028349
516	280	5134.41769344512
518	280	5189.48576668221
520	280	5249.96974706323
522	280	5535.54417733016
524	280	5794.57728702559
526	280	6214.04744594064
528	280	6395.23004910968
530	280	6370.83590215251
532	280	6633.49263274453
534	280	7115.99959091116
536	280	6987.00982221293
538	280	7280.51789719451
540	280	7677.10204594593
542	280	7961.67375090243
544	280	8629.25846843745
546	280	11174.9298626616
548	280	25420.8171502878
550	280	62796.4192020837
552	280	127205.562218613
554	280	216938.537445659
556	280	320447.704375711
558	280	410576.334075547
560	280	465284.445307913
300	290	52431.4893990456
302	290	37377.1343768438
304	290	34539.9280625935
306	290	33740.34021629
308	290	33146.4137822766
310	290	36991.9712428495
312	290	53825.691197599
314	290	101078.171943786
316	290	192822.085063861
318	290	308297.895011311
320	290	400245.850640046
322	290	417647.911423968
324	290	356636.388276133
326	290	246461.831010569
328	290	140212.460392027
330	290	69636.0800458517
332	290	36425.0433764865
334	290	24758.5869013633
336	290	21143.9642419459
338	290	18480.1020489086
340	290	17032.7835557344
342	290	15923.8554782099
344	290	14147.5940935017
346	290	13681.0098013141
348	290	12793.3764538753
350	290	11491.0858439245
352	290	10955.8636797521
354	290	9907.51752319397
356	290	9614.83811458277
358	290	9485.75624733212
360	290	8709.44181640304
362	290	8187.2876028557
364	290	7672.86540700889
366	290	7505.46270420663
368	290	6859.52922386906
370	290	6674.43558228969
372	290	6334.84163384111
374	290	6148.33618391294
376	290	6026.41919384651
378	290	5845.34791765497
380	290	5607.75728179434
382	290	5661.2643395261
384	290	5571.25337565026
386	290	5486.05617565425
388	290	5457.99164068019
390	290	5334.610392414
392	290	5284.77793866856
394	290	5425.03288440362
396	290	5184.62276950176
398	290	5519.94313904932
400	290	5412.05206511737
402	290	5511.69501025436
404	290	5068.4886486592
406	290	5294.26914253853
408	290	5133.9753640546
410	290	5057.44294330415
412	290	5162.70636128434
414	290	5093.44887084749
416	290	4909.89165522546
418	290	4945.49408614471
420	290	4799.14276908607
422	290	4837.66845614575
424	290	4665.42191903246
426	290	4667.27363957818
428	290	4487.05660467452
430	290	4331.93330619582
432	290	4423.65477615532
434	290	4312.17994016822
436	290	4075.59144987734
438	290	3959.38037974761
440	290	3851.18411330033
442	290	3753.4332430694
444	290	3646.68826219899
446	290	3678.12551916222
448	290	3348.53383713143
450	290	3410.20651070951
452	290	3249.70614492919
454	290	3098.61241187541
456	290	3191.04457799288
458	290	2960.3783552531
460	290	3012.12225148745
462	290	3011.25321029728
464	290	2953.64437885369
466	290	2946.50950367471
468	290	2865.16714457262
470	290	2824.45444112752
472	290	2707.21023080317
474	290	2828.38343717928
476	290	2749.09021544308
478	290	2711.86602307623
480	290	2618.45381030701
482	290	2460.00191023619
484	290	2667.67610765569
486	290	2549.18230697805
488	290	2491.02773370532
490	290	2485.40188589721
492	290	2311.25457380999
494	290	2407.80467837203
496	290	2271.99645960098
498	290	2315.12797548141
500	290	2263.97317815975
502	290	2214.64142123957
504	290	2291.24761917075
506	290	2328.63149330078
508	290	2282.05107949472
510	290	2308.10983580622
512	290	2255.19872311924
514	290	2362.1754769958
516	290	2261.8296897431
518	290	2467.72919018876
520	290	2335.55337912563
522	290	2362.40674967419
524	290	2455.88049639738
526	290	2472.74884638719
528	290	2455.62321015306
530	290	2630.4713834411
532	290	2663.32438880661
534	290	2601.62325772265
536	290	2675.72492043855
538	290	2740.40771700589
540	290	2788.99012815948
542	290	2894.79161491072
544	290	2949.3460982904
546	290	3068.39090642389
548	290	3062.77450900634
550	290	3213.7484570771
552	290	3409.94722315517
554	290	3400.52144384888
556	290	3392.71123992294
558	290	3598.69020884616
560	290	3501.60364995227
300	300	3942698.02154346
302	300	3363758.59607661
304	300	2019858.00337703
306	300	789445.197139692
308	300	190980.870815215
310	300	36407.8315775503
312	300	22567.5623155967
314	300	18908.3147622337
316	300	17163.9351516741
318	300	16132.6979070054
320	300	15819.3940023585
322	300	17751.5994723213
324	300	29126.4692086006
326	300	60265.0714885903
328	300	118449.944772961
330	300	193451.418016914
332	300	256148.548528911
334	300	273611.472139275
336	300	235812.238795512
338	300	164068.186197756
340	300	93473.2736014779
342	300	44223.1552951697
344	300	20522.4091313778
346	300	11304.1102880749
348	300	8441.27173599702
350	300	7603.26538368404
352	300	7064.31410116341
354	300	6269.60498700389
356	300	5990.79861580862
358	300	5583.7761679573
360	300	5460.97116971832
362	300	5284.3857812041
364	300	4952.84962479004
366	300	5130.93800354534
368	300	4972.90664661429
370	300	4977.03018770079
372	300	4700.33752390466
374	300	4798.08125881747
376	300	4808.28100529994
378	300	4845.5763723959
380	300	4640.37582657611
382	300	4666.386799338
384	300	4688.00303394635
386	300	4442.5233574092
388	300	4687.70604619257
390	300	4743.5277140892
392	300	4553.91613701438
394	300	4714.14538671214
396	300	4631.47689138203
398	300	4690.78818958831
400	300	4728.68432671926
402	300	4859.25439171624
404	300	4797.21699422679
406	300	4692.32821848022
408	300	4805.8891450234
410	300	4614.2089583465
412	300	4664.30756724439
414	300	4621.95946857549
416	300	4670.09096307867
418	300	4647.72598442828
420	300	4405.66825594714
422	300	4499.00455193757
424	300	4268.08479005119
426	300	4180.67919345262
428	300	4090.50664202347
430	300	4092.29524011275
432	300	3992.59721810844
434	300	3871.14147995797
436	300	3794.85847077975
438	300	3701.28081698296
440	300	3547.53206984883
442	300	3414.04150319873
444	300	3423.31883579126
446	300	3327.6386304431
448	300	3126.26309827486
450	300	3172.4383797779
452	300	2989.40368076162
454	300	2879.70691231435
456	300	2853.94449126564
458	300	2815.10556658974
460	300	2773.04769524298
462	300	2621.9660296389
464	300	2550.96016981651
466	300	2567.75023939874
468	300	2510.86578228432
470	300	2464.60803399364
472	300	2354.16658569855
474	300	2365.12270397963
476	300	2306.12894038959
478	300	2191.38783976746
480	300	2146.99134167934
482	300	2093.68275724682
484	300	2023.68416250219
486	300	1924.25549096305
488	300	1946.22541457001
490	300	1916.76048920834
492	300	1948.13453339926
494	300	1819.550329343
496	300	1791.8460633205
498	300	1683.99887747412
500	300	1662.485817564
502	300	1600.45446301594
504	300	1558.60606879118
506	300	1583.34004812645
508	300	1612.65588116903
510	300	1565.81462005915
512	300	1513.03162089077
514	300	1446.76723829496
516	300	1428.33772902966
518	300	1419.01229454705
520	300	1349.40850982829
522	300	1363.03006573306
524	300	1371.95527776764
526	300	1398.33107037746
528	300	1366.88568410819
530	300	1283.61631374929
532	300	1227.85617065915
534	300	1375.79685447711
536	300	1200.28420806009
538	300	1185.14860499458
540	300	1428.47343564428
542	300	1301.28632695133
544	300	1341.88259160385
546	300	1316.14642442803
548	300	1304.34839272343
550	300	1347.8028694751
552	300	1336.15579772108
554	300	1323.55418619306
556	300	1306.30572295715
558	300	1356.29002884168
560	300	1379.02173063131
300	310	18029.9352918974
302	310	188203.457465852
304	310	795191.497652084
306	310	1953427.34700888
308	310	3105232.54184605
310	310	3500389.51037129
312	310	2795076.07679404
314	310	1581789.64907274
316	310	580883.142400895
318	310	141215.146596837
320	310	24703.4564401361
322	310	14757.9419311535
324	310	13046.5054424982
326	310	11165.9078782382
328	310	10798.5469435635
330	310	9327.27579715363
332	310	8864.11222387282
334	310	9592.33914454887
336	310	14879.5302200916
338	310	32317.1888102002
340	310	65653.7694912959
342	310	111930.744271602
344	310	151475.832096117
346	310	166390.358732012
348	310	146270.646858299
350	310	105817.977217869
352	310	61966.5525373008
354	310	30105.677817968
356	310	13174.8282381817
358	310	6846.65079009863
360	310	4879.03501099047
362	310	4098.67626146764
364	310	3784.69123186163
366	310	3826.97982763096
368	310	3591.18401773842
370	310	3583.75083238355
372	310	3580.46917128662
374	310	3533.20508416768
376	310	3536.82095237071
378	310	3702.30750357724
380	310	3712.00154087321
382	310	3717.44254938047
384	310	3747.94298496466
386	310	3824.39520753947
388	310	4002.16624843096
390	310	3984.29934857403
392	310	4139.94414772027
394	310	4288.55864898738
396	310	4239.67358523885
398	310	4239.80627019218
400	310	4255.68539170975
402	310	4185.26239573863
404	310	4336.75407428936
406	310	4254.2073705155
408	310	4226.29774930806
410	310	4311.62595359488
412	310	4129.19984881241
414	310	4257.03405195285
416	310	4130.59167466632
418	310	4054.8750494357
420	310	4134.4532313359
422	310	4014.34212619339
424	310	4015.14864927881
426	310	3783.45842455118
428	310	3778.40190081581
430	310	3852.40505484605
432	310	3607.78797284308
434	310	3705.64166693137
436	310	3664.16837672763
438	310	3463.12318333784
440	310	3346.35009139199
442	310	3225.80704228266
444	310	3208.76373143633
446	310	3024.88862534137
448	310	3057.58081644021
450	310	2980.06704418809
452	310	2787.72509215569
454	310	2839.46138213218
456	310	2759.91725972632
458	310	2581.07085396428
460	310	2567.48214295818
462	310	2477.53963710128
464	310	2561.04168445821
466	310	2451.95836493837
468	310	2408.21978294267
470	310	2323.84641438403
472	310	2182.30003567745
474	310	2192.56121284075
476	310	2147.26778622157
478	310	2167.55646604116
480	310	1992.6060883348
482	310	1984.81475403228
484	310	1975.38637662248
486	310	1918.33446091664
488	310	1805.66390683798
490	310	1824.68824914143
492	310	1785.92527170909
494	310	1676.72888857673
496	310	1654.4130499748
498	310	1616.95051510356
500	310	1567.65365304269
502	310	1531.31119477984
504	310	1481.32062434044
506	310	1509.99697234107
508	310	1434.73561729285
510	310	1465.23887728025
512	310	1328.60139897281
514	310	1355.79874765899
516	310	1301.80207887861
518	310	1287.67930393523
520	310	1282.91242288186
522	310	1244.85442379506
524	310	1161.1184825748
526	310	1217.44209698692
528	310	1178.0097395873
530	310	1226.25919469386
532	310	1142.44862308851
534	310	1190.43019210107
536	310	1131.39307536079
538	310	1195.20834655393
540	310	1172.59398231448
542	310	1039.79900391116
544	310	1087.82137517421
546	310	1138.38688650806
548	310	1073.90043167583
550	310	1015.90851737689
552	310	1169.03314585949
554	310	1124.75505746184
556	310	1070.37351208438
558	310	1054.71235081875
560	310	1000.45003624283
300	320	2201.98405853991
302	320	2209.60939707668
304	320	2795.49475444893
306	320	3580.45652656832
308	320	4748.44625852538
310	320	15773.4010354735
312	320	158249.736911767
314	320	628326.733649023
316	320	1518178.14599709
318	320	2404506.44461833
320	320	2799091.1860778
322	320	2379544.42283508
324	320	1437677.75555806
326	320	564819.548758576
328	320	137779.58095694
330	320	20944.647346937
332	320	11464.8737314263
334	320	9383.00588300505
336	320	8184.10139687018
338	320	7027.32010991355
340	320	6416.46768193591
342	320	5639.57273432165
344	320	5113.02840811683
346	320	5466.56679554874
348	320	8242.06113478793
350	320	17479.9081175815
352	320	36657.8686731064
354	320	64612.3712818699
356	320	90721.434124839
358	320	105914.149841724
360	320	99999.8854691541
362	320	77790.8877678974
364	320	48438.4186549149
366	320	25678.3600778856
368	320	12267.2317812115
370	320	6135.51235171759
372	320	4158.5893565126
374	320	3665.63767821947
376	320	3311.40923826212
378	320	3151.41785506839
380	320	3178.89723097916
382	320	3200.81023683351
384	320	3235.32235075905
386	320	3220.99330355589
388	320	3264.13469300701
390	320	3341.87226939767
392	320	3446.99127333019
394	320	3476.73397305722
396	320	3529.24920871155
398	320	3558.08512362628
400	320	3814.48802070017
402	320	3711.1728065911
404	320	3661.63260047511
406	320	3648.62287602864
408	320	3803.09060570275
410	320	3779.72843845491
412	320	3827.1219656216
414	320	3879.35554927585
416	320	3824.90860995104
418	320	3697.40693546282
420	320	3662.50734014511
422	320	3684.97997881031
424	320	3515.81139494119
426	320	3484.76839078766
428	320	3512.22877965905
430	320	3377.29535550983
432	320	3386.09913511822
434	320	3359.05016076413
436	320	3311.69182700577
438	320	3113.63745886887
440	320	3118.40181480293
442	320	3152.40484014938
444	320	2947.06604081206
446	320	2892.90022882416
448	320	2874.83431974059
450	320	2789.8305590922
452	320	2732.57393298716
454	320	2650.1030646298
456	320	2583.90095864716
458	320	2504.90274450475
460	320	2527.27998806105
462	320	2563.63612362957
464	320	2379.34830775379
466	320	2327.91696484858
468	320	2278.69850659795
470	320	2223.08090862484
472	320	2265.29212639306
474	320	2201.25123488457
476	320	1989.29660727943
478	320	1974.64135246342
480	320	2021.47628847125
482	320	1809.77502363338
484	320	1820.28916661655
486	320	1855.41539886936
488	320	1724.21240890863
490	320	1766.70106848204
492	320	1730.67438619229
494	320	1615.83287798226
496	320	1544.91778131036
498	320	1503.56792593204
500	320	1507.51878121458
502	320	1509.97702782452
504	320	1442.40905226677
506	320	1376.50175678235
508	320	1399.45004492355
510	320	1361.19353941989
512	320	1277.28744563305
514	320	1337.69327273723
516	320	1287.34610031706
518	320	1296.87070116457
520	320	1276.42474032301
522	320	1292.25882271413
524	320	1246.29258836602
526	320	1203.47577255291
528	320	1222.35380358169
530	320	1170.63811178487
532	320	1196.85122691834
534	320	1113.63089527259
536	320	1196.11530787961
538	320	1128.81106467751
540	320	1085.40229547051
542	320	1129.38487914412
544	320	1174.65403488816
546	320	1083.55779196436
548	320	1092.73546807585
550	320	1025.59550158356
552	320	1071.25577439033
554	320	990.296165661646
556	320	1061.5885254651
558	320	1029.04774959802
560	320	1039.02700276444
300	330	1098.58132781216
302	330	1053.60718896553
304	330	1177.49455469929
306	330	1240.19276431827
308	330	1370.03810667522
310	330	1606.72290159692
312	330	1497.90195638247
314	330	1820.84382771362
316	330	2094.79186133089
318	330	3439.1167064837
320	330	9718.7849928763
322	330	103763.251354601
324	330	458013.536339216
326	330	1147679.79811993
328	330	1874703.94035306
330	330	2167920.41363382
332	330	1796870.33016442
334	330	1092972.82391695
336	330	448523.897716043
338	330	109961.754617129
340	330	15795.9949690982
342	330	7412.78479057857
344	330	5944.79669130012
346	330	5361.47764076415
348	330	4720.1786591631
350	330	4403.73030415669
352	330	3903.30682269873
354	330	3592.13449535103
356	330	3300.61805425952
358	330	3463.84283803753
360	330	4825.70491299607
362	330	9931.37698202565
364	330	20551.5251530619
366	330	36825.2064594162
368	330	54870.7635253078
370	330	67361.4572019712
372	330	68285.7534517341
374	330	57022.8341312115
376	330	39597.7848483184
378	330	23326.2644745575
380	330	12227.9061499183
382	330	6365.86458565986
384	330	4145.26542916471
386	330	3413.34613161243
388	330	3192.17653713029
390	330	3079.8940267783
392	330	3007.51695314041
394	330	2965.36306354642
396	330	3055.19597510956
398	330	2993.40282821187
400	330	3113.64474432047
402	330	3166.91327694946
404	330	3195.0705672139
406	330	3207.20492092591
408	330	3238.57116587286
410	330	3191.76878694158
412	330	3321.64751625053
414	330	3156.63157121182
416	330	3282.05871404959
418	330	3235.3032287576
420	330	3284.98166995234
422	330	3185.23157393537
424	330	3182.07449138164
426	330	3068.62269677287
428	330	3148.5433295099
430	330	3058.1097751454
432	330	2990.81956427846
434	330	2977.04944060393
436	330	2896.21195788237
438	330	2938.0807104887
440	330	2794.58021930171
442	330	2793.77079827991
444	330	2776.65964264572
446	330	2639.32849758619
448	330	2558.02575705921
450	330	2557.46938999183
452	330	2527.92053854854
454	330	2410.8958062351
456	330	2475.05362265881
458	330	2307.76560361614
460	330	2377.93295218652
462	330	2327.55348368825
464	330	2261.22778469895
466	330	2226.8667235149
468	330	2146.26447609648
470	330	2089.0326026185
472	330	2033.89064954995
474	330	2006.15818449282
476	330	2042.19614955282
478	330	1906.58274051348
480	330	1893.49536584253
482	330	1808.76220570358
484	330	1804.69521374523
486	330	1715.56266534622
488	330	1641.86442852949
490	330	1621.64131766165
492	330	1640.67728548743
494	330	1594.84760373372
496	330	1550.80839753149
498	330	1524.58353767221
500	330	1422.64693216032
502	330	1399.73616058907
504	330	1397.15421792407
506	330	1348.05952746239
508	330	1323.21092153052
510	330	1388.23419980272
512	330	1233.52981504544
514	330	1281.89689287528
516	330	1246.12754891291
518	330	1237.36650136357
520	330	1245.49460945217
522	330	1189.68123089504
524	330	1214.22115689514
526	330	1211.16083743324
528	330	1161.52562100333
530	330	1129.3967246406
532	330	1170.86834065623
534	330	1097.81807613347
536	330	1096.42038805309
538	330	1083.06181184706
540	330	1065.30912690714
542	330	1116.80248818142
544	330	1050.82928726719
546	330	1016.47192894973
548	330	1050.63457294142
550	330	1077.89949925617
552	330	995.374241621056
554	330	972.905249618534
556	330	999.161561214101
558	330	941.425775046327
560	330	953.150997158235
300	340	830.107258779383
302	340	838.375469242269
304	340	815.394318410343
306	340	954.372314498317
308	340	867.129450405825
310	340	897.00906887196
312	340	879.058774609588
314	340	926.891266170578
316	340	920.379013353873
318	340	1048.57329680667
320	340	1082.73912896671
322	340	1182.56986165416
324	340	1350.61054431074
326	340	1689.49429544542
328	340	2597.33428061208
330	340	6676.90905959641
332	340	71857.1842851476
334	340	319061.88244416
336	340	833235.125936829
338	340	1404149.83988246
340	340	1583761.05480571
342	340	1308472.46369177
344	340	757882.799026073
346	340	287065.744854519
348	340	68022.1931146763
350	340	9720.07495914912
352	340	4980.78208534105
354	340	3929.3177581636
356	340	3206.03624437232
358	340	3104.67469461788
360	340	2991.85418180378
362	340	2785.94274556829
364	340	2535.07444774136
366	340	2293.99465651029
368	340	2282.76375364985
370	340	2364.87459496121
372	340	3107.25932507721
374	340	5331.71516790811
376	340	10887.9471722962
378	340	19875.2589785665
380	340	31037.9921107181
382	340	40503.6148028555
384	340	44715.4970437419
386	340	40962.4784563436
388	340	32247.6963218306
390	340	21095.6439515598
392	340	11997.9083176786
394	340	6673.15098302126
396	340	4068.94142170627
398	340	3246.79869095714
400	340	2985.94072802444
402	340	2802.59452467268
404	340	2710.58167495685
406	340	2691.50629867541
408	340	2694.72181660468
410	340	2627.19663386651
412	340	2626.25917365056
414	340	2655.13796151087
416	340	2667.99695137896
418	340	2690.43731853808
420	340	2601.45605349605
422	340	2648.73246229161
424	340	2529.40333376637
426	340	2460.13533394093
428	340	2523.03334223796
430	340	2447.29434310701
432	340	2436.6054501265
434	340	2440.47537134643
436	340	2373.34046555286
438	340	2386.02533881428
440	340	2394.52058474958
442	340	2280.19227801931
444	340	2288.44367620086
446	340	2280.82659548402
448	340	2184.7493413445
450	340	2122.56130484175
452	340	2157.35004909924
454	340	2053.10619063371
456	340	2046.68083948362
458	340	2061.01955790622
460	340	2023.87577404942
462	340	1987.58817574867
464	340	1966.0866441115
466	340	1920.15878369173
468	340	1842.63818592158
470	340	1840.60025547031
472	340	1759.52231158106
474	340	1718.20037670125
476	340	1718.04324798111
478	340	1693.05916852413
480	340	1688.45432551506
482	340	1607.78172844146
484	340	1555.9423097272
486	340	1488.44845611714
488	340	1475.32704633196
490	340	1442.59993973252
492	340	1450.47694930963
494	340	1412.69267103977
496	340	1335.33074711795
498	340	1270.13967957136
500	340	1234.75149130077
502	340	1275.4663002104
504	340	1259.90501704736
506	340	1207.74765377836
508	340	1143.20557743775
510	340	1202.64986906496
512	340	1182.02452263119
514	340	1103.01373649984
516	340	1120.20157650993
518	340	1094.13506813835
520	340	1085.36193801665
522	340	1070.68807722624
524	340	1028.26544108807
526	340	1057.42971508642
528	340	1035.86278398256
530	340	1017.07278131912
532	340	1044.41179706237
534	340	980.178930227401
536	340	993.542071388288
538	340	982.520215651065
540	340	950.962311621589
542	340	935.947282156841
544	340	995.489162215337
546	340	940.022954416622
548	340	930.153450583432
550	340	925.706361777216
552	340	941.603419765794
554	340	898.390764625364
556	340	892.588682414338
558	340	869.761616270087
560	340	905.440295924036
300	350	602.471488191515
302	350	534.798140642783
304	350	481.736232662647
306	350	537.455348890754
308	350	513.468723755815
310	350	545.121771368698
312	350	585.110139980577
314	350	550.307283696886
316	350	597.32167729003
318	350	484.206246806956
320	350	526.100604296749
322	350	560.553387312585
324	350	620.880900022964
326	350	691.769174657966
328	350	739.12005418789
330	350	797.989581463491
332	350	869.577116375443
334	350	923.887303041688
336	350	1133.50698320859
338	350	1630.74848099237
340	350	4107.08173847827
342	350	46769.4219494375
344	350	213300.572935423
346	350	536257.423089971
348	350	850687.268704092
350	350	975096.233786809
352	350	793584.025789942
354	350	467162.121173032
356	350	174681.928969317
358	350	40401.0571928034
360	350	6002.25417306525
362	350	3322.96038587149
364	350	2590.21069237593
366	350	2244.31437373784
368	350	2094.05603360666
370	350	2133.57509788871
372	350	2027.20711081598
374	350	1898.40726300325
376	350	1824.53348260806
378	350	1776.20486330178
380	350	1717.24795048799
382	350	1764.47826168926
384	350	2000.22209070205
386	350	2991.11347435459
388	350	5742.74691168373
390	350	10708.444686052
392	350	17715.6991803674
394	350	25309.6960283182
396	350	30227.7279982883
398	350	30406.1757371992
400	350	25692.5349649297
402	350	18199.2826110211
404	350	11219.6277693589
406	350	6268.32585993499
408	350	3742.69049146693
410	350	2724.54262880749
412	350	2380.93087511355
414	350	2207.38535598092
416	350	2131.03802429919
418	350	2099.95718393181
420	350	2016.5910233969
422	350	2049.07852043424
424	350	1989.65420750099
426	350	2035.67925944169
428	350	1950.1131395714
430	350	1928.96724986233
432	350	1928.09184252857
434	350	1922.5487562325
436	350	1948.52604242462
438	350	1843.22693453714
440	350	1842.8010099888
442	350	1748.3796384222
444	350	1751.20796202018
446	350	1769.61349346541
448	350	1717.42116489864
450	350	1732.90963652604
452	350	1702.67884338459
454	350	1639.0282340236
456	350	1682.17920109428
458	350	1632.36744534409
460	350	1655.21120825066
462	350	1630.43068760794
464	350	1611.45279533465
466	350	1607.20750507911
468	350	1543.18516479459
470	350	1486.73552381795
472	350	1483.65763675965
474	350	1443.33345233916
476	350	1431.70016737815
478	350	1391.50135237386
480	350	1342.36968846305
482	350	1338.33473207985
484	350	1275.12104532098
486	350	1269.95641644517
488	350	1256.60586407184
490	350	1208.65382280218
492	350	1197.04566634579
494	350	1150.21639001274
496	350	1128.34408157763
498	350	1096.7093598589
500	350	1077.59814622638
502	350	1022.81752620161
504	350	1084.34305641787
506	350	1074.97131080701
508	350	1030.86194233572
510	350	979.479322612472
512	350	945.548615220032
514	350	969.57769876877
516	350	941.814414187394
518	350	943.263988565445
520	350	898.738051720946
522	350	889.445173364433
524	350	853.466342446602
526	350	841.356658838365
528	350	812.823771621004
530	350	804.246530834747
532	350	803.940799911871
534	350	786.879061479826
536	350	773.558456167735
538	350	751.577762610365
540	350	760.972422371204
542	350	729.394422532725
544	350	714.348849308536
546	350	705.387985565744
548	350	699.324491169165
550	350	639.024289723528
552	350	664.55293983967
554	350	608.406973598589
556	350	639.931092998807
558	350	628.953089886637
560	350	618.32305397409
300	360	489.618110387997
302	360	448.011394451663
304	360	518.563653815577
306	360	452.560301532067
308	360	352.407123912928
310	360	336.222452907807
312	360	361.212242350004
314	360	359.128846845187
316	360	368.009493304265
318	360	372.455448627443
320	360	430.460973683288
322	360	361.872331073104
324	360	403.095295788989
326	360	495.16350397247
328	360	421.615420382174
330	360	444.752408655465
332	360	449.268066928096
334	360	387.017070234403
336	360	442.324091299815
338	360	437.910081972281
340	360	470.006502859164
342	360	544.758727945255
344	360	643.413829377462
346	360	776.945854385235
348	360	1184.66842889673
350	360	3178.08488926465
352	360	37452.9670434942
354	360	164457.86859425
356	360	409605.857454037
358	360	639295.754524918
360	360	710481.844432192
362	360	574566.256682002
364	360	327606.00668846
366	360	125755.078480088
368	360	27964.1742246891
370	360	4277.31272464396
372	360	2552.75924592105
374	360	1940.62775923204
376	360	1765.31762162612
378	360	1599.49941603334
380	360	1596.06882036114
382	360	1550.73304626665
384	360	1555.22946558418
386	360	1458.92377914748
388	360	1416.99262188023
390	360	1369.23749391542
392	360	1358.49366778965
394	360	1419.69846650395
396	360	1535.77653383571
398	360	2078.22338614854
400	360	3555.36836842329
402	360	6652.39380309685
404	360	11497.1761020537
406	360	17262.1482402089
408	360	21735.5637889806
410	360	23233.9024040097
412	360	20973.7451792136
414	360	16159.8416703944
416	360	10633.5527661026
418	360	6211.2399908766
420	360	3554.6773730837
422	360	2389.58689548036
424	360	1930.28163645687
426	360	1751.97931456064
428	360	1625.40715729085
430	360	1547.69210183139
432	360	1495.83399292925
434	360	1476.19083675975
436	360	1504.73230624606
438	360	1507.34409864934
440	360	1477.65302515364
442	360	1408.17471223619
444	360	1449.79537297007
446	360	1390.30524339772
448	360	1378.91666735758
450	360	1395.91673431854
452	360	1355.22867024231
454	360	1387.05083341557
456	360	1347.27919303427
458	360	1347.82285163141
460	360	1335.59548608394
462	360	1294.41777582853
464	360	1312.9932243782
466	360	1289.53851190406
468	360	1289.19204736417
470	360	1270.28231554609
472	360	1270.96132504955
474	360	1237.15970287514
476	360	1221.12262129965
478	360	1200.83765864777
480	360	1202.27806098286
482	360	1180.29122095988
484	360	1121.60531866473
486	360	1128.64531830753
488	360	1128.48577337434
490	360	1070.88245142605
492	360	1073.87193873514
494	360	1066.507788524
496	360	1002.49536348334
498	360	1028.90468912417
500	360	1019.02251406918
502	360	946.352452743075
504	360	970.81041261746
506	360	942.702981719817
508	360	928.008595068119
510	360	901.029125071796
512	360	898.719972073897
514	360	902.276484472419
516	360	891.584242140577
518	360	870.925532907621
520	360	858.187488236914
522	360	829.942082447152
524	360	829.104879109218
526	360	854.053447812837
528	360	759.890470595639
530	360	758.24859646355
532	360	758.35955838716
534	360	741.230600511454
536	360	723.224761622301
538	360	708.17353145912
540	360	700.715711592831
542	360	714.817047758212
544	360	658.470129393141
546	360	652.923866450378
548	360	651.526304702345
550	360	634.844212774593
552	360	591.334645587004
554	360	605.014611819824
556	360	613.95218421139
558	360	590.77704018161
560	360	576.297390137541
300	370	325.481402153591
302	370	327.126689618903
304	370	254.878142636657
306	370	314.405332883009
308	370	384.676602065445
310	370	361.390931653043
312	370	255.091324301494
314	370	213.350697353435
316	370	296.866631729953
318	370	219.854459514071
320	370	294.67351355014
322	370	296.80881985852
324	370	342.848229376122
326	370	336.023124581564
328	370	330.120267022889
330	370	318.096021612771
332	370	295.919762811244
334	370	319.847756488772
336	370	326.478962596215
338	370	313.015237194478
340	370	316.460799498779
342	370	277.6030655511
344	370	299.23804414621
346	370	291.20521792521
348	370	330.751796698204
350	370	354.843877610826
352	370	395.476022843411
354	370	495.656560490606
356	370	606.770849927355
358	370	913.165885294391
360	370	2827.28514680656
362	370	32093.9039076977
364	370	133441.624088227
366	370	321340.650192401
368	370	490472.495530448
370	370	543825.674225022
372	370	431592.926601893
374	370	251950.427122642
376	370	98548.0377243173
378	370	23005.7662782789
380	370	3472.14171632987
382	370	1966.34727972088
384	370	1527.7723764856
386	370	1296.11553714475
388	370	1164.18440117058
390	370	1181.47323910286
392	370	1132.69757957681
394	370	1205.52941433065
396	370	1106.988144198
398	370	1072.44535797334
400	370	1036.07936887839
402	370	977.08181216184
404	370	1019.38815239738
406	370	1007.79342784367
408	370	1048.72604021534
410	370	1347.02720163856
412	370	2201.06516180251
414	370	4191.87102930009
416	370	7367.25581520413
418	370	11508.1869939564
420	370	15391.2574435502
422	370	17712.5622451105
424	370	17288.4565749078
426	370	14378.5948218553
428	370	10338.0893887638
430	370	6482.44806351455
432	370	3856.62686434152
434	370	2263.08850576701
436	370	1635.07578120394
438	370	1426.17643302948
440	370	1290.7424192682
442	370	1196.45576014595
444	370	1148.13929947187
446	370	1137.43831018263
448	370	1101.95921254197
450	370	1096.82932694154
452	370	1104.08099546253
454	370	1136.44053286701
456	370	1117.13855216098
458	370	1140.32793987203
460	370	1103.33846555355
462	370	1093.54922305948
464	370	1115.70714638664
466	370	1076.7646819977
468	370	1059.41106102984
470	370	1081.96083140725
472	370	1073.88168957283
474	370	1073.38611332811
476	370	1033.13975698817
478	370	1023.66585362107
480	370	1036.90096149511
482	370	1006.51209602833
484	370	1010.94249980133
486	370	973.585787883281
488	370	983.966589926781
490	370	957.832042645965
492	370	975.930677623016
494	370	933.502458424712
496	370	861.317594947818
498	370	894.715520033493
500	370	925.17686549907
502	370	909.833984347719
504	370	881.114359186623
506	370	873.711299650307
508	370	885.011850219914
510	370	822.555449330005
512	370	821.101224065737
514	370	873.579666551808
516	370	811.165266294474
518	370	834.359072261143
520	370	805.522169751026
522	370	778.001324593529
524	370	781.768279663603
526	370	787.996860305193
528	370	802.71005615421
530	370	738.521309680086
532	370	750.495012166701
534	370	722.845130069861
536	370	710.121607325765
538	370	694.838888254038
540	370	687.007124512983
542	370	722.16272147388
544	370	680.733283426691
546	370	674.88851522133
548	370	667.677571930379
550	370	642.335013498829
552	370	659.084037577079
554	370	616.317379673608
556	370	612.197583140797
558	370	592.998683765728
560	370	614.324266471009
300	380	343.052885782133
302	380	346.175229791348
304	380	242.304633303998
306	380	356.607491403971
308	380	357.007424059766
310	380	250.592613220267
312	380	313.621079068452
314	380	285.203050914329
316	380	262.944209141773
318	380	240.466925202655
320	380	189.796431073628
322	380	215.274677016228
324	380	251.177867695494
326	380	204.219207732711
328	380	261.771440494543
330	380	256.067903465717
332	380	209.527507119358
334	380	249.189309325801
336	380	209.597199617728
338	380	199.242274235175
340	380	226.559901509106
342	380	163.24489873565
344	380	198.564081283785
346	380	217.7542107193
348	380	185.078991685575
350	380	202.723340818969
352	380	202.339197190098
354	380	206.037861180234
356	380	223.251743756381
358	380	219.800568594037
360	380	231.452889207419
362	380	295.831145882471
364	380	327.986627157232
366	380	380.745135772449
368	380	667.23619547781
370	380	2181.13211955958
372	380	23232.2988560789
374	380	97214.2529131697
376	380	228893.370045931
378	380	361458.51274454
380	380	413685.362002132
382	380	351702.578287897
384	380	214207.027012193
386	380	83814.9091511603
388	380	20403.3358940254
390	380	3017.61785483914
392	380	1513.34311523398
394	380	1157.68169885526
396	380	953.979339959861
398	380	832.421917009249
400	380	865.804477073297
402	380	835.024629963996
404	380	910.973026931187
406	380	823.965449457257
408	380	800.908834117185
410	380	776.097941368897
412	380	771.596300473635
414	380	740.008448015416
416	380	732.899399605618
418	380	723.951313357536
420	380	734.412414234898
422	380	894.84581338443
424	380	1318.1250290635
426	380	2322.53566326239
428	380	4222.18673052288
430	380	6879.23261770764
432	380	9914.95910958561
434	380	12322.5506210328
436	380	13342.5277859877
438	380	12531.3516155403
440	380	10019.6194399843
442	380	6896.25828531371
444	380	4416.39771317661
446	380	2583.55173217973
448	380	1579.3114972487
450	380	1237.39758194583
452	380	1036.98139194966
454	380	992.467632099863
456	380	924.623356707293
458	380	948.681078638749
460	380	879.999633620022
462	380	888.797669441822
464	380	880.751281790036
466	380	896.099427814368
468	380	869.580552065537
470	380	878.26771716023
472	380	908.565818234695
474	380	897.210463505862
476	380	874.304716558425
478	380	874.703749011415
480	380	916.377650629754
482	380	863.294454030173
484	380	839.927305054645
486	380	843.770461954594
488	380	836.331169200594
490	380	835.535330587438
492	380	764.717061028779
494	380	831.071110049896
496	380	781.832324752753
498	380	808.977920912831
500	380	799.174998180469
502	380	766.186964162484
504	380	794.924546033516
506	380	787.480231606707
508	380	765.506787027703
510	380	816.142416948382
512	380	759.393715121405
514	380	774.2458984993
516	380	792.304738594404
518	380	760.964982682797
520	380	792.230056320537
522	380	776.936832565301
524	380	782.172682281134
526	380	739.271432297074
528	380	747.089168340462
530	380	704.70837321829
532	380	723.569887884859
534	380	730.286209042292
536	380	728.480845083933
538	380	669.14590037279
540	380	738.663798419375
542	380	647.546400239963
544	380	677.447517257667
546	380	692.022976334123
548	380	675.185660817606
550	380	704.79047807597
552	380	669.830133361527
554	380	656.706943721244
556	380	652.945435468724
558	380	665.149263890772
560	380	610.942563242587
300	390	229.635706307357
302	390	351.25477769595
304	390	259.850781450679
306	390	278.063876917827
308	390	253.025953212497
310	390	274.878284033476
312	390	205.766650521073
314	390	263.767120763485
316	390	278.636509528895
318	390	188.708414101617
320	390	220.534529230957
322	390	211.46652549396
324	390	203.803947399119
326	390	209.75598465214
328	390	179.637970716496
330	390	148.492770127302
332	390	193.863055550678
334	390	149.349846997679
336	390	128.318245935604
338	390	151.199794709751
340	390	153.961384904162
342	390	151.863173271625
344	390	141.346895678627
346	390	134.46287805218
348	390	163.060843025593
350	390	122.287083932647
352	390	165.320911872164
354	390	132.771269465514
356	390	141.312457497596
358	390	119.324163677185
360	390	143.136473136136
362	390	142.065074019365
364	390	147.280031430016
366	390	151.754435515518
368	390	173.01591102991
370	390	189.593220289411
372	390	200.966493663884
374	390	216.943558294825
376	390	315.105617830934
378	390	483.912415515656
380	390	1332.30149726081
382	390	15252.6929658157
384	390	71259.9831057869
386	390	175834.591998534
388	390	288780.335586299
390	390	336442.649231983
392	390	291571.855416076
394	390	184303.256586173
396	390	75739.6316778743
398	390	18378.5572340342
400	390	2498.69283159305
402	390	1252.45617035832
404	390	981.282365527597
406	390	777.796609923465
408	390	698.422975298994
410	390	656.14395225994
412	390	673.544406463084
414	390	691.061683592722
416	390	685.378313494634
418	390	678.698718366924
420	390	636.961832346887
422	390	594.417466865709
424	390	643.141667421738
426	390	614.564226683496
428	390	608.024309221179
430	390	607.174868567263
432	390	597.018755056009
434	390	634.220072559753
436	390	848.362584245279
438	390	1337.27733636144
440	390	2264.58432559938
442	390	3845.22752332806
444	390	5912.73402408855
446	390	7977.69529625806
448	390	9647.57422434958
450	390	10070.0450347921
452	390	9162.61738291044
454	390	7167.11021319296
456	390	4843.76718696306
458	390	3040.99063213182
460	390	1804.997057444
462	390	1247.84484002079
464	390	985.050141049964
466	390	912.46846415816
468	390	895.423764606886
470	390	834.190954231742
472	390	793.673162494035
474	390	796.472014684528
476	390	759.793790454278
478	390	742.863540440421
480	390	775.684635590575
482	390	729.997134612183
484	390	739.445489862024
486	390	731.63764973882
488	390	723.404798770345
490	390	737.852648212803
492	390	729.195075612452
494	390	715.518506821884
496	390	712.446669360885
498	390	708.866436618407
500	390	708.139361313671
502	390	708.163955148692
504	390	720.171235482109
506	390	691.192777210708
508	390	707.290776687017
510	390	705.799810563898
512	390	716.630016998114
514	390	726.886372694624
516	390	723.875843345313
518	390	729.100844704362
520	390	754.078732908412
522	390	697.217639028003
524	390	742.176269878858
526	390	732.075789405713
528	390	715.573022842187
530	390	726.940420318735
532	390	759.060372164598
534	390	737.423816669655
536	390	728.793820069186
538	390	749.229605504487
540	390	733.035055713459
542	390	732.318465371981
544	390	704.58213980901
546	390	701.315245337343
548	390	686.672192592211
550	390	711.88508178022
552	390	699.828967401672
554	390	715.793411705694
556	390	713.641076807401
558	390	700.377102863518
560	390	670.353322420234
300	400	214.277055335325
302	400	219.776607915865
304	400	257.297987747711
306	400	215.334321435399
308	400	194.156960149776
310	400	209.59185847467
312	400	169.058571829647
314	400	213.352630307
316	400	153.955817063139
318	400	112.957618427234
320	400	167.099737292111
322	400	161.388294331575
324	400	138.431798178532
326	400	159.66397333443
328	400	163.163022051856
330	400	153.42757247037
332	400	132.306083825608
334	400	136.843928254248
336	400	144.525959865489
338	400	122.969148479747
340	400	124.931918674167
342	400	105.258466704834
344	400	93.3286290126669
346	400	94.9588363080543
348	400	89.346120547343
350	400	121.367882211709
352	400	110.436589056508
354	400	99.3602911976446
356	400	92.8439680894915
358	400	108.847003314626
360	400	109.190443479224
362	400	119.750911472036
364	400	105.34443175706
366	400	100.024512848351
368	400	85.3482975025934
370	400	129.040844871885
372	400	109.885317429444
374	400	106.762420629483
376	400	128.4865174469
378	400	139.075163643776
380	400	135.922918504114
382	400	152.816332315513
384	400	188.640283023505
386	400	254.037370301416
388	400	389.837133783843
390	400	922.194812480536
392	400	12036.3979801998
394	400	58776.4893459709
396	400	161421.905270813
398	400	265199.480678447
400	400	310351.860598034
402	400	263739.52796268
404	400	160395.28570689
406	400	61301.2529606978
408	400	13723.5011557625
410	400	1912.98839792561
412	400	1082.87561652815
414	400	831.202013561195
416	400	666.697365526171
418	400	576.786151718659
420	400	520.396781672365
422	400	535.187971566056
424	400	552.732038401604
426	400	581.591341135252
428	400	570.306429600895
430	400	570.419144834914
432	400	556.879760398954
434	400	532.7820510372
436	400	548.712435254266
438	400	520.096465759567
440	400	547.626908647289
442	400	512.653016575234
444	400	511.534515880523
446	400	570.503544449348
448	400	650.01605846666
450	400	858.151555075574
452	400	1417.48721860372
454	400	2381.18987340874
456	400	3851.73181470224
458	400	5551.21907125851
460	400	7101.83817320771
462	400	8119.95348567278
464	400	8051.23003292091
466	400	6864.46204767583
468	400	5200.79760242188
470	400	3483.77714396117
472	400	2198.43517200915
474	400	1411.70760159378
476	400	992.17533814675
478	400	882.843030862043
480	400	783.670948012649
482	400	748.458404887138
484	400	699.239900479903
486	400	711.253619318411
488	400	669.747861437831
490	400	666.23273867092
492	400	650.829622848405
494	400	645.827354980529
496	400	705.328848641802
498	400	659.985393696706
500	400	666.436877986529
502	400	655.708910195447
504	400	668.869375550569
506	400	681.331105071756
508	400	663.805433455049
510	400	659.076646806793
512	400	691.547818333789
514	400	698.603613023947
516	400	718.23526729577
518	400	699.756296403959
520	400	757.364671112023
522	400	713.759001618162
524	400	771.744961408744
526	400	748.593581711144
528	400	761.81026346859
530	400	778.902129738425
532	400	804.160776997664
534	400	787.308476305717
536	400	793.108115541273
538	400	810.954737722324
540	400	850.647497624269
542	400	794.362350480866
544	400	859.542672962641
546	400	851.827875463277
548	400	855.23064345153
550	400	833.196411207793
552	400	821.790153165964
554	400	780.070012392258
556	400	850.816502947041
558	400	844.730788317901
560	400	827.938478650105
300	410	225.863921375706
302	410	243.723208097847
304	410	160.104978169852
306	410	225.102122407943
308	410	219.789418383036
310	410	203.037033357941
312	410	157.391324851636
314	410	161.644202818951
316	410	161.500555770826
318	410	93.4344813165442
320	410	143.860614994955
322	410	166.003932140015
324	410	137.036205095503
326	410	157.777078112492
328	410	115.208915318952
330	410	123.744988468005
332	410	123.389687914224
334	410	132.867535411363
336	410	98.2860725639701
338	410	103.723010991226
340	410	80.4127803202573
342	410	91.1310671087876
344	410	96.5201441628686
346	410	78.4995011620303
348	410	76.8596041054593
350	410	80.5133739057047
352	410	75.326457670927
354	410	74.600959480891
356	410	71.8156204361688
358	410	81.0429551149428
360	410	68.4680401868427
362	410	76.5799154812912
364	410	75.2421241093274
366	410	62.4239942459896
368	410	66.5562729501227
370	410	92.8778025224077
372	410	74.8295294781265
374	410	75.6480736583725
376	410	74.8069703705708
378	410	70.3999075932987
380	410	89.162334871356
382	410	75.5825857202508
384	410	81.6764067745252
386	410	76.6350034410722
388	410	86.5680632943503
390	410	99.3595028769376
392	410	124.139322380072
394	410	151.435530346009
396	410	197.656345140453
398	410	334.348429853383
400	410	758.216783955134
402	410	10905.2420318069
404	410	50995.6500532303
406	410	132088.716592017
408	410	221444.156053483
410	410	253881.273101367
412	410	215275.605637595
414	410	129369.237034303
416	410	48029.9156558294
418	410	10544.7843569431
420	410	1507.67852667057
422	410	858.679600212842
424	410	673.623159992982
426	410	575.818942412671
428	410	486.819610047257
430	410	441.89691786347
432	410	452.402297594538
434	410	466.813503626038
436	410	481.305872895597
438	410	488.591743660519
440	410	495.9506765067
442	410	490.760315941822
444	410	454.707590678139
446	410	468.202454036173
448	410	472.064294838964
450	410	484.497559556229
452	410	480.367364431324
454	410	478.281725468782
456	410	489.28248372624
458	410	504.349627227931
460	410	546.305460443876
462	410	636.43528709576
464	410	945.230384636102
466	410	1548.29227037623
468	410	2452.70311837864
470	410	3749.64312405172
472	410	5058.82406196498
474	410	6267.65404634416
476	410	6723.23278844404
478	410	6431.54338294007
480	410	5390.58565891059
482	410	3979.32613163285
484	410	2687.96196820724
486	410	1689.86498830339
488	410	1125.18004553429
490	410	843.425786827277
492	410	748.809062323823
494	410	712.142129172883
496	410	699.828207097898
498	410	657.112774365791
500	410	679.696614833665
502	410	621.48148675207
504	410	640.191579682428
506	410	626.580627685205
508	410	637.647579865808
510	410	677.909049585953
512	410	695.364099047514
514	410	682.927636022069
516	410	708.910583115858
518	410	726.586975788972
520	410	727.39689689928
522	410	735.88698670938
524	410	795.988271750125
526	410	749.249283968415
528	410	823.800576086739
530	410	827.594344290084
532	410	818.620024395021
534	410	830.90692658901
536	410	841.754723793626
538	410	874.621082764719
540	410	867.308293764423
542	410	898.29452121926
544	410	879.524131422293
546	410	928.7766575291
548	410	908.718218955379
550	410	932.049009340726
552	410	951.465234180634
554	410	949.997717550176
556	410	910.308931449596
558	410	947.354273409043
560	410	947.915818690198
300	420	181.170616037377
302	420	164.575812113702
304	420	170.894798067975
306	420	192.188094027458
308	420	174.829087769546
310	420	188.202602559593
312	420	159.89785856964
314	420	165.652648871791
316	420	158.20818541379
318	420	157.024884998152
320	420	114.836345709417
322	420	121.900238210156
324	420	102.432781989983
326	420	112.658178474142
328	420	90.5661431001856
330	420	94.9594121336091
332	420	133.19847642489
334	420	105.676317696214
336	420	102.775822573685
338	420	84.086891328754
340	420	91.1442785286959
342	420	82.1502012414479
344	420	79.4121746427268
346	420	78.517522591524
348	420	85.0757576010896
350	420	73.3746229766565
352	420	75.9089104866919
354	420	75.7152838692653
356	420	74.0720824375798
358	420	62.7830879598581
360	420	72.0658760806868
362	420	72.263235015809
364	420	56.5221960464452
366	420	63.6483129422899
368	420	49.032281819829
370	420	56.6872715411931
372	420	52.5541411999227
374	420	56.2998882233286
376	420	52.8963470557936
378	420	57.5057184949736
380	420	59.6096496782777
382	420	44.339997786675
384	420	66.281021021297
386	420	51.5802250849302
388	420	64.4161281119503
390	420	57.9032300046531
392	420	78.4798619880138
394	420	71.7076308475018
396	420	81.9554538489499
398	420	87.4070152907754
400	420	103.428389028174
402	420	104.542216897212
404	420	129.043020691173
406	420	182.884975848273
408	420	314.028740427105
410	420	849.134282673222
412	420	10985.1187418926
414	420	50392.0794573166
416	420	129584.6525247
418	420	203758.468036185
420	420	230757.890847383
422	420	187020.566192687
424	420	108076.800541084
426	420	39390.223732713
428	420	8688.66902371178
430	420	1213.52985458154
432	420	718.664494327007
434	420	597.451516707002
436	420	540.656786268073
438	420	430.226318098255
440	420	427.737093733117
442	420	405.072236678063
444	420	410.288000129391
446	420	414.745621297077
448	420	437.526575281247
450	420	435.950625422206
452	420	454.780687637772
454	420	440.593581353167
456	420	450.918057987478
458	420	450.410215942786
460	420	454.209664972117
462	420	469.75309726961
464	420	461.029511927844
466	420	472.457216779408
468	420	471.813155000636
470	420	480.42598764136
472	420	507.396643741125
474	420	559.16545614612
476	420	716.660389320622
478	420	1052.6128562008
480	420	1680.90219837324
482	420	2550.64910254603
484	420	3558.81593758218
486	420	4474.09724594234
488	420	5287.3309862103
490	420	5527.75157313997
492	420	5234.70293953429
494	420	4292.6322589466
496	420	3211.86441828563
498	420	2159.66457692448
500	420	1412.39086818571
502	420	991.823189784221
504	420	825.498048188607
506	420	767.934784675983
508	420	752.911462060868
510	420	741.581543649909
512	420	729.358714794369
514	420	735.169517861353
516	420	738.473477955752
518	420	791.822148129642
520	420	785.063406503547
522	420	834.918713032823
524	420	839.599554339834
526	420	873.042450840903
528	420	853.54939654711
530	420	908.607104285064
532	420	875.139585992145
534	420	937.005007386843
536	420	961.870241223616
538	420	997.458732405992
540	420	1018.833290443
542	420	1026.04797643332
544	420	1031.35270595044
546	420	1043.74939893099
548	420	1043.64301064078
550	420	1064.27789752738
552	420	1080.45784419375
554	420	1049.17644440618
556	420	1084.4393514232
558	420	1079.17957329668
560	420	1147.92167841999
300	430	217.112071072673
302	430	166.762333697644
304	430	173.345666186833
306	430	195.934426098608
308	430	123.692826373769
310	430	156.136023720768
312	430	156.595752432854
314	430	139.935124690142
316	430	161.640921565981
318	430	155.329549793724
320	430	111.555125909151
322	430	110.939905876189
324	430	110.212969306392
326	430	113.150678800001
328	430	127.781081829312
330	430	121.182784327748
332	430	101.641565729859
334	430	119.129624101516
336	430	106.247260996612
338	430	96.5570034923927
340	430	72.158213367586
342	430	69.7279284852935
344	430	45.7569382098193
346	430	62.9571028998947
348	430	73.2710768111499
350	430	74.5149051663097
352	430	49.5277356839657
354	430	68.0815079534693
356	430	57.0257880874254
358	430	39.7562020731897
360	430	61.9432648077335
362	430	56.8306729001099
364	430	53.0399019143691
366	430	57.3538288218523
368	430	47.0834299721954
370	430	40.6175217619147
372	430	44.7345095517309
374	430	39.4416582419654
376	430	47.4494294652842
378	430	53.2518609584426
380	430	33.7170911798912
382	430	50.8588302413208
384	430	41.4942392024227
386	430	43.3852201821248
388	430	55.7095285640082
390	430	55.8012500215216
392	430	56.5159560452262
394	430	59.6249056610385
396	430	41.8574032565511
398	430	51.1101818569913
400	430	46.0222566075045
402	430	61.5931574651967
404	430	60.1911579463415
406	430	54.0608980737204
408	430	72.46453109415
410	430	81.8836841777552
412	430	94.9368656943569
414	430	123.713323247488
416	430	163.249326056119
418	430	258.965630425401
420	430	775.828853804357
422	430	9938.7890443145
424	430	45677.7178355233
426	430	112146.169542793
428	430	180652.442418308
430	430	205021.725546696
432	430	171284.498884937
434	430	104445.307249577
436	430	39312.1054168537
438	430	9620.42414775089
440	430	1241.53614683824
442	430	664.783161669678
444	430	543.449451423574
446	430	453.837219526535
448	430	404.75072231639
450	430	378.362417578363
452	430	371.488729414081
454	430	353.472643416013
456	430	354.241463690751
458	430	384.986390278041
460	430	406.853724645124
462	430	446.768276058017
464	430	426.456366565821
466	430	424.118115579369
468	430	423.361093116226
470	430	447.176122978863
472	430	452.759452253972
474	430	462.11172995045
476	430	482.878263057296
478	430	481.108842248556
480	430	454.665300894636
482	430	484.751380719993
484	430	482.268016435409
486	430	510.379433082692
488	430	587.248752003323
490	430	753.338502565508
492	430	1073.27377691301
494	430	1545.04748302612
496	430	2315.00326264228
498	430	3079.7739371277
500	430	3882.89723453161
502	430	4550.2399209291
504	430	4695.42158475196
506	430	4343.22954448029
508	430	3680.9149029884
510	430	2845.11345163385
512	430	1993.29643016948
514	430	1367.27384173999
516	430	1084.36857670465
518	430	922.603663935673
520	430	927.491326402302
522	430	963.615288965805
524	430	952.326624621405
526	430	947.625587819489
528	430	981.565879081876
530	430	961.385631230202
532	430	1000.83769689243
534	430	1013.7933222458
536	430	1038.29348322001
538	430	1058.07590221283
540	430	1084.48348405039
542	430	1114.8049942542
544	430	1098.56702127712
546	430	1116.46384495862
548	430	1134.84757586931
550	430	1181.87583397184
552	430	1142.27106413946
554	430	1183.25420435322
556	430	1170.03613533509
558	430	1192.66200170511
560	430	1158.42817592972
300	440	209.114006074282
302	440	227.934326779229
304	440	135.849399764665
306	440	157.169304245382
308	440	119.98151978978
310	440	112.190594595206
312	440	165.172902508746
314	440	118.787295804376
316	440	115.851979218156
318	440	132.377096451597
320	440	108.477388571807
322	440	129.190535693942
324	440	99.5426694348759
326	440	128.392116164183
328	440	96.4054889107999
330	440	80.5778423476041
332	440	87.7205336085046
334	440	87.5082721920403
336	440	78.9459300140131
338	440	81.5644758406863
340	440	76.1764381086421
342	440	60.3734429614893
344	440	60.1213688832707
346	440	47.3309958161568
348	440	69.3329679464781
350	440	51.175984666495
352	440	55.7681773292017
354	440	57.6383687799264
356	440	47.8491070391795
358	440	42.165798826535
360	440	42.3448819160563
362	440	47.7386531342448
364	440	39.838482106108
366	440	43.7612029475009
368	440	31.860195870463
370	440	45.4031080233572
372	440	45.4818096141581
374	440	34.9809442062549
376	440	29.7373233491916
378	440	32.7944650782205
380	440	43.0463167635678
382	440	31.3097324396983
384	440	28.2988862283079
386	440	35.0258840754111
388	440	31.1174230390242
390	440	34.8407079892873
392	440	34.311177025538
394	440	41.6977174570112
396	440	39.2832215828379
398	440	39.3678859664204
400	440	37.385741167779
402	440	34.5410727493958
404	440	37.1961632634591
406	440	37.8506284478727
408	440	37.6973393721552
410	440	45.4759362700867
412	440	43.9309883923849
414	440	46.8963394183831
416	440	51.1441555740359
418	440	53.1022840821495
420	440	65.8254031697971
422	440	74.490422361358
424	440	112.363850567323
426	440	144.880515970073
428	440	221.683512710412
430	440	592.97460266853
432	440	7668.85608960301
434	440	37319.3356071198
436	440	96870.5565415233
438	440	162175.508682048
440	440	187622.866787985
442	440	155544.528991327
444	440	93972.4328387061
446	440	37138.4302448005
448	440	8774.05444823792
450	440	1166.93130095221
452	440	596.773996908505
454	440	491.190849229134
456	440	433.265588690217
458	440	371.996268647954
460	440	338.001170591237
462	440	352.65602560283
464	440	339.072445971434
466	440	332.296538818429
468	440	352.49950566519
470	440	366.747734969665
472	440	411.814471515684
474	440	418.440028800905
476	440	394.497262348309
478	440	402.974283241572
480	440	390.904578707098
482	440	430.971598721446
484	440	409.23903485877
486	440	425.084373775207
488	440	430.098843430431
490	440	432.333285825641
492	440	414.988958341118
494	440	439.31503005134
496	440	444.088923034424
498	440	475.366631300263
500	440	507.01363504335
502	440	568.920445112452
504	440	729.846611453848
506	440	1017.4512528149
508	440	1508.2751544199
510	440	2133.64957406389
512	440	2856.95599252182
514	440	3507.70034685172
516	440	3996.43097808607
518	440	4194.14355839342
520	440	3875.07199558484
522	440	3237.05167151209
524	440	2518.47172788818
526	440	1965.96571000375
528	440	1452.68378026775
530	440	1090.37864163314
532	440	1063.39881604195
534	440	1012.85088062962
536	440	1011.35057800894
538	440	1011.27759795915
540	440	1020.23227478245
542	440	1023.53112700106
544	440	1039.3068480994
546	440	1050.26774388347
548	440	1062.86189957389
550	440	1056.74443076246
552	440	1055.42355517261
554	440	1059.88844458354
556	440	1052.96987482425
558	440	1114.5672937723
560	440	1101.99517269328
300	450	175.286812613313
302	450	223.373753622242
304	450	153.395157511919
306	450	135.755463763016
308	450	112.34518587777
310	450	84.2669937589903
312	450	119.689276977399
314	450	100.492068718574
316	450	118.812820131775
318	450	112.539052044995
320	450	96.8715612507485
322	450	119.459550472075
324	450	151.890474237433
326	450	79.4528755214627
328	450	116.993553115486
330	450	95.713439232995
332	450	92.9510092456893
334	450	93.2948553232555
336	450	47.3285516290684
338	450	84.4007792740215
340	450	88.2165196876961
342	450	76.7544133284253
344	450	55.4896108720419
346	450	63.6202663983679
348	450	51.8502336349543
350	450	52.6543745837673
352	450	63.1370954869514
354	450	49.7273832276379
356	450	38.5421495680892
358	450	36.725364826766
360	450	39.1280521764472
362	450	32.8262882141394
364	450	32.1490596606665
366	450	26.1920088254341
368	450	35.8459108001329
370	450	31.4115459799404
372	450	27.6832545719016
374	450	37.6548936672639
376	450	26.0385068180436
378	450	27.9172175045029
380	450	27.5804670241907
382	450	22.8184435218934
384	450	29.3210255613327
386	450	25.7763902811715
388	450	27.0355787085902
390	450	22.3844438993827
392	450	35.0073333202982
394	450	27.9553771637767
396	450	26.1627937504682
398	450	25.8062025211966
400	450	29.5497356846495
402	450	31.5626798992587
404	450	31.1056649370835
406	450	35.9740417431448
408	450	29.8527955664518
410	450	27.2277323850679
412	450	39.3338590503824
414	450	34.1616663019708
416	450	30.5433844632155
418	450	35.5722882101483
420	450	41.3868479724646
422	450	35.6623639577417
424	450	52.0017316187862
426	450	55.1722753376558
428	450	56.2911377671214
430	450	57.8530645638515
432	450	71.4725087336017
434	450	88.0499097656256
436	450	130.967944236392
438	450	195.1361433217
440	450	435.873910267095
442	450	5584.48323976248
444	450	27548.4765142794
446	450	83054.9886166091
448	450	145447.470730607
450	450	179261.157555604
452	450	158437.670561261
454	450	95938.6922188581
456	450	38586.9031612935
458	450	9001.01448549422
460	450	1099.90641410377
462	450	543.933691381923
464	450	458.363484242584
466	450	429.450052389142
468	450	370.24244830598
470	450	351.172201472237
472	450	341.109102671662
474	450	319.575557892153
476	450	319.73474340709
478	450	334.011884011449
480	450	362.164323285595
482	450	378.567565774742
484	450	397.517454044449
486	450	432.346136943279
488	450	398.381074155321
490	450	386.898777914538
492	450	397.992688519764
494	450	399.456966437685
496	450	406.82415398797
498	450	423.951941462554
500	450	428.238573347156
502	450	476.367118055797
504	450	466.895706865091
506	450	489.959333175105
508	450	502.588514760636
510	450	525.749048787597
512	450	579.536384401361
514	450	601.534165131642
516	450	698.100928617394
518	450	908.725157219287
520	450	1198.90210697694
522	450	1608.32270917706
524	450	2149.21370437969
526	450	2705.7651059242
528	450	3291.11493837953
530	450	3729.32637920361
532	450	3786.9281406977
534	450	3494.25385680607
536	450	3041.73479826337
538	450	2480.03068582301
540	450	1964.54951174005
542	450	1505.27449542685
544	450	1275.71234980454
546	450	1169.59522172756
548	450	1151.62906679035
550	450	1146.48417735174
552	450	1119.86812992377
554	450	1131.71378775629
556	450	1115.27152549597
558	450	1120.68761902462
560	450	1131.40331297356
