EM wavelength	EX wavelength	S1/R1
nm	nm	CPS / MicroAmps
300	240	9505.79975880357
302	240	8733.81993337801
304	240	9654.61670893147
306	240	11105.9154649243
308	240	10943.6590842746
310	240	11610.3972032127
312	240	11811.5617825237
314	240	12024.5206751228
316	240	12277.3471956358
318	240	12454.6153349528
320	240	13363.4604479409
322	240	13490.8795451441
324	240	13976.9300512869
326	240	12771.558287534
328	240	13364.8379810483
330	240	14079.7746877432
332	240	14108.3037395507
334	240	13410.2440714125
336	240	13639.3839122036
338	240	13782.4797086446
340	240	12656.8162599908
342	240	13116.086068502
344	240	13185.8507342987
346	240	12475.9418210042
348	240	12840.2378938559
350	240	12526.5364784133
352	240	13402.9048929611
354	240	12408.0637531153
356	240	12514.1037675938
358	240	11848.0271164193
360	240	13030.3664227023
362	240	13051.493437616
364	240	12672.647166434
366	240	13150.8414718269
368	240	12935.675656345
370	240	13537.4246235377
372	240	13975.8251704912
374	240	13194.8760234769
376	240	14438.1867309055
378	240	14064.4733333487
380	240	16314.5639183855
382	240	15854.8473643293
384	240	15790.8739576814
386	240	16706.2574649097
388	240	17163.0825655764
390	240	17850.3104971559
392	240	17753.3937953145
394	240	19145.2516859486
396	240	18532.78875641
398	240	19675.1922113241
400	240	20350.828396695
402	240	19919.0713939179
404	240	20006.7437427725
406	240	20156.8904778476
408	240	20556.5691392474
410	240	20837.1814721098
412	240	20897.7171676992
414	240	21652.6839644433
416	240	21182.6203222461
418	240	22464.4565681895
420	240	22211.1755080031
422	240	22169.3622555877
424	240	22960.0940077002
426	240	22801.2063234407
428	240	22173.5441515592
430	240	22764.1697254233
432	240	21310.3457178609
434	240	22502.1681994178
436	240	22397.5695788245
438	240	21217.6829163171
440	240	20837.9483686279
442	240	20633.4220611865
444	240	20755.0060079047
446	240	20588.4817107676
448	240	20678.6855435536
450	240	20433.563650773
452	240	20395.800338005
454	240	20445.2344483191
456	240	19431.2386034238
458	240	18411.4890640707
460	240	18397.7068197525
462	240	18739.3154272447
464	240	18578.2611053974
466	240	19581.5776409009
468	240	22792.6900059077
470	240	35401.0692452772
472	240	60244.3943426276
474	240	100487.769347094
476	240	154991.565692593
478	240	223747.862156169
480	240	279163.646229296
482	240	311363.503903457
484	240	305528.159892842
486	240	269354.914955301
488	240	188984.931330075
490	240	107142.776690573
492	240	49339.7194009274
494	240	24613.7245514304
496	240	16655.7661940423
498	240	14678.7855716179
500	240	13783.695897451
502	240	13996.8994923896
504	240	14046.0184838737
506	240	12753.2491502792
508	240	13400.8026407976
510	240	13175.1406755546
512	240	15847.6901641107
514	240	18741.9976731388
516	240	22033.5298254005
518	240	26654.5644100109
520	240	30758.534186974
522	240	35965.1717424647
524	240	37590.5014767605
526	240	37292.6498859115
528	240	33157.9739012801
530	240	29532.8097035378
532	240	23521.3051483552
534	240	18359.9905672642
536	240	13932.7174880229
538	240	10925.8008474338
540	240	9225.37330387165
542	240	8773.61095032265
544	240	8407.89223679399
546	240	7785.17146911486
548	240	7755.66044690869
550	240	7606.12757682312
552	240	7736.86345469529
554	240	7017.50500403462
556	240	7496.5057991107
558	240	6687.92418320583
560	240	6550.62044688571
300	250	5759.62193796265
302	250	6650.49434638092
304	250	6917.5084486925
306	250	7578.53246368473
308	250	7983.11331149878
310	250	9039.24655725971
312	250	9687.1117829093
314	250	10222.3620789262
316	250	9855.2742018412
318	250	10568.222414356
320	250	11061.0798610326
322	250	11338.0969200527
324	250	11894.4377001242
326	250	11769.3773514628
328	250	12227.9011341661
330	250	12007.9093244417
332	250	11786.2990725244
334	250	11801.0681269327
336	250	11522.5435880391
338	250	11522.455686881
340	250	11458.1342812733
342	250	11053.274385798
344	250	10586.4803184191
346	250	10551.5536374268
348	250	11123.4884993093
350	250	9686.44807859901
352	250	10079.4333761361
354	250	9991.70766054992
356	250	9841.41053064617
358	250	9664.829912918
360	250	9850.21710045801
362	250	9325.87398043147
364	250	9737.8405563006
366	250	9608.21634065978
368	250	10084.1771192868
370	250	9317.91476793097
372	250	9853.17232365685
374	250	9418.62601620421
376	250	9732.94743485444
378	250	9843.08799042919
380	250	10863.1148765619
382	250	11434.2883086628
384	250	10906.6065682725
386	250	11343.7635652759
388	250	11903.0853543
390	250	11954.1330695001
392	250	12233.9877127295
394	250	13005.8493614197
396	250	13216.3502201917
398	250	13866.6851787231
400	250	13249.7725961095
402	250	13406.3295679377
404	250	14124.3990146658
406	250	14467.5661306169
408	250	14504.6197948003
410	250	14930.0500546492
412	250	15475.3339887149
414	250	15559.0059817483
416	250	15222.9382408291
418	250	15692.6894690324
420	250	16329.8443783633
422	250	16256.3003476878
424	250	16509.2536273546
426	250	16294.5064707549
428	250	17479.5016624557
430	250	16444.3847607973
432	250	17006.0311063774
434	250	17096.676801973
436	250	16757.5371416973
438	250	17761.5566495623
440	250	17056.8490528073
442	250	17505.3246030394
444	250	17584.8068053487
446	250	16880.3310222094
448	250	17666.1396205094
450	250	17446.097155072
452	250	17260.9017369907
454	250	17111.2103327054
456	250	17276.2964648278
458	250	17359.3938129597
460	250	17299.0735768002
462	250	16698.4158552495
464	250	16815.2844041891
466	250	16662.2717374146
468	250	16879.4445328665
470	250	16420.5287866028
472	250	16195.8896377316
474	250	16300.7233814834
476	250	14698.3455577765
478	250	14935.6992616756
480	250	15061.0193698945
482	250	14900.278135032
484	250	14894.7393427262
486	250	15825.7717693721
488	250	23992.4510428367
490	250	43740.3658371782
492	250	82407.0234384216
494	250	136632.997758385
496	250	205461.793084349
498	250	268390.405591313
500	250	311805.775012574
502	250	310817.215842153
504	250	278247.489335291
506	250	221258.244225885
508	250	149925.386005214
510	250	84046.8790597216
512	250	40021.3319700669
514	250	17619.4563457327
516	250	13467.9268523197
518	250	12508.2927880599
520	250	12092.1368114189
522	250	11175.762960083
524	250	11696.5271917406
526	250	11727.543323951
528	250	11310.2421891752
530	250	11547.84849502
532	250	11766.186273568
534	250	14354.8933990382
536	250	17527.0232392999
538	250	20198.321398297
540	250	26759.2512052617
542	250	30977.0683381495
544	250	34906.2475398684
546	250	36683.1237810966
548	250	37495.0571601977
550	250	35129.0488196885
552	250	32093.294899406
554	250	26178.9142659886
556	250	20916.6008782169
558	250	16366.4461978706
560	250	12776.0119550979
300	260	10730.3477148746
302	260	11331.2224079999
304	260	11284.8255592225
306	260	12187.7815155243
308	260	12469.6828681654
310	260	12649.9763318721
312	260	12845.217840825
314	260	13303.362183859
316	260	13414.1821784556
318	260	13480.2779381691
320	260	13522.3851383717
322	260	13456.4696280233
324	260	13461.8284519855
326	260	13406.5438792306
328	260	13359.4692347341
330	260	13173.3248153645
332	260	12752.5383655064
334	260	12843.196708511
336	260	12643.1574435529
338	260	12385.9533311898
340	260	12049.8376924311
342	260	11722.5243293964
344	260	11020.6576764703
346	260	10498.0733670099
348	260	10300.3227258508
350	260	10079.3305594587
352	260	9805.60857814052
354	260	9530.38587420291
356	260	9256.76197255229
358	260	9161.01352731833
360	260	9032.05167279603
362	260	8549.93486397103
364	260	8716.67717063541
366	260	8931.02055669292
368	260	8692.68210899481
370	260	8611.4347609282
372	260	8497.15854661989
374	260	8855.26323509785
376	260	8661.19995702053
378	260	9189.08212281452
380	260	9047.12365766387
382	260	9223.95201042535
384	260	9380.00690311564
386	260	9928.20109970587
388	260	10019.3110730919
390	260	10486.6748463133
392	260	10322.3015231477
394	260	10567.0447963968
396	260	10665.9801877968
398	260	10809.557430971
400	260	11296.0651294156
402	260	11756.9962254535
404	260	11389.8553562456
406	260	11988.6210846814
408	260	12059.0502311059
410	260	12535.3018450655
412	260	12529.2405955052
414	260	12734.5784002052
416	260	13006.0494263032
418	260	13306.1087259578
420	260	12877.2985269669
422	260	13328.6608997888
424	260	13930.8223305536
426	260	14426.902915886
428	260	13693.0246489261
430	260	13772.8919979095
432	260	13820.6484529892
434	260	14120.1594409587
436	260	14406.8182947102
438	260	14530.9054722914
440	260	14423.0144172881
442	260	14102.4283727056
444	260	14398.0700354556
446	260	14734.3736140871
448	260	14756.0331355044
450	260	14313.9839549827
452	260	14720.9706495089
454	260	14349.0354536063
456	260	14259.0760809497
458	260	14599.7437906504
460	260	14320.8795872789
462	260	14575.5856072022
464	260	14100.0511691364
466	260	14646.9606931948
468	260	14394.8902308667
470	260	13945.1599886727
472	260	14024.0559627217
474	260	14204.047372969
476	260	13655.5547593144
478	260	13356.4950932957
480	260	13378.6954438712
482	260	13109.9549444829
484	260	12925.5452297047
486	260	12589.6053099368
488	260	13018.1146306516
490	260	12154.1894711787
492	260	12760.2618566906
494	260	12097.2002258433
496	260	12221.0193714352
498	260	12150.7626331215
500	260	12014.7915528549
502	260	12302.6509892071
504	260	12104.6919576893
506	260	13515.0637890581
508	260	22517.5246220766
510	260	45484.7890446917
512	260	91648.6066573637
514	260	156218.742348061
516	260	233713.1311072
518	260	307943.244291552
520	260	358132.151903989
522	260	359867.450494107
524	260	314934.534112165
526	260	234787.020158272
528	260	154453.596362716
530	260	85575.5474153991
532	260	37360.4750385601
534	260	17436.3233114086
536	260	12625.5852068948
538	260	11884.946441669
540	260	11675.3403984727
542	260	11267.6408668822
544	260	11270.0318956356
546	260	11168.8974519671
548	260	10619.2211235211
550	260	10477.2320410455
552	260	10514.9862816011
554	260	10791.3201326172
556	260	11620.4633715221
558	260	14329.4939027324
560	260	17735.7864381288
300	270	47954.3597689663
302	270	38589.6245770911
304	270	28321.8595414147
306	270	22473.8561039189
308	270	20300.0689977404
310	270	18937.0856625173
312	270	18505.3717142874
314	270	18585.5666894794
316	270	18052.8557003459
318	270	18125.8310146196
320	270	17499.2669549609
322	270	17303.753022265
324	270	17013.1989222081
326	270	15999.0834401578
328	270	15808.6908720177
330	270	15053.8170793178
332	270	14808.681626208
334	270	14161.8425100457
336	270	13991.3496137535
338	270	13082.6619220104
340	270	12445.7212581935
342	270	12103.6730594046
344	270	11412.837851804
346	270	11357.4780458602
348	270	10838.2947792184
350	270	10200.0676111628
352	270	9819.29963412954
354	270	9440.79654524853
356	270	9273.62797578936
358	270	9103.40497063795
360	270	8843.16618879797
362	270	8563.57393419682
364	270	8454.98425461937
366	270	8379.41812355248
368	270	8308.70032658098
370	270	8347.08207873576
372	270	8147.43130877389
374	270	8334.0031454921
376	270	8282.53010183044
378	270	8475.41196006249
380	270	8646.049396998
382	270	8553.01830480736
384	270	9072.59729719135
386	270	8920.08017621519
388	270	9204.5167951501
390	270	9309.99248644025
392	270	9395.37935032141
394	270	9513.5339945067
396	270	9666.55152153789
398	270	10147.6996640137
400	270	10203.9593006938
402	270	10289.7352978891
404	270	10286.6371890461
406	270	10348.0111745531
408	270	10632.6990716994
410	270	10636.7541930467
412	270	10820.9051005212
414	270	11100.1030537863
416	270	10961.9863776783
418	270	11250.2904576386
420	270	11369.5706625922
422	270	11314.9193038906
424	270	11411.2173465511
426	270	11400.3917662998
428	270	11568.4234448987
430	270	11699.780283539
432	270	11812.8925405875
434	270	11812.3408728565
436	270	12223.9484292529
438	270	11706.7592294417
440	270	11618.8750964809
442	270	11725.2336993855
444	270	11723.0194100916
446	270	11513.3320611089
448	270	11802.5399379711
450	270	11668.5196636829
452	270	11815.7066870138
454	270	11510.7964263688
456	270	11880.2343401562
458	270	11630.4516792781
460	270	11716.3262220365
462	270	11547.505436722
464	270	11652.4652768841
466	270	11713.5318976277
468	270	11277.7366306818
470	270	11507.3906993894
472	270	11587.4094443016
474	270	11230.1034195622
476	270	10970.7882430438
478	270	10811.3884727338
480	270	10473.3143796367
482	270	10600.6202841497
484	270	10572.3905610898
486	270	10391.4944973767
488	270	10235.0589155208
490	270	10176.7609724783
492	270	10159.4582622429
494	270	9985.29062468025
496	270	9566.66812846189
498	270	9864.95598313935
500	270	9772.04372197023
502	270	9376.53503165516
504	270	9657.74584465958
506	270	9569.06401482777
508	270	9528.64853115097
510	270	9496.69524038385
512	270	9545.2584307639
514	270	9422.66388110447
516	270	9297.19732770796
518	270	9345.65361906425
520	270	9241.80770370882
522	270	9375.23198238478
524	270	9669.70695487242
526	270	11766.0948430938
528	270	24154.8406657538
530	270	57595.1195477212
532	270	114444.475729635
534	270	193705.1697056
536	270	282043.115605578
538	270	365275.453502461
540	270	411028.740191988
542	270	404053.513337826
544	270	343388.124495907
546	270	259309.552663739
548	270	164545.767161259
550	270	85062.1521619808
552	270	35514.2641335554
554	270	15367.5115085202
556	270	10788.618811845
558	270	10134.6142220543
560	270	10204.5873128005
300	280	14334.6221836513
302	280	19235.8260385431
304	280	27797.9003992873
306	280	38975.0984231579
308	280	48743.6106972909
310	280	51842.6871795889
312	280	46958.9914822596
314	280	36443.6975845087
316	280	26160.1200807309
318	280	19606.2711211976
320	280	16661.7497975771
322	280	15452.6975734628
324	280	15201.4288857316
326	280	14891.137146586
328	280	14304.37710262
330	280	13960.862577927
332	280	13305.2458434606
334	280	13042.5941839448
336	280	12720.5077467038
338	280	12257.1030934466
340	280	11833.1399655059
342	280	11287.0177339116
344	280	10858.0509969108
346	280	10537.0993645736
348	280	10025.5382934318
350	280	9632.99879416645
352	280	9382.84387454807
354	280	9254.77091341866
356	280	8785.89035517268
358	280	8615.48537731568
360	280	8344.01300142264
362	280	8146.53816685259
364	280	8183.58053545948
366	280	8095.5624159508
368	280	8025.28663044485
370	280	8118.9287847127
372	280	7910.94068851084
374	280	8250.21902416875
376	280	8377.22637570108
378	280	8681.4600625629
380	280	8705.60250944064
382	280	9164.7767709047
384	280	9272.88945033452
386	280	9560.1723122995
388	280	9716.7564736002
390	280	10167.2657796812
392	280	10397.883884162
394	280	10518.1892415181
396	280	10513.2544796224
398	280	11105.8675610524
400	280	10929.8223972081
402	280	11346.6181823905
404	280	11145.0909875686
406	280	11434.4398918504
408	280	11571.5233637376
410	280	11538.2094220197
412	280	11697.116767174
414	280	11726.6272715458
416	280	11875.5176820127
418	280	11794.5612028464
420	280	11852.7017566043
422	280	11786.1815150465
424	280	11786.2112213679
426	280	11693.7881493518
428	280	11626.7738127503
430	280	11865.8921317787
432	280	11462.7467819334
434	280	11301.402914065
436	280	11245.6524627151
438	280	11249.5062163708
440	280	11126.2545130318
442	280	11022.9200977329
444	280	10728.5054230133
446	280	10751.7659280523
448	280	10850.1971004228
450	280	10613.6044069172
452	280	10261.3500992966
454	280	10158.1554664771
456	280	10186.2053864026
458	280	9962.56940668898
460	280	10002.4473914867
462	280	9620.43117846911
464	280	9631.09873400402
466	280	9672.14584916231
468	280	9505.14546229116
470	280	9437.56960390036
472	280	9227.96688270573
474	280	8977.15271378149
476	280	8819.31539904871
478	280	8769.16992488744
480	280	8582.59116611911
482	280	8516.10123744282
484	280	8351.42542946826
486	280	8326.56154481031
488	280	8044.79063451663
490	280	8165.8377411581
492	280	8087.64938777507
494	280	7949.41766930637
496	280	7945.62508857381
498	280	7772.32981706252
500	280	7689.9532234032
502	280	7674.70992012389
504	280	7650.26306608719
506	280	7569.01505391079
508	280	7621.34476435071
510	280	7369.35463650971
512	280	7391.93281167842
514	280	7338.29391399531
516	280	7306.90281864925
518	280	7289.53161778808
520	280	7250.97794163138
522	280	7030.88764353725
524	280	7091.71967007743
526	280	7259.54827039202
528	280	7148.52464887478
530	280	7255.48503389537
532	280	7038.95477024918
534	280	7061.18508245913
536	280	7168.75188872495
538	280	7021.68129163042
540	280	7122.28594869872
542	280	7205.29677048148
544	280	7413.74882838677
546	280	9528.777309738
548	280	22205.7365487361
550	280	53411.8116773986
552	280	109035.317900131
554	280	179777.79576237
556	280	258238.432476206
558	280	329588.583523106
560	280	367205.892931779
300	290	5867.05235773163
302	290	4359.72565166363
304	290	4389.40101881581
306	290	4677.20057146865
308	290	4994.29883986545
310	290	5729.69251654537
312	290	7265.82458199775
314	290	11444.5541948389
316	290	18988.6041275367
318	290	28839.5330515073
320	290	37849.3361505524
322	290	40884.5310746291
324	290	36877.4220231054
326	290	28150.9178277895
328	290	19220.4573530499
330	290	12477.2953320138
332	290	9442.40831724813
334	290	8411.586477953
336	290	7963.58243278633
338	290	7779.46424931289
340	290	7742.47960268092
342	290	7349.15034901789
344	290	7308.80679460554
346	290	7059.06322954719
348	290	6931.05991348543
350	290	6822.08828742641
352	290	6757.47897251814
354	290	6657.45264307773
356	290	6530.99299260631
358	290	6459.26831336103
360	290	6449.70546309828
362	290	6402.31648299536
364	290	6541.69289497041
366	290	6699.89383882707
368	290	6784.13613279617
370	290	7032.91252074366
372	290	7390.85167340844
374	290	7663.56749065486
376	290	7873.23859471505
378	290	8335.22901514447
380	290	8870.88206452805
382	290	9255.26269832606
384	290	9662.21156972604
386	290	10169.5249369999
388	290	10555.2087996231
390	290	11044.0417970916
392	290	11549.3067201712
394	290	12013.4736385831
396	290	12380.4592849264
398	290	12442.1349005759
400	290	12886.6076416941
402	290	12988.8332665485
404	290	13338.2517006036
406	290	13675.176476806
408	290	13798.5085591358
410	290	13642.9650043016
412	290	13819.2522877249
414	290	13970.1313769856
416	290	13807.3670825662
418	290	13822.363531986
420	290	13844.0652326909
422	290	13599.5239344277
424	290	13554.2867328516
426	290	13154.8388807289
428	290	13139.0695923268
430	290	13135.7018300906
432	290	12964.4278577563
434	290	12870.3587959259
436	290	12528.680299686
438	290	12278.447566425
440	290	11804.4797124442
442	290	11880.8574081841
444	290	11491.9504392527
446	290	11384.7934675456
448	290	11021.1705084163
450	290	10995.6001682694
452	290	10485.5557202079
454	290	10394.3617338835
456	290	10116.579196744
458	290	9901.0059840789
460	290	9735.10635932377
462	290	9655.72755402072
464	290	9283.53725751786
466	290	9063.80088489646
468	290	8962.58884798975
470	290	8757.74733742832
472	290	8590.57564184478
474	290	8251.50405391804
476	290	8103.59448255401
478	290	7781.1690133618
480	290	7622.86007004458
482	290	7542.63781047259
484	290	7326.20285202405
486	290	7170.46592531919
488	290	7195.41902872538
490	290	6808.51981531924
492	290	6744.0019008121
494	290	6521.33561336712
496	290	6368.69505540351
498	290	6358.4667817572
500	290	6107.7652820754
502	290	5975.23635157378
504	290	5972.92175145516
506	290	5862.58197796778
508	290	5591.04910681547
510	290	5576.2776466821
512	290	5468.42960625311
514	290	5201.95604817479
516	290	5102.77351087655
518	290	5022.93426712534
520	290	5022.40832765378
522	290	4634.77506283059
524	290	4606.45688680684
526	290	4668.80837421758
528	290	4443.97031652359
530	290	4415.46921359696
532	290	4356.18122771306
534	290	4141.13165033382
536	290	4088.39859216253
538	290	3939.54688610481
540	290	3896.20718702938
542	290	3816.53907547916
544	290	3809.31000100243
546	290	3694.62533074058
548	290	3592.67756517846
550	290	3538.0451940529
552	290	3693.95274302364
554	290	3483.7283037249
556	290	3474.37823469184
558	290	3434.37593409911
560	290	3345.70954697024
300	300	503936.689361758
302	300	449631.175554432
304	300	288388.192411979
306	300	118070.565869131
308	300	29365.6907247813
310	300	4568.64688337457
312	300	2949.83019507751
314	300	2827.92638782539
316	300	3006.07472517581
318	300	3031.69557905584
320	300	3283.85847257584
322	300	3563.08591421544
324	300	4733.71209651296
326	300	7903.36532528203
328	300	13985.5351576282
330	300	22455.5466193938
332	300	30501.0883176839
334	300	34105.1070063535
336	300	31739.588784795
338	300	23800.3106209313
340	300	15479.918293035
342	300	9126.05155027864
344	300	5687.54485590568
346	300	4413.75431805797
348	300	4176.13835046658
350	300	4011.39145389862
352	300	4107.55130383956
354	300	4104.64668075508
356	300	4245.73961281228
358	300	4156.66661012052
360	300	4320.86751547129
362	300	4595.58433562067
364	300	4802.3173717634
366	300	4999.84268703861
368	300	5262.29585762169
370	300	5717.38115453804
372	300	6055.08718833975
374	300	6465.01068872289
376	300	6979.95795449817
378	300	7746.48139902775
380	300	8156.62564890428
382	300	8973.95205094425
384	300	9507.92560570731
386	300	9839.02910483704
388	300	10635.933565657
390	300	11146.7934239852
392	300	11688.1856634612
394	300	11979.6525532662
396	300	12467.2816419252
398	300	12950.0600753553
400	300	13352.9104708175
402	300	13647.5077147478
404	300	14193.1049306774
406	300	14466.8090363981
408	300	14437.5206066074
410	300	14752.075198284
412	300	14682.6042080684
414	300	14920.2179117584
416	300	15018.9396195976
418	300	14751.7053809297
420	300	14916.7875212292
422	300	14813.3298959389
424	300	14727.1545895584
426	300	14493.4038100054
428	300	14534.72816069
430	300	14446.2382695024
432	300	14174.6559025742
434	300	13973.4564493967
436	300	13914.6805542338
438	300	13551.6442557484
440	300	13304.3463942467
442	300	13191.228592297
444	300	13031.2261318055
446	300	12714.2922510823
448	300	12321.0990786129
450	300	12068.134182329
452	300	12087.602576645
454	300	11532.1751777905
456	300	11282.9165709814
458	300	11054.5852075505
460	300	10873.3656374072
462	300	10621.8330163309
464	300	10399.3323725408
466	300	10051.9370954692
468	300	9841.46118782697
470	300	9687.05207462388
472	300	9186.5367131096
474	300	9020.29629278274
476	300	8736.22706378481
478	300	8543.50131473831
480	300	8294.76135760715
482	300	8119.72330867123
484	300	7912.71716010626
486	300	7646.58217857165
488	300	7539.14290215962
490	300	7466.96309973216
492	300	7199.83649955518
494	300	6877.34447449813
496	300	6785.54577753837
498	300	6561.06426871818
500	300	6467.2010310338
502	300	6175.38296493627
504	300	5980.39683262281
506	300	5812.56530284754
508	300	5592.51837304021
510	300	5456.85919330771
512	300	5180.6544395315
514	300	4986.15269586737
516	300	4882.71878787516
518	300	4711.91277587862
520	300	4639.11018594086
522	300	4329.20441205653
524	300	4165.17894254473
526	300	3959.99688997601
528	300	3853.73266569999
530	300	3739.29723607215
532	300	3611.35653217561
534	300	3487.5931805012
536	300	3410.70154909491
538	300	3201.14052187937
540	300	3094.93107761106
542	300	3062.90332441423
544	300	2855.28747709654
546	300	2756.52099388558
548	300	2714.87430222845
550	300	2488.84414045326
552	300	2446.18948463477
554	300	2417.81448061572
556	300	2369.6057957089
558	300	2253.99590758581
560	300	2146.73392612055
300	310	2772.51230634407
302	310	31397.9835500303
304	310	141865.516445663
306	310	352979.012566849
308	310	555010.989770889
310	310	636929.215649077
312	310	542775.452738561
314	310	343006.026529155
316	310	140792.839210705
318	310	34446.7569500807
320	310	4450.9717636234
322	310	2592.43032184741
324	310	2236.68019496197
326	310	2121.08723787891
328	310	2091.5620206985
330	310	2011.08521689329
332	310	2027.40446820436
334	310	2179.36260475722
336	310	3082.04255150573
338	310	5717.44895254717
340	310	11314.5693714739
342	310	19152.8856894478
344	310	27030.7077655176
346	310	31632.3237917787
348	310	29993.4302678412
350	310	23190.8233123533
352	310	15006.3581387011
354	310	8665.49992487937
356	310	5092.98533190268
358	310	3791.11913311272
360	310	3490.73056314134
362	310	3537.84387175536
364	310	3657.48373359289
366	310	3890.91042231007
368	310	4191.6156690143
370	310	4567.42379599282
372	310	4909.17335298065
374	310	5290.79638355452
376	310	5908.78718993375
378	310	6413.07559056672
380	310	6799.94261483474
382	310	7419.43096070475
384	310	7966.76219605045
386	310	8429.07185267534
388	310	9038.3677137615
390	310	9596.70672955062
392	310	9990.52332215376
394	310	10437.32569091
396	310	10798.5193242642
398	310	11336.7697117675
400	310	11765.9198045927
402	310	11975.8122775187
404	310	12439.0950162695
406	310	12748.4917666525
408	310	13035.5269522728
410	310	13270.3927593376
412	310	13488.23586276
414	310	13698.8296776167
416	310	13692.2199119132
418	310	13678.2231769869
420	310	13966.1493012988
422	310	13882.5526061553
424	310	13962.3141534297
426	310	13756.4007972017
428	310	13953.7383175657
430	310	13810.2767112064
432	310	13650.7326627116
434	310	13679.5953133625
436	310	13465.4604071589
438	310	13414.4943536214
440	310	13386.8911733503
442	310	13105.2876746441
444	310	12975.7481039917
446	310	12871.4136869665
448	310	12607.4788958701
450	310	12610.2235176673
452	310	12161.0280062273
454	310	12100.6670394367
456	310	11949.4541411181
458	310	11934.7118958108
460	310	11579.272252187
462	310	11336.9808711015
464	310	11063.6227087643
466	310	10785.9626219573
468	310	10706.030761236
470	310	10525.1344185923
472	310	10242.6559095398
474	310	9998.52829733586
476	310	9784.92011499463
478	310	9518.86461502117
480	310	9050.79518284705
482	310	9158.62020709238
484	310	8797.75510233405
486	310	8505.59980063339
488	310	8548.57110369634
490	310	8298.16746350945
492	310	8066.48348209618
494	310	7821.21109170614
496	310	7606.60476013963
498	310	7505.57696826603
500	310	7183.69552782069
502	310	7036.43214882604
504	310	6873.83391878707
506	310	6549.76677503201
508	310	6357.26419385259
510	310	6211.0633015265
512	310	5926.45870764692
514	310	5835.05476779152
516	310	5472.33459047182
518	310	5308.15005590992
520	310	5086.38280401165
522	310	4932.7087093351
524	310	4743.8314460303
526	310	4548.48933495238
528	310	4336.59286318004
530	310	4151.52458522532
532	310	4026.11732335133
534	310	3812.27381933025
536	310	3726.78600357137
538	310	3542.06789693796
540	310	3366.44789392066
542	310	3227.93810235417
544	310	3037.09182604394
546	310	2959.47414693035
548	310	2890.68535058545
550	310	2750.15078151425
552	310	2609.36480670534
554	310	2524.93530559832
556	310	2375.01389366227
558	310	2327.12985008601
560	310	2154.06385313649
300	320	323.735474024115
302	320	395.42015737701
304	320	456.609282190639
306	320	572.902483951433
308	320	895.868972441162
310	320	3126.68861576471
312	320	34391.8198765912
314	320	143706.951073688
316	320	346318.357670593
318	320	546055.338408158
320	320	637808.628105378
322	320	561465.074761251
324	320	363246.057435384
326	320	155462.614266328
328	320	39927.8120463895
330	320	4983.74475217376
332	320	2262.32029689172
334	320	1914.10142033951
336	320	1744.16670798727
338	320	1659.0827660345
340	320	1718.25759333627
342	320	1675.20470456097
344	320	1665.02839622825
346	320	1819.40367225782
348	320	2597.24258506931
350	320	4912.86915473504
352	320	9631.78281303815
354	320	17299.2894584072
356	320	25483.3759174791
358	320	30582.038961441
360	320	30428.4730638961
362	320	25190.1980720838
364	320	17106.596709716
366	320	10581.1230212241
368	320	6544.25479699946
370	320	4768.42115446145
372	320	4411.83969980352
374	320	4440.8677779016
376	320	4631.65515990198
378	320	4914.42622697986
380	320	5228.53470597764
382	320	5714.8271164533
384	320	6036.10332832911
386	320	6343.40917666765
388	320	6731.29114070871
390	320	7010.51121690468
392	320	7362.27182292084
394	320	7829.89326865019
396	320	8091.69953018882
398	320	8503.72172490332
400	320	8804.80190561993
402	320	9075.76471988875
404	320	9411.01265665586
406	320	9851.45198505842
408	320	10054.5398054656
410	320	10379.8254440597
412	320	10506.8275723741
414	320	10837.6211925772
416	320	10832.9929104194
418	320	11095.1868164131
420	320	11327.91504946
422	320	11408.5025657025
424	320	11515.8690066688
426	320	11445.8700427797
428	320	11634.5603421554
430	320	11754.1594905123
432	320	11780.871362684
434	320	11863.5135204359
436	320	11990.5937622857
438	320	11703.3148924337
440	320	11808.5455292511
442	320	11709.8154245789
444	320	11654.8676639919
446	320	11705.2712797691
448	320	11607.2884892626
450	320	11620.0512628373
452	320	11546.7363529654
454	320	11476.9664233926
456	320	11302.8112025428
458	320	11210.050220457
460	320	11063.5000510612
462	320	10950.7227296921
464	320	10775.5371035172
466	320	10516.3052107063
468	320	10491.2604781273
470	320	10367.4277117508
472	320	10101.331318107
474	320	9740.61255793871
476	320	9675.3426114656
478	320	9334.65020434008
480	320	9276.1635233902
482	320	9054.87368175423
484	320	8739.5133574104
486	320	8787.20156581429
488	320	8472.07182719945
490	320	8211.7745942971
492	320	8098.93652108778
494	320	7806.84478701841
496	320	7750.48556225743
498	320	7403.48699144269
500	320	7288.83032599999
502	320	6996.05718755875
504	320	6797.29615850941
506	320	6581.84816165019
508	320	6395.56569393454
510	320	6152.4289274165
512	320	5996.77879992339
514	320	5875.93439482568
516	320	5535.89232925195
518	320	5277.66077339051
520	320	5090.07518955448
522	320	4884.80468384167
524	320	4726.25370343596
526	320	4583.31467645605
528	320	4326.68569462042
530	320	4209.1072025439
532	320	4118.78817377215
534	320	3852.91094240492
536	320	3622.66574956922
538	320	3508.51637261074
540	320	3438.30376201344
542	320	3283.55866337875
544	320	3124.54137339974
546	320	3030.55792305637
548	320	2887.61228359958
550	320	2700.14299252394
552	320	2722.15731996318
554	320	2529.88856106344
556	320	2480.17513441415
558	320	2370.01754504693
560	320	2218.54161336139
300	330	264.730713993004
302	330	252.162706841433
304	330	291.444021681243
306	330	293.826315123527
308	330	352.112065711623
310	330	401.760289983107
312	330	454.974548100949
314	330	522.727005292576
316	330	696.4247883652
318	330	1033.62079160673
320	330	3190.81138485986
322	330	35429.7951751591
324	330	156405.766487417
326	330	387364.899591031
328	330	605993.348562604
330	330	704543.800416455
332	330	635617.016048555
334	330	434413.334855557
336	330	195632.68191894
338	330	50467.1633082197
340	330	6156.79982808627
342	330	2444.33042525233
344	330	2003.54446809968
346	330	1865.47215948263
348	330	1857.38384464052
350	330	1793.37997810017
352	330	1893.45816864352
354	330	1838.11214840781
356	330	1971.83383614652
358	330	2207.33529933401
360	330	2742.83807992349
362	330	4599.96968365834
364	330	8625.32916522994
366	330	15094.1202433381
368	330	22599.8067175623
370	330	28420.087506456
372	330	30170.8555560344
374	330	26962.2107409489
376	330	20148.2962858496
378	330	13505.7295208024
380	330	8704.86236202157
382	330	6402.22548773382
384	330	5440.8562202003
386	330	5287.65943385944
388	330	5376.99449479285
390	330	5603.67203837958
392	330	5802.59399728416
394	330	6002.32013201363
396	330	6273.27109645505
398	330	6507.73417993618
400	330	6644.81249684605
402	330	7020.75363650739
404	330	7218.69173317525
406	330	7503.4963959988
408	330	7635.38210572343
410	330	7961.50579755932
412	330	8170.46944592329
414	330	8334.69808440013
416	330	8702.97457864261
418	330	8905.43021585528
420	330	8990.1306857052
422	330	9059.09240244972
424	330	9201.75198629544
426	330	9518.82658270832
428	330	9574.10152161717
430	330	9665.8431917086
432	330	9776.62158892171
434	330	9879.62819892029
436	330	10160.3022960338
438	330	9981.02181097559
440	330	10115.2816488093
442	330	10089.0579730069
444	330	10070.9320191609
446	330	10100.1818370862
448	330	10190.8641722516
450	330	10139.9779557789
452	330	10144.7442354111
454	330	10028.1412812683
456	330	9916.83770756703
458	330	9871.53236998892
460	330	9894.82461015385
462	330	9813.67667184208
464	330	9613.4785855697
466	330	9466.03117980589
468	330	9231.4011087794
470	330	9168.84118181726
472	330	8946.58813349709
474	330	8867.36769858672
476	330	8700.07107705602
478	330	8398.47939004203
480	330	8192.12287675727
482	330	8085.56723856574
484	330	7771.66416978621
486	330	7671.6385667701
488	330	7559.42687765992
490	330	7303.60842426772
492	330	7039.93114986893
494	330	7006.68493813874
496	330	6778.52699050345
498	330	6669.68751730872
500	330	6476.6614768403
502	330	6174.23249024568
504	330	5950.5216367341
506	330	5772.94227741449
508	330	5650.43843358947
510	330	5363.80464345143
512	330	5277.81187191695
514	330	5095.74351479744
516	330	4839.47720994439
518	330	4703.12522513901
520	330	4510.5677844708
522	330	4394.71275892385
524	330	4256.17725868425
526	330	4064.43531740992
528	330	3930.75998013965
530	330	3741.33772595034
532	330	3577.47920898668
534	330	3442.78375291578
536	330	3300.86073133431
538	330	3184.04189737823
540	330	3040.46722893287
542	330	2916.88116043944
544	330	2789.07818412976
546	330	2681.07117035602
548	330	2580.5061950582
550	330	2493.66102395534
552	330	2352.4796446716
554	330	2281.30029255771
556	330	2132.60926823179
558	330	2099.34390547741
560	330	1987.5903930368
300	340	167.235437833299
302	340	169.641792198757
304	340	194.958612584558
306	340	217.533424447666
308	340	225.679882558736
310	340	230.880880671993
312	340	227.523500704935
314	340	252.773122508531
316	340	291.951681294945
318	340	298.768824057451
320	340	371.741211178958
322	340	429.339132450052
324	340	549.573025472614
326	340	662.979260321844
328	340	950.748231356488
330	340	2647.52938982516
332	340	31169.0066237298
334	340	142004.649031776
336	340	368724.704208817
338	340	602336.840527318
340	340	706798.565413497
342	340	649848.384729809
344	340	453216.776106834
346	340	202256.238891593
348	340	51312.7295177018
350	340	5840.89326293276
352	340	2430.29147839008
354	340	2017.92637708248
356	340	1886.66918461419
358	340	1868.35220835144
360	340	1868.23971932566
362	340	1933.84564850499
364	340	1980.65152933441
366	340	2118.26581923282
368	340	2217.3924623398
370	340	2431.75049569482
372	340	2948.12094489217
374	340	4317.50791273309
376	340	7411.13945913543
378	340	12560.2068162731
380	340	19300.8235769308
382	340	25320.1648955882
384	340	28498.9978506064
386	340	27223.6132933155
388	340	22459.9514003415
390	340	16044.4775054442
392	340	10565.3674718343
394	340	7281.12559731085
396	340	5844.90739535873
398	340	5567.69948260758
400	340	5569.46247477173
402	340	5644.06333966744
404	340	5741.79398037835
406	340	5938.53392114882
408	340	6133.4473373478
410	340	6376.70984227181
412	340	6610.7771669013
414	340	6860.97275737867
416	340	7037.87485453358
418	340	7133.61481310838
420	340	7424.24450496542
422	340	7592.0832465054
424	340	7799.07006939186
426	340	7916.25141380402
428	340	7867.53719143026
430	340	7974.01427712999
432	340	8353.90896765937
434	340	8412.23745894591
436	340	8425.84433320029
438	340	8481.13448056386
440	340	8727.049117727
442	340	8668.15167215746
444	340	8692.6385621216
446	340	8853.23815574182
448	340	8899.39362762241
450	340	8876.0255594861
452	340	8793.17822557484
454	340	8750.03813125077
456	340	8771.75201323453
458	340	8671.88756840128
460	340	8603.05922583496
462	340	8554.97897903519
464	340	8620.70256996405
466	340	8337.84581510323
468	340	8206.22087646584
470	340	8146.78971717662
472	340	8061.38417189665
474	340	7709.59206729208
476	340	7708.66993256351
478	340	7415.9194686959
480	340	7223.88110099704
482	340	7194.98417253323
484	340	7041.70085781117
486	340	6922.76738543999
488	340	6663.69605465322
490	340	6435.28765771369
492	340	6350.06746097089
494	340	6157.2278252487
496	340	6035.70500992261
498	340	5764.13779564479
500	340	5689.09206489817
502	340	5565.25288322864
504	340	5338.98326803476
506	340	5264.96061707271
508	340	5135.80157813882
510	340	4862.46504377778
512	340	4788.79899918119
514	340	4608.81736878008
516	340	4376.61706717399
518	340	4243.29234353587
520	340	4089.78440459059
522	340	3977.65531480914
524	340	3845.88258236164
526	340	3693.77852908744
528	340	3534.03808029666
530	340	3478.27666129162
532	340	3252.7151017104
534	340	3147.70776930291
536	340	3095.97430407504
538	340	2890.04619552557
540	340	2830.09240104133
542	340	2653.4595677607
544	340	2623.28828780765
546	340	2437.7721933795
548	340	2417.67813937494
550	340	2275.9737692876
552	340	2246.59033031303
554	340	2143.36983773341
556	340	2004.54622386849
558	340	1965.12431139588
560	340	1900.64238894156
300	350	157.061075144329
302	350	152.276083450431
304	350	179.250020919138
306	350	162.893334616865
308	350	187.747572799982
310	350	186.756965878627
312	350	192.89577893055
314	350	210.980227377808
316	350	224.089827631016
318	350	226.228807891263
320	350	244.216179093319
322	350	264.19772674224
324	350	277.320603099876
326	350	300.456772035208
328	350	340.072590009082
330	350	401.926054538302
332	350	460.871738253758
334	350	537.61881691263
336	350	677.799413334245
338	350	1022.04976898318
340	350	2767.94494647366
342	350	35234.5353275958
344	350	163430.836738334
346	350	403704.690852513
348	350	630127.761908332
350	350	714932.203489225
352	350	640817.45740843
354	350	423958.679075399
356	350	176107.149588421
358	350	42391.2490377764
360	350	4988.48125043442
362	350	2434.98393018671
364	350	2039.05397383942
366	350	1900.24191522099
368	350	1937.77356444917
370	350	2070.41045300026
372	350	2111.62696063229
374	350	2183.95074595667
376	350	2279.51762307706
378	350	2302.03182006021
380	350	2462.58741209414
382	350	2707.90860544071
384	350	2973.13079191961
386	350	3895.10133392159
388	350	6061.68116235277
390	350	9627.64451579904
392	350	15470.3731032989
394	350	21240.4308647288
396	350	25589.0060022963
398	350	26219.7499158452
400	350	22915.9652291845
402	350	17274.4284286303
404	350	11861.5116774361
406	350	8164.6511161493
408	350	6264.73780034052
410	350	5660.43367595614
412	350	5510.4366753985
414	350	5661.90523339819
416	350	5678.43422512272
418	350	5842.47077487545
420	350	6092.42930472295
422	350	6184.77959961762
424	350	6386.57136708369
426	350	6503.06204611829
428	350	6792.90892737079
430	350	6904.17981685477
432	350	7015.04922415468
434	350	7034.80445133288
436	350	7216.9984622289
438	350	7392.14158085058
440	350	7440.79629165103
442	350	7719.04595241311
444	350	7656.64981769549
446	350	7848.75574125166
448	350	7931.38284097906
450	350	7954.88005187238
452	350	8015.03576160239
454	350	7992.73894975659
456	350	8019.37172344626
458	350	8102.41629396428
460	350	7940.22188374376
462	350	8042.30546291717
464	350	7922.74286314991
466	350	7867.43524150065
468	350	7757.91999557325
470	350	7604.09155438909
472	350	7540.52120990582
474	350	7378.48716592084
476	350	7245.22874323084
478	350	7133.47993905262
480	350	6929.15499764993
482	350	6966.48041566646
484	350	6638.22254670051
486	350	6531.4706450471
488	350	6404.88464590565
490	350	6216.9547977419
492	350	6192.55496208951
494	350	6079.61933059937
496	350	5915.49523504926
498	350	5757.59639189801
500	350	5639.20984924281
502	350	5312.72454644623
504	350	5235.67859076091
506	350	5147.81168233694
508	350	5060.79723716863
510	350	4833.40599295821
512	350	4659.08624353492
514	350	4571.9249040669
516	350	4386.57359431402
518	350	4232.5292781301
520	350	4112.38800500394
522	350	3887.41441229784
524	350	3810.28476643739
526	350	3587.60441412205
528	350	3481.07471447048
530	350	3343.26551158498
532	350	3275.80088391103
534	350	3069.8188833101
536	350	2922.45847444
538	350	2849.71648191469
540	350	2715.94175974704
542	350	2615.86397063987
544	350	2540.5364727795
546	350	2441.55247264204
548	350	2293.53563232651
550	350	2220.50003236342
552	350	2123.16791738511
554	350	2016.58869287758
556	350	1950.50036589205
558	350	1826.8352625166
560	350	1754.30314886313
300	360	131.599060763333
302	360	133.946300623429
304	360	164.35309379373
306	360	144.421945023594
308	360	150.081505675719
310	360	151.738494325624
312	360	158.762557945496
314	360	171.194427414641
316	360	185.541379186646
318	360	202.184864782212
320	360	223.187380914948
322	360	227.562605477097
324	360	233.001234389385
326	360	255.723073862118
328	360	272.898559603781
330	360	276.598324040605
332	360	296.521261141099
334	360	323.655741029868
336	360	349.876884374193
338	360	401.186250263262
340	360	433.400127238824
342	360	536.568130896105
344	360	643.114599921593
346	360	866.283842412097
348	360	1322.08525592329
350	360	3785.09645409884
352	360	47294.9021170983
354	360	221913.980543838
356	360	529031.669468269
358	360	769222.378112625
360	360	844463.706809245
362	360	761110.684463532
364	360	516493.213411322
366	360	224943.886237599
368	360	52733.4865191691
370	360	5461.53408016362
372	360	2916.52235181439
374	360	2398.4783371921
376	360	2178.27844433334
378	360	2217.49686117037
380	360	2262.8716603158
382	360	2360.90898268064
384	360	2435.15121437696
386	360	2445.68728497019
388	360	2515.21438133635
390	360	2608.18239958282
392	360	2725.04643199779
394	360	2907.80693222528
396	360	3140.6337959008
398	360	3762.22909504487
400	360	5231.36965300077
402	360	8217.12775022077
404	360	12837.9456356487
406	360	18234.3343867561
408	360	22918.777789661
410	360	24843.238441378
412	360	23121.2377223891
414	360	18541.7615069247
416	360	13653.1208715151
418	360	9527.31080840803
420	360	7043.30013049867
422	360	6146.56791653024
424	360	5874.48902449866
426	360	5912.21733802065
428	360	5989.12615048361
430	360	6134.20290662793
432	360	6243.57491076023
434	360	6526.52529312837
436	360	6520.79430529171
438	360	6841.83914752834
440	360	6902.82978718162
442	360	7106.25713488197
444	360	7043.64955090608
446	360	7285.70386492582
448	360	7342.9776082284
450	360	7516.20830121973
452	360	7559.63041183274
454	360	7537.2220592789
456	360	7619.36231055614
458	360	7650.21789964477
460	360	7649.89944398271
462	360	7734.62858472419
464	360	7821.6677004941
466	360	7664.63271020954
468	360	7694.59990418824
470	360	7590.77847596927
472	360	7501.04122507787
474	360	7396.92933832403
476	360	7367.54238516528
478	360	7215.2749227596
480	360	7054.63383800906
482	360	6942.93566976704
484	360	6827.3493991344
486	360	6852.36473694692
488	360	6642.81746638359
490	360	6607.08655660979
492	360	6422.68650797546
494	360	6283.96977854386
496	360	6209.05334933216
498	360	6065.94881584913
500	360	5966.62189367914
502	360	5764.99878431052
504	360	5662.47522173416
506	360	5460.89701812943
508	360	5287.88919011241
510	360	5184.59247087334
512	360	5042.41340124275
514	360	4852.16752496765
516	360	4755.59966111235
518	360	4545.08922691339
520	360	4403.3171174771
522	360	4292.7003194948
524	360	4085.14857100311
526	360	3959.38991437025
528	360	3839.84923174602
530	360	3686.17777959007
532	360	3515.84133522094
534	360	3388.94651319238
536	360	3293.66082750726
538	360	3110.46092121879
540	360	3020.97426663575
542	360	2835.11359364806
544	360	2796.3659886768
546	360	2631.10281601822
548	360	2530.68038530968
550	360	2451.04855269372
552	360	2320.84542302656
554	360	2191.02336274711
556	360	2120.50287182209
558	360	2026.07612698886
560	360	1954.25741855515
300	370	119.288725176076
302	370	121.695117921033
304	370	137.007761513398
306	370	131.528436839915
308	370	144.4489291583
310	370	150.907982492159
312	370	159.309501776786
314	370	143.430268492621
316	370	150.557901313275
318	370	165.003518645093
320	370	173.739878195545
322	370	173.602953269759
324	370	181.001209580705
326	370	180.885653086332
328	370	206.282677656296
330	370	224.068485603832
332	370	230.116394609792
334	370	245.725618282828
336	370	266.601932788608
338	370	263.884911042305
340	370	270.444082924168
342	370	304.673203997647
344	370	310.452910672729
346	370	343.550371227652
348	370	385.65422457515
350	370	461.289893368879
352	370	522.55608279282
354	370	699.56688137146
356	370	891.009984231242
358	370	1404.77448653734
360	370	4561.63725905684
362	370	53853.2569038425
364	370	242230.204461352
366	370	597122.641272876
368	370	869497.451223157
370	370	942926.456146296
372	370	864540.405345353
374	370	605207.294323763
376	370	254839.926805788
378	370	59012.0319375042
380	370	6343.88860581935
382	370	3010.02760108456
384	370	2241.72508984003
386	370	2108.39872975322
388	370	2004.57436214561
390	370	2015.80587925373
392	370	2132.3038469594
394	370	2177.46826900193
396	370	2295.7007019681
398	370	2317.73269983734
400	370	2396.63585077203
402	370	2455.3931587238
404	370	2549.77495182791
406	370	2697.94548289656
408	370	2931.60523641207
410	370	3372.49048140513
412	370	4473.82422437813
414	370	6518.7730864234
416	370	10016.5225393899
418	370	14736.2122622908
420	370	18927.2637459062
422	370	21612.874048554
424	370	21483.56366993
426	370	18848.5808537522
428	370	14569.7151747499
430	370	10796.2718581569
432	370	7831.74762858103
434	370	6619.44311121958
436	370	6072.33227389966
438	370	6001.11649260025
440	370	6075.68745479889
442	370	6073.09325896411
444	370	6286.04359318871
446	370	6274.47571818824
448	370	6371.92886415459
450	370	6494.38585432667
452	370	6710.41118334881
454	370	6742.80345204945
456	370	6839.82006229779
458	370	6916.77946412217
460	370	6975.96178573149
462	370	6983.50382501557
464	370	7132.38703164628
466	370	7019.63150517475
468	370	7002.54513694896
470	370	6949.50503498254
472	370	7019.03824694362
474	370	6927.71205119161
476	370	6869.67544730448
478	370	6832.27918740427
480	370	6760.2519927728
482	370	6676.28610164728
484	370	6528.31018808066
486	370	6547.75408463648
488	370	6471.20741262028
490	370	6310.29712333654
492	370	6267.1156583213
494	370	6217.7622639117
496	370	6061.97067207893
498	370	5954.368775807
500	370	5788.42064485687
502	370	5735.70484279073
504	370	5660.37927583224
506	370	5472.94489605887
508	370	5242.08605317643
510	370	5168.40282536152
512	370	5049.82168894684
514	370	4961.47267522106
516	370	4691.23777665019
518	370	4669.28287399746
520	370	4452.92559198795
522	370	4280.63649284842
524	370	4170.18622215501
526	370	4089.38930704653
528	370	3965.50294605294
530	370	3763.40301229241
532	370	3628.79950830763
534	370	3482.78735126627
536	370	3348.04590317749
538	370	3213.58643780456
540	370	3090.08132558095
542	370	3038.84113010503
544	370	2864.92821511149
546	370	2758.79124243659
548	370	2660.88428877162
550	370	2612.56396580056
552	370	2490.71791592778
554	370	2350.30077717144
556	370	2271.66848391183
558	370	2159.73310234412
560	370	2077.27475015475
300	380	105.313432116595
302	380	108.434488458452
304	380	122.306565621685
306	380	117.744976744027
308	380	108.075580793957
310	380	117.441755060329
312	380	118.051406045834
314	380	140.446135416021
316	380	120.855454967405
318	380	132.699612424108
320	380	140.493010161735
322	380	136.015875655651
324	380	139.884701745376
326	380	147.701826072497
328	380	144.087895088227
330	380	146.486499049868
332	380	147.433266583484
334	380	170.753431705498
336	380	164.115375976917
338	380	186.146758123417
340	380	190.525456434915
342	380	195.573589686289
344	380	207.091462095484
346	380	235.202706946064
348	380	217.72362024151
350	380	241.247651024385
352	380	271.8602783394
354	380	284.778639765861
356	380	322.122718555258
358	380	358.605621127056
360	380	403.162245751407
362	380	476.922996804833
364	380	604.46460227948
366	380	801.247201700712
368	380	1252.22113277797
370	380	4130.98663011215
372	380	49968.7689033873
374	380	215988.076340823
376	380	493791.351987693
378	380	701533.611022625
380	380	770577.668377146
382	380	696787.942972801
384	380	479300.029255452
386	380	211264.142034096
388	380	51066.3372736298
390	380	5680.80460030163
392	380	2453.96313829463
394	380	1968.62862498083
396	380	1697.43255674381
398	380	1614.66718853292
400	380	1589.66839234925
402	380	1700.36446345778
404	380	1729.07918084924
406	380	1850.87619427693
408	380	1907.86976445286
410	380	2033.44342881419
412	380	2133.89265143781
414	380	2138.61148937656
416	380	2357.18864741897
418	380	2456.69946689557
420	380	2620.04886290678
422	380	2862.53068541001
424	380	3440.02110206036
426	380	4647.58296734505
428	380	6804.10398603506
430	380	9852.02682804288
432	380	13201.6131340818
434	380	16139.392799149
436	380	17361.1520860524
438	380	16710.6712896462
440	380	14227.2494484626
442	380	11153.0496098217
444	380	8432.32003492058
446	380	6600.97900556005
448	380	5671.61465546287
450	380	5378.90359816394
452	380	5281.1914734365
454	380	5337.91691169074
456	380	5356.0329158735
458	380	5458.91002836374
460	380	5441.98547641811
462	380	5488.14698786714
464	380	5565.97926809138
466	380	5580.44783376031
468	380	5724.01574450697
470	380	5712.15156405033
472	380	5710.90831833187
474	380	5667.83440289428
476	380	5624.38699422904
478	380	5616.78528384723
480	380	5575.6697040886
482	380	5529.79536416024
484	380	5515.13580700031
486	380	5493.01963588171
488	380	5431.26714975924
490	380	5456.07850687199
492	380	5259.34620999083
494	380	5348.01370239815
496	380	5234.77748328658
498	380	5213.61040563252
500	380	5154.66797171937
502	380	4940.9668288065
504	380	4999.62438028717
506	380	4846.36114132197
508	380	4767.97205350935
510	380	4683.11731056595
512	380	4583.15047828174
514	380	4435.2470862439
516	380	4301.01009484151
518	380	4205.26556402227
520	380	4064.3902646631
522	380	3949.46507794708
524	380	3802.84333066884
526	380	3777.24199356927
528	380	3554.26051132256
530	380	3485.73562692186
532	380	3332.12239490715
534	380	3205.1688440795
536	380	3178.02154205458
538	380	2990.13220825656
540	380	2834.21246849534
542	380	2780.91090460498
544	380	2679.0830700665
546	380	2564.08831831324
548	380	2493.60481401686
550	380	2395.00837770228
552	380	2303.20462446592
554	380	2205.75107269295
556	380	2122.94477594196
558	380	2023.85171003452
560	380	1890.41605553142
300	390	98.0129746033228
302	390	102.256469747622
304	390	102.236081679359
306	390	95.5754700623702
308	390	111.811323189833
310	390	99.3317740930409
312	390	108.638423151379
314	390	92.1018676433039
316	390	116.612120918741
318	390	114.511580438871
320	390	118.188043782113
322	390	122.842120866869
324	390	115.363640716848
326	390	115.27442921575
328	390	131.118045990108
330	390	119.111009196528
332	390	115.078493082923
334	390	131.847510190073
336	390	133.783090512783
338	390	135.125198031544
340	390	142.071018510261
342	390	143.116952864491
344	390	152.48373790545
346	390	152.966259065281
348	390	162.663370506297
350	390	181.263679254782
352	390	201.7947589614
354	390	212.830077666422
356	390	200.743969518682
358	390	211.031344909525
360	390	218.14426972303
362	390	237.822345221649
364	390	265.441257902529
366	390	290.697368889596
368	390	318.690315655082
370	390	376.606491818226
372	390	447.964010808898
374	390	568.020977355831
376	390	749.357204240221
378	390	1098.11325271402
380	390	3076.36289116619
382	390	38117.197156084
384	390	172220.764592904
386	390	415518.805224909
388	390	625464.496657661
390	390	707413.516969828
392	390	671456.564963064
394	390	505058.58032114
396	390	247701.230674382
398	390	68391.3218829408
400	390	7059.49360352487
402	390	2315.72646544945
404	390	1779.16654927318
406	390	1540.34177770635
408	390	1435.37595976787
410	390	1454.91902267233
412	390	1485.21787044336
414	390	1521.86686053731
416	390	1653.44107435134
418	390	1719.32667357181
420	390	1835.97327509621
422	390	1897.26889987303
424	390	1961.95531749698
426	390	2069.77664777992
428	390	2156.0103796019
430	390	2303.12437531837
432	390	2398.57219371707
434	390	2586.47399865098
436	390	2915.20707744437
438	390	3541.62811711279
440	390	4648.79486455494
442	390	6533.67228101743
444	390	8818.37217373405
446	390	11361.0425858062
448	390	13128.4739117469
450	390	13522.9117349296
452	390	12698.7838303427
454	390	10698.2348561017
456	390	8369.36130816028
458	390	6402.2528121875
460	390	5234.57604118828
462	390	4663.94274398896
464	390	4510.44585498759
466	390	4540.68974320563
468	390	4438.44396117109
470	390	4475.1151607201
472	390	4419.00470332664
474	390	4445.67496690719
476	390	4536.04597954896
478	390	4469.6479255961
480	390	4412.01739565934
482	390	4419.78770495414
484	390	4524.95154083904
486	390	4488.42003898014
488	390	4457.57155757949
490	390	4575.96016171425
492	390	4498.12901606255
494	390	4454.62232438712
496	390	4405.76826708632
498	390	4406.79759636193
500	390	4378.87728950121
502	390	4343.47378007286
504	390	4310.49043382168
506	390	4162.03276035605
508	390	4068.13366506543
510	390	4076.88324600575
512	390	3972.08612539765
514	390	3902.44008485327
516	390	3751.95298469021
518	390	3675.35964277204
520	390	3685.32953552844
522	390	3527.02864020731
524	390	3399.08559145313
526	390	3320.68286959119
528	390	3237.51947456212
530	390	3111.71896694056
532	390	3057.42454464162
534	390	2922.62004100959
536	390	2818.35002851017
538	390	2736.03292756193
540	390	2671.44617097737
542	390	2579.57467449875
544	390	2467.65378800947
546	390	2307.71232648784
548	390	2260.11017691435
550	390	2194.49061019081
552	390	2116.35997038015
554	390	2052.34511774392
556	390	1966.25901047708
558	390	1850.53730865409
560	390	1816.95543614174
300	400	79.6658075599184
302	400	76.5731342161088
304	400	83.0802478662463
306	400	76.7932592282744
308	400	85.3768871917112
310	400	92.7137244718446
312	400	93.8960461198919
314	400	83.4690811646691
316	400	88.4293694180851
318	400	81.5473304914009
320	400	93.0268646543714
322	400	85.8627330473919
324	400	95.592539249803
326	400	92.5534409582023
328	400	104.625077320475
330	400	95.6481742722517
332	400	102.280933779541
334	400	90.5924627770248
336	400	98.9055753527965
338	400	95.8266364927042
340	400	104.556136648271
342	400	108.937916265278
344	400	107.743966906848
346	400	107.015519582807
348	400	107.292905118998
350	400	115.133397138754
352	400	136.261866703876
354	400	136.152546471308
356	400	150.494497307346
358	400	159.296340508786
360	400	191.848263363656
362	400	190.789007999714
364	400	191.671903825417
366	400	192.248604707769
368	400	195.736062171159
370	400	208.403770931889
372	400	217.536582843387
374	400	247.841919121913
376	400	259.497010641024
378	400	301.624900505833
380	400	343.25401411858
382	400	406.753653342096
384	400	520.51459662572
386	400	660.062692479003
388	400	1059.35475510383
390	400	2430.02451451442
392	400	32675.5340956868
394	400	164238.688375508
396	400	406870.304511082
398	400	588256.99327756
400	400	642827.892825455
402	400	592318.542654924
404	400	420627.230218898
406	400	181404.023759074
408	400	42302.6145156132
410	400	4342.91251953148
412	400	1972.44480750385
414	400	1605.73744027413
416	400	1375.99241101668
418	400	1386.44182003203
420	400	1318.01805056897
422	400	1389.33058657854
424	400	1401.22347175475
426	400	1497.37676868301
428	400	1586.87384537726
430	400	1659.09459145914
432	400	1706.66801033791
434	400	1783.71976348878
436	400	1839.42518284168
438	400	1936.8354912391
440	400	2049.37196434549
442	400	2113.51080671117
444	400	2209.32085148157
446	400	2309.49639078693
448	400	2481.00347495131
450	400	2778.06003832725
452	400	3489.58204249918
454	400	4499.55074526048
456	400	6093.39134682514
458	400	7954.52593811914
460	400	9536.07472352561
462	400	10512.2206880997
464	400	10458.0616788819
466	400	9326.25069186593
468	400	7751.59749227643
470	400	6140.76540874689
472	400	4844.74562045178
474	400	4107.94494402893
476	400	3839.31870062151
478	400	3665.21977801342
480	400	3679.73805506301
482	400	3655.74800828418
484	400	3644.28853089677
486	400	3646.89649505206
488	400	3680.55055848246
490	400	3677.79044555088
492	400	3720.3668263434
494	400	3736.53955494519
496	400	3746.84311770581
498	400	3675.18131216698
500	400	3696.85878756419
502	400	3696.13970085039
504	400	3647.05717844624
506	400	3585.9808002084
508	400	3617.33747145956
510	400	3568.48987960412
512	400	3533.90837016945
514	400	3454.07504356134
516	400	3410.11327519884
518	400	3307.83918054451
520	400	3265.48190005419
522	400	3204.85274117932
524	400	3116.36434267286
526	400	3049.55018760466
528	400	2960.67283617147
530	400	2914.6849938475
532	400	2770.60131135062
534	400	2694.44531161364
536	400	2653.54466863285
538	400	2556.01993785748
540	400	2529.87988741742
542	400	2420.93394915173
544	400	2353.2335555082
546	400	2244.38567812114
548	400	2225.10317408286
550	400	2079.33515876239
552	400	2046.72374935585
554	400	1967.4319918708
556	400	1898.55517609563
558	400	1868.94890859113
560	400	1759.23468481486
300	410	79.9441140195375
302	410	74.2788059970667
304	410	86.7411344059136
306	410	77.6824047155718
308	410	76.309724414397
310	410	77.7240123440496
312	410	83.1659346810903
314	410	72.933349185132
316	410	90.6399496171734
318	410	83.3933906428799
320	410	86.3188189631973
322	410	91.060013446806
324	410	84.4840464329659
326	410	86.1040394707454
328	410	80.4433709673031
330	410	80.8185226192247
332	410	92.1875526378097
334	410	87.6350727045526
336	410	95.7922031374959
338	410	94.5142902163655
340	410	97.2076203520684
342	410	95.1581581650039
344	410	83.8509083152207
346	410	104.675433640636
348	410	107.176306375092
350	410	105.212778955799
352	410	100.421517395317
354	410	106.941493634988
356	410	114.45391249249
358	410	122.35185041094
360	410	124.093859233115
362	410	114.312223913033
364	410	123.144124571441
366	410	140.714007290219
368	410	158.632757180794
370	410	160.86980650384
372	410	166.551089945239
374	410	166.085949152958
376	410	171.307082958384
378	410	183.311397763916
380	410	183.883459634048
382	410	210.729392594464
384	410	206.264922343706
386	410	230.469185267057
388	410	256.222759430472
390	410	305.405190491671
392	410	345.244960608325
394	410	422.807334023414
396	410	607.580382425639
398	410	908.769612590637
400	410	2344.15405877882
402	410	34564.3493925443
404	410	164904.908918899
406	410	390579.062404721
408	410	558744.128897436
410	410	603591.737274203
412	410	544030.955109356
414	410	368033.257499566
416	410	153275.423260421
418	410	35274.3587874623
420	410	3606.45641963871
422	410	1745.89531114355
424	410	1424.04269721573
426	410	1248.11788915916
428	410	1156.73882391584
430	410	1180.3389699523
432	410	1183.09985183944
434	410	1203.4730167076
436	410	1294.55359419784
438	410	1356.08707048783
440	410	1436.01123352455
442	410	1460.85708536361
444	410	1556.41203562127
446	410	1580.2646135983
448	410	1640.03595336258
450	410	1758.81387461675
452	410	1838.38623423385
454	410	1899.88455860366
456	410	1969.71986597381
458	410	2016.77562654022
460	410	2116.08258097932
462	410	2366.14735983385
464	410	2674.43756394849
466	410	3362.4367781834
468	410	4273.35096216553
470	410	5535.18598115463
472	410	6829.75914486595
474	410	7865.83037524071
476	410	8237.95139218098
478	410	8024.39240509995
480	410	7086.57810552671
482	410	5888.80361546013
484	410	4751.8582340273
486	410	3916.55740583925
488	410	3499.43198165691
490	410	3300.78185294696
492	410	3215.18831803701
494	410	3263.64458150913
496	410	3213.98611077354
498	410	3199.81333281847
500	410	3196.24636853233
502	410	3212.42008149052
504	410	3239.97832963857
506	410	3128.19422936965
508	410	3198.39782960594
510	410	3147.07833959812
512	410	3157.22910092998
514	410	3086.62966196236
516	410	3060.3185627015
518	410	3008.58538064361
520	410	3002.25265597403
522	410	2971.41422741749
524	410	2937.11109405737
526	410	2847.51161379327
528	410	2714.13871954625
530	410	2713.36870998587
532	410	2686.07670400858
534	410	2579.68556951969
536	410	2499.77884722392
538	410	2400.63913054848
540	410	2405.52769212693
542	410	2307.42154521846
544	410	2271.64732652657
546	410	2176.35857014275
548	410	2082.45464626376
550	410	2030.70950781723
552	410	2002.94529860946
554	410	1930.87224708037
556	410	1812.59411780853
558	410	1798.36907016001
560	410	1745.64074531299
300	420	57.4938436843101
302	420	67.4777534229075
304	420	62.0452245366245
306	420	65.4987902321978
308	420	60.7607623888721
310	420	60.5206301190101
312	420	65.7875346080218
314	420	64.0215869899739
316	420	69.6805691315637
318	420	65.3448036740643
320	420	65.9344985962211
322	420	65.2940783544139
324	420	70.4867948788722
326	420	68.1064644281216
328	420	75.4738860889773
330	420	69.8357230353905
332	420	61.1755285373755
334	420	73.9608728147847
336	420	66.354824659572
338	420	72.8990499096841
340	420	77.4192316756273
342	420	75.9236506030209
344	420	75.460375014661
346	420	78.7824457557269
348	420	78.3358712785876
350	420	82.46826506867
352	420	82.2334644295947
354	420	89.4040641874624
356	420	92.2054289957213
358	420	82.6728487251831
360	420	88.9520948806385
362	420	97.045706424467
364	420	99.7959044284117
366	420	101.33363210759
368	420	104.856496375257
370	420	120.214017983191
372	420	125.630518043412
374	420	144.310447470401
376	420	173.85488356534
378	420	164.242836113646
380	420	187.321920624002
382	420	180.335767589869
384	420	174.839226428376
386	420	185.076401968529
388	420	175.334645277509
390	420	198.06329885681
392	420	219.398026758563
394	420	243.685104232487
396	420	255.084046343574
398	420	280.65553721031
400	420	327.221444428356
402	420	379.202693806134
404	420	463.360863089897
406	420	637.423538269652
408	420	951.17785336942
410	420	2683.86524688726
412	420	35819.6015117069
414	420	166968.14591784
416	420	380855.195107205
418	420	528520.339320926
420	420	562945.502050421
422	420	499239.895089546
424	420	323674.617474773
426	420	130187.14973177
428	420	28115.0996925624
430	420	2860.44777237645
432	420	1469.6770570178
434	420	1196.34010329588
436	420	1060.70971373928
438	420	996.320536619672
440	420	1032.35912868544
442	420	980.828751104375
444	420	1050.64067638698
446	420	1079.71518134159
448	420	1180.61024441389
450	420	1262.71670927572
452	420	1317.31510156731
454	420	1361.01877581369
456	420	1404.11324071324
458	420	1448.29125098905
460	420	1532.66599669044
462	420	1637.38148198883
464	420	1679.11173774141
466	420	1709.3785405262
468	420	1762.68146551875
470	420	1847.60601384968
472	420	1985.08198678266
474	420	2064.61416986589
476	420	2190.00409453769
478	420	2600.87324919974
480	420	3114.45412538098
482	420	3952.57618616934
484	420	4885.87917253832
486	420	5850.74060836972
488	420	6486.57643167211
490	420	6752.05465967476
492	420	6412.32821494514
494	420	5698.9092352522
496	420	4844.2607836709
498	420	3928.88285868165
500	420	3398.70250367121
502	420	3041.60575363271
504	420	2929.21650969146
506	420	2803.3483551007
508	420	2832.55642378483
510	420	2784.85494310058
512	420	2838.77911667635
514	420	2793.26068782603
516	420	2811.37447943066
518	420	2774.47798904409
520	420	2707.22555699807
522	420	2668.67002254228
524	420	2640.14348894112
526	420	2613.88219091649
528	420	2546.01931988747
530	420	2509.9674981438
532	420	2441.54761141681
534	420	2390.19266360855
536	420	2380.59414191276
538	420	2354.17036337426
540	420	2277.2943504221
542	420	2235.68575576139
544	420	2163.26102805224
546	420	2087.49400557052
548	420	2084.74476541717
550	420	1988.32171935563
552	420	1944.4935567947
554	420	1888.09668545587
556	420	1809.96607969571
558	420	1769.81004691019
560	420	1695.72349956778
300	430	58.3794678811185
302	430	63.1617750220159
304	430	54.2299692579744
306	430	62.3269972565304
308	430	56.1547913000529
310	430	61.0043215517813
312	430	58.1499402152802
314	430	64.2100389615552
316	430	63.59665107757
318	430	62.0493519662825
320	430	69.9232034004185
322	430	70.3615516528399
324	430	60.5576687261685
326	430	58.7661659373783
328	430	66.2147079523605
330	430	69.9369781237487
332	430	76.6897148358678
334	430	69.9232012788644
336	430	74.3161758836693
338	430	77.5956669580832
340	430	64.5059854641009
342	430	62.5594646656474
344	430	75.4176887867194
346	430	74.1069560425246
348	430	78.0440266075431
350	430	76.7296630737132
352	430	78.4657259748372
354	430	75.80824406486
356	430	81.7358682738384
358	430	85.436789307491
360	430	80.2084928828727
362	430	79.1174064435146
364	430	78.0454267619379
366	430	76.5086579154435
368	430	78.7667589800981
370	430	101.708481208948
372	430	90.7522975626016
374	430	91.2023565139921
376	430	96.4172673704517
378	430	92.3043011768344
380	430	103.860392536547
382	430	121.123113136101
384	430	121.102823535714
386	430	126.625903333557
388	430	140.159144829556
390	430	144.505768468401
392	430	136.426946654649
394	430	149.768637801762
396	430	156.520666444893
398	430	170.585382223686
400	430	172.4398314869
402	430	189.839874944155
404	430	212.96398646578
406	430	220.876028399652
408	430	235.364432621263
410	430	272.324600565099
412	430	321.250675870912
414	430	380.073064922388
416	430	536.33573246007
418	430	843.212490872004
420	430	2258.3666176557
422	430	29851.0442874381
424	430	136947.041222613
426	430	322224.052438508
428	430	479294.468244584
430	430	531945.773525189
432	430	485457.646123594
434	430	352074.631439319
436	430	160419.481009537
438	430	36161.8236731509
440	430	3267.45824078397
442	430	1411.35905395321
444	430	1106.4817147229
446	430	954.49932959078
448	430	931.455353544555
450	430	899.013281747871
452	430	923.063169351643
454	430	939.010283106258
456	430	964.843818530498
458	430	1027.81419087223
460	430	1127.22616014052
462	430	1163.76642011263
464	430	1201.669729577
466	430	1243.71029554067
468	430	1284.23107823144
470	430	1382.77761914852
472	430	1420.39531428555
474	430	1463.70846055613
476	430	1463.61728856429
478	430	1518.78477298969
480	430	1606.40684749003
482	430	1670.98385171729
484	430	1732.27585395883
486	430	1779.69669488146
488	430	1943.48319389348
490	430	2080.90252924077
492	430	2354.39828257297
494	430	2912.45024461501
496	430	3448.07558132711
498	430	4191.56378902586
500	430	4866.94035568407
502	430	5329.72061624862
504	430	5421.56478589133
506	430	5156.43027973525
508	430	4648.00973972518
510	430	3903.16248247482
512	430	3249.6066354552
514	430	2812.80731917306
516	430	2557.16266076425
518	430	2467.28343426526
520	430	2399.29176369474
522	430	2343.18168250318
524	430	2348.48890476956
526	430	2322.84843481179
528	430	2262.68133393298
530	430	2284.40051844235
532	430	2235.37159190721
534	430	2189.65157994841
536	430	2173.06355082845
538	430	2158.25701391246
540	430	2147.63187790161
542	430	2011.39507610509
544	430	1949.82128660542
546	430	1949.24945494088
548	430	1896.86198218349
550	430	1874.60921514589
552	430	1827.26518549361
554	430	1811.61362127554
556	430	1739.16201712236
558	430	1662.50602635754
560	430	1677.14534461528
300	440	54.0944535883269
302	440	62.2178837406566
304	440	52.6236066085217
306	440	57.8438515138703
308	440	54.6909844220702
310	440	52.8276887035664
312	440	57.6379259398055
314	440	52.0210211766649
316	440	58.0608091424107
318	440	56.8182494575547
320	440	52.6717295049402
322	440	64.7818136332083
324	440	66.0309589124041
326	440	63.077235267784
328	440	60.5301612743951
330	440	60.7683529406491
332	440	63.265891966892
334	440	64.502856040143
336	440	56.1971757473524
338	440	73.3250746922566
340	440	66.2176807522692
342	440	63.5388902835629
344	440	60.5743971039862
346	440	69.9637308939268
348	440	62.4348006982776
350	440	67.4307346225972
352	440	65.9894173767703
354	440	63.4760256291785
356	440	64.343610693005
358	440	68.0839182102072
360	440	66.0415745832128
362	440	65.3530771100024
364	440	67.0364420543987
366	440	72.6723586213551
368	440	77.6952547793978
370	440	77.2585285067218
372	440	62.6866169345124
374	440	67.9289564194516
376	440	77.7017075307724
378	440	67.2902610520391
380	440	80.6155192662943
382	440	87.2795561238796
384	440	80.8569075309935
386	440	81.2503911631035
388	440	86.6629393551429
390	440	86.4799600583705
392	440	93.3908322269994
394	440	94.8043276424053
396	440	101.930714796191
398	440	107.987710018046
400	440	105.297978504324
402	440	109.859583385807
404	440	103.792689639133
406	440	120.278254187064
408	440	116.974093424632
410	440	132.829610082697
412	440	136.584932644906
414	440	147.918691744676
416	440	171.497303029268
418	440	178.187119842399
420	440	189.95151312971
422	440	247.391786741314
424	440	302.189976609186
426	440	401.329800080457
428	440	608.019856644193
430	440	1606.1419146371
432	440	20906.2254617582
434	440	99262.901403571
436	440	250499.678583283
438	440	391401.646336123
440	440	453491.432244667
442	440	415172.224280455
444	440	287303.177431473
446	440	124187.648996603
448	440	29694.1840679437
450	440	2958.10596905215
452	440	1130.9582658149
454	440	942.970363533669
456	440	818.837275936495
458	440	775.755406880307
460	440	762.64398350578
462	440	786.806114995545
464	440	809.196952159233
466	440	837.363872606373
468	440	867.723260687285
470	440	923.864096452931
472	440	965.643889043205
474	440	1005.3810219483
476	440	1064.88207961063
478	440	1082.38645561826
480	440	1109.27918854007
482	440	1157.64254231046
484	440	1212.98345317708
486	440	1236.35244953894
488	440	1277.17603228424
490	440	1335.61918011656
492	440	1377.42731590729
494	440	1447.39998947077
496	440	1483.29855444774
498	440	1514.83215754476
500	440	1604.26532182568
502	440	1650.10626051711
504	440	1808.18846096406
506	440	2026.49332061729
508	440	2431.78154483586
510	440	2849.45595005297
512	440	3409.30865445077
514	440	3791.46562072277
516	440	4180.50994438626
518	440	4149.6715808056
520	440	3934.39755059491
522	440	3487.05270168151
524	440	3031.39909093101
526	440	2555.00883493068
528	440	2187.23481756747
530	440	1918.66842872402
532	440	1849.00378659484
534	440	1788.20178571243
536	440	1768.61210835396
538	440	1739.09193602488
540	440	1745.64329606758
542	440	1711.27891254833
544	440	1646.23951059719
546	440	1643.1449899867
548	440	1618.77910114888
550	440	1582.9751403264
552	440	1539.27613350354
554	440	1476.40644264372
556	440	1453.7357634847
558	440	1422.19648432833
560	440	1407.13062157187
300	450	49.4101692076581
302	450	44.4873372336037
304	450	47.1395256802672
306	450	50.5332970857959
308	450	47.2958516106592
310	450	46.7700720575384
312	450	43.1596865530898
314	450	50.5323263510645
316	450	53.9447065239977
318	450	50.7074961719049
320	450	53.556077437856
322	450	50.1440346452828
324	450	51.4442130616292
326	450	47.8925125913396
328	450	56.3326436474501
330	450	53.1699960535442
332	450	53.8962288423335
334	450	51.2598062812861
336	450	48.6131748799395
338	450	52.7913342955888
340	450	56.3675998409464
342	450	48.6341030462056
344	450	54.8458559874277
346	450	48.6442076168052
348	450	52.7893823441661
350	450	54.8650948970976
352	450	55.6170409085091
354	450	49.600351108628
356	450	51.6387288692095
358	450	50.5272142674053
360	450	56.3667076593732
362	450	53.5274271655663
364	450	51.8506216928751
366	450	55.2486391673097
368	450	52.9877805231909
370	450	59.1971074868358
372	450	59.9747158865187
374	450	63.5650037189766
376	450	56.5906015023513
378	450	57.871855108835
380	450	62.2180357994986
382	450	63.188177042507
384	450	68.424370826695
386	450	70.8977038338834
388	450	64.8544887881324
390	450	64.8227612305145
392	450	80.1080566532208
394	450	76.5406424477917
396	450	78.0346976024452
398	450	79.2132628685043
400	450	88.8247836734334
402	450	85.025167136411
404	450	86.9235605080919
406	450	96.5202400096106
408	450	98.7621068142061
410	450	92.9198656189376
412	450	89.1581456797454
414	450	95.3937246541706
416	450	102.738685565573
418	450	115.639516024186
420	450	107.836027155939
422	450	120.4988540461
424	450	131.78004935017
426	450	149.307584660819
428	450	149.844666918827
430	450	176.575941467125
432	450	211.384064296277
434	450	239.382836768888
436	450	349.810840151833
438	450	516.938963764423
440	450	1180.24461886375
442	450	15606.2736445392
444	450	79252.7064456975
446	450	219332.355466065
448	450	364861.221369887
450	450	429490.827185877
452	450	395008.30775937
454	450	272331.785403537
456	450	114623.107128878
458	450	25977.1453423253
460	450	2500.02669010851
462	450	1019.91586798595
464	450	836.470696415443
466	450	756.529979357755
468	450	702.013391672935
470	450	695.852250073882
472	450	691.192795843789
474	450	687.815360021305
476	450	709.698391090199
478	450	753.517541974749
480	450	801.260709307118
482	450	850.647323733397
484	450	886.482354245964
486	450	902.304103588914
488	450	921.077602639471
490	450	943.76306103712
492	450	980.824901155325
494	450	978.32648245372
496	450	1037.88018278511
498	450	1101.6334902294
500	450	1109.09413808268
502	450	1131.10966838668
504	450	1174.31503654592
506	450	1186.69447581035
508	450	1180.251072965
510	450	1264.88428406075
512	450	1252.91822593583
514	450	1359.36883798426
516	450	1399.14223655558
518	450	1542.78892261828
520	450	1729.26900591721
522	450	1945.91763168929
524	450	2348.74208647095
526	450	2669.93544915406
528	450	3006.62602992041
530	450	3173.03090344074
532	450	3247.54385415648
534	450	3018.90251794991
536	450	2760.33579825987
538	450	2336.21812177411
540	450	1971.72863615953
542	450	1709.63448274317
544	450	1514.92992135266
546	450	1469.21005575923
548	450	1422.17481966647
550	450	1381.06761376764
552	450	1365.96172592198
554	450	1312.24760332132
556	450	1289.64051407844
558	450	1274.130339496
560	450	1249.60859614432
