EM wavelength	EX wavelength	S1c/R1c
nm	nm	CPS / MicroAmps
300	240	235738.750504222
302	240	207078.302172363
304	240	222733.980935542
306	240	248978.697814404
308	240	234214.927119485
310	240	238140.05035698
312	240	226862.383486718
314	240	215235.980891648
316	240	207833.401183786
318	240	202780.483658155
320	240	209736.270925207
322	240	204617.237791501
324	240	204944.402569408
326	240	178319.381967279
328	240	177979.034248002
330	240	178398.786501512
332	240	169117.106467447
334	240	151050.594839771
336	240	144715.357623404
338	240	137385.697238124
340	240	117256.343709648
342	240	114540.473613654
344	240	107874.573125257
346	240	95378.3181279311
348	240	92516.0133774083
350	240	84394.8770212144
352	240	85634.3742346871
354	240	74157.8345768168
356	240	70845.9753345821
358	240	63735.5532010394
360	240	67189.2772026792
362	240	64116.4736902584
364	240	59035.7473605526
366	240	58606.7233377419
368	240	55207.5483945371
370	240	55462.6274657949
372	240	54831.4784583205
374	240	49176.3515289632
376	240	51910.736531685
378	240	48734.2990323412
380	240	54983.2985671001
382	240	51699.7228436592
384	240	49836.4120852116
386	240	51485.3935977828
388	240	51872.7439136619
390	240	52915.6656280083
392	240	51823.7270640127
394	240	55232.8797203827
396	240	52620.9445067657
398	240	55275.0104370006
400	240	56486.8698320694
402	240	54478.9440608167
404	240	53967.8348990219
406	240	53708.1023493818
408	240	54209.3041324521
410	240	54362.2280622608
412	240	53953.3887070629
414	240	55390.3867755899
416	240	53512.5535728512
418	240	56172.6522551312
420	240	54809.655764952
422	240	54080.7047944207
424	240	55441.8861578143
426	240	54481.5679035949
428	240	52453.9784803929
430	240	53423.5849608707
432	240	49490.8839149466
434	240	51961.476751652
436	240	51275.6766803282
438	240	48033.2527736131
440	240	46711.0993651031
442	240	45874.9937349288
444	240	45796.4007896941
446	240	45208.6852089724
448	240	45363.5100348802
450	240	44751.7118103704
452	240	44781.3877091549
454	240	45010.9981477867
456	240	42874.1436253166
458	240	40780.4213084225
460	240	41006.6116784967
462	240	42071.7280974342
464	240	41957.4000519741
466	240	44579.7634192312
468	240	52475.2645176031
470	240	83024.663351968
472	240	144552.393566868
474	240	245573.816791629
476	240	383668.127740594
478	240	558806.598034665
480	240	702727.670066597
482	240	787366.209482178
484	240	775790.626715557
486	240	686244.844410363
488	240	482422.196611687
490	240	273454.353087026
492	240	125151.479391623
494	240	61534.2751814068
496	240	41114.4576721492
498	240	36180.7422898199
500	240	34033.9251621237
502	240	34954.2425931177
504	240	35444.835455061
506	240	32312.5220527027
508	240	34444.8432548893
510	240	34192.7914022561
512	240	42150.0377573837
514	240	50931.9565785725
516	240	61128.1354161589
518	240	75540.7419676761
520	240	88804.592230369
522	240	105571.934792757
524	240	111826.289394967
526	240	112397.291883064
528	240	101060.763082487
530	240	90978.7435306976
532	240	72825.7698879
534	240	56953.5237255914
536	240	43161.1118694225
538	240	33769.8800743268
540	240	28510.7884253289
542	240	27391.0013837824
544	240	26527.1648692245
546	240	24705.6769206063
548	240	24963.6193526816
550	240	24778.3922389141
552	240	25658.8618316532
554	240	23337.568184361
556	240	25541.1738974338
558	240	22780.6184120216
560	240	22585.9950563481
300	250	132031.265392684
302	250	148249.333988803
304	250	148818.725681718
306	250	157158.90903613
308	250	158604.167364667
310	250	172162.476950102
312	250	172986.939332643
314	250	170210.848723032
316	250	154752.237000259
318	250	159821.720437785
320	250	160683.073555734
322	250	159189.404356017
324	250	161304.871854806
326	250	152863.768631831
328	250	151167.063669906
330	250	140686.580750248
332	250	130551.016158048
334	250	123244.751637572
336	250	113143.058418198
338	250	106224.154360121
340	250	98732.7933046112
342	250	89453.8930281904
344	250	80120.8978809481
346	250	74911.3428651031
348	250	74397.9564413823
350	250	60407.8855838981
352	250	59411.7394728546
354	250	55375.5019900419
356	250	51605.1955727646
358	250	48322.5788158492
360	250	46913.0179808239
362	250	42225.4717303385
364	250	41963.2572042719
366	250	39487.2354581789
368	250	39801.8198829703
370	250	35096.0957527025
372	250	35538.4090186418
374	250	32340.401320445
376	250	32089.4101413555
378	250	31340.4167411111
380	250	33457.2860155886
382	250	34182.1367404089
384	250	31517.9219406927
386	250	31949.8813204795
388	250	32879.0160030946
390	250	32326.7538870829
392	250	32607.70823509
394	250	34192.8698572712
396	250	34263.9814442285
398	250	35515.276251358
400	250	33439.3826205701
402	250	33380.472908588
404	250	34724.4909972091
406	250	35141.698655084
408	250	34842.0201306811
410	250	35484.0166970465
412	250	36422.6511199559
414	250	36234.889457073
416	250	35025.0593810781
418	250	35677.3160602518
420	250	36685.8655401549
422	250	36102.0738537109
424	250	36254.3675183813
426	250	35407.6717538447
428	250	37698.8156173908
430	250	35105.3918016889
432	250	36045.9499234561
434	250	35957.0484027308
436	250	34933.2653021261
438	250	36736.40220619
440	250	34931.5075876104
442	250	35590.489020218
444	250	35476.0122417779
446	250	33873.9407165986
448	250	35442.2766419844
450	250	34952.3342097293
452	250	34663.811419681
454	250	34446.1789685656
456	250	34941.7291833993
458	250	35337.3169919018
460	250	35435.6362704351
462	250	34399.027822675
464	250	34864.3858310136
466	250	34734.0359935336
468	250	35367.4316665167
470	250	34552.8555166082
472	250	34508.7786951905
474	250	35178.0830504599
476	250	31960.9530831101
478	250	32723.9936071563
480	250	33241.2151371094
482	250	33017.0245901714
484	250	33143.5010613756
486	250	35394.486027694
488	250	54232.6259454223
490	250	99829.4963965403
492	250	189370.681090969
494	250	315502.109902561
496	250	476964.148731242
498	250	626900.50957879
500	250	732623.016106556
502	250	737883.868253637
504	250	667270.13617723
506	250	536075.9978385
508	250	366970.284802385
510	250	207588.911197333
512	250	99700.0642925721
514	250	43981.5034382883
516	250	33875.6207718792
518	250	31855.5505403845
520	250	31205.7964014
522	250	29134.4907936223
524	250	30912.6602813348
526	250	31409.6613840837
528	250	30688.8599341933
530	250	31792.4570010666
532	250	32822.99215898
534	250	40761.6718359263
536	250	50696.5984130017
538	250	59503.517609218
540	250	80394.8703511922
542	250	94673.595723484
544	250	108444.692942072
546	250	115728.039986085
548	250	120055.557329542
550	250	114042.717120296
552	250	105741.624151336
554	250	87391.5790749361
556	250	70679.1094494978
558	250	55906.4290849419
560	250	44046.9610321083
300	260	236730.542759865
302	260	241308.886530774
304	260	231446.746408225
306	260	240159.416752054
308	260	234934.606692469
310	260	227358.454070021
312	260	215946.381703304
314	260	208241.358377082
316	260	198290.763939287
318	260	191468.695805759
320	260	184237.124456906
322	260	177047.988056439
324	260	170837.391661181
326	260	162987.036014688
328	260	154412.099580245
330	260	144349.190944329
332	260	132121.51495401
334	260	125464.365623928
336	260	116185.113653769
338	260	106828.938154741
340	260	97121.3363918593
342	260	88800.6438271418
344	260	78103.5748701313
346	260	69743.4455206381
348	260	64337.4409727009
350	260	58951.9771627388
352	260	54104.6111984118
354	260	49432.1758126513
356	260	45426.3588022635
358	260	42885.0845391572
360	260	40236.4121435976
362	260	36242.7538079902
364	260	35124.8188608379
366	260	34355.3182605341
368	260	32041.8052862679
370	260	30371.3455802328
372	260	28630.8864647834
374	260	28476.021111747
376	260	26699.5470437075
378	260	27377.6794296788
380	260	25979.287141725
382	260	25677.8426516234
384	260	25286.8937503589
386	260	26081.5952335249
388	260	25780.6835084262
390	260	26434.4669129045
392	260	25621.966890162
394	260	25839.3296167089
396	260	25712.4181681571
398	260	25717.6387527353
400	260	26531.6068901278
402	260	27252.2664063845
404	260	26021.1669311244
406	260	27066.5670329522
408	260	26924.8095368983
410	260	27688.4776224108
412	260	27383.9975169224
414	260	27543.111996759
416	260	27813.0054203952
418	260	28106.6892160012
420	260	26843.6462619386
422	260	27481.6889397057
424	260	28409.4584462659
426	260	29133.458635107
428	260	27387.9171709595
430	260	27302.7481626632
432	260	27184.9560869061
434	260	27563.2820179824
436	260	27893.276250753
438	260	27883.938885112
440	260	27423.8595693841
442	260	26599.1049022939
444	260	26951.6001340579
446	260	27464.6354008036
448	260	27474.0427688978
450	260	26610.7740355381
452	260	27447.7954192911
454	260	26815.342639002
456	260	26764.9468984516
458	260	27587.4219069065
460	260	27225.7269662673
462	260	27892.8643535757
464	260	27142.7327898581
466	260	28366.6943302628
468	260	28008.3113261623
470	260	27254.0257156707
472	260	27762.7723224458
474	260	28480.9313759237
476	260	27638.77115051
478	260	27220.712079329
480	260	27461.9813900095
482	260	27016.6006602829
484	260	26743.3159072556
486	260	26136.0389700641
488	260	27126.8279976422
490	260	25384.7751337924
492	260	26755.0546438011
494	260	25427.0060546639
496	260	25806.7875406662
498	260	25804.795154308
500	260	25658.4689800813
502	260	26555.3913153265
504	260	26390.4372047254
506	260	29824.2323078399
508	260	50498.6480416062
510	260	103520.066399032
512	260	211723.00308723
514	260	365839.031221054
516	260	555033.687462795
518	260	742051.606566867
520	260	875390.14815392
522	260	890670.601263377
524	260	789066.559311848
526	260	595977.29446877
528	260	397477.751147444
530	260	223103.924251848
532	260	98379.7204305156
534	260	46240.7811576197
536	260	33828.6533552292
538	260	32321.245605572
540	260	32238.209550247
542	260	31577.6814461745
544	260	32066.6566697481
546	260	32250.9673503915
548	260	31089.4490351844
550	260	31112.0447905358
552	260	31720.9831695875
554	260	33076.6308707396
556	260	36214.7076719817
558	260	45480.3312241234
560	260	57286.2739098363
300	270	981474.141628993
302	270	761315.735206612
304	270	537612.794897678
306	270	408996.638452767
308	270	352934.265384559
310	270	313899.140319246
312	270	286818.651005965
314	270	268097.685191983
316	270	245852.711433704
318	270	237175.43066642
320	270	219588.150673142
322	270	209682.996428826
324	270	198829.32358539
326	270	179059.754398013
328	270	168205.210391987
330	270	151828.521234212
332	270	141261.127500503
334	270	127324.493034933
336	270	118346.940454975
338	270	103838.305947541
340	270	92309.4462817338
342	270	84388.2549810536
344	270	74475.511006666
346	270	69528.0257342388
348	270	62374.0572708032
350	270	54953.7823366053
352	270	49912.0118723085
354	270	45114.0876667013
356	270	41942.5866487676
358	270	39274.7915884819
360	270	36304.592252392
362	270	33477.2177673717
364	270	31403.1882546441
366	270	29692.0519386255
368	270	28224.2963112202
370	270	27136.8723963307
372	270	25304.4813487645
374	270	24689.3596734693
376	270	23530.0294998919
378	270	23250.4178045323
380	270	22873.0254402575
382	270	21924.16101374
384	270	22529.9856050842
386	270	21558.9033083099
388	270	21794.2983935242
390	270	21581.3551946177
392	270	21454.1291853137
394	270	21395.2970906897
396	270	21432.1893349254
398	270	22211.4170387288
400	270	22034.9125848329
402	270	21917.222542948
404	270	21605.87528454
406	270	21463.2683870072
408	270	21814.2926162542
410	270	21576.9926578758
412	270	21723.2980400071
414	270	22052.4703715522
416	270	21523.5406459792
418	270	21818.1695596453
420	270	21771.6917882722
422	270	21419.934838564
424	270	21355.5722520867
426	270	21117.3577544377
428	270	21241.1362122957
430	270	21291.9739146235
432	270	21332.0116205014
434	270	21163.3568038923
436	270	21723.0679255768
438	270	20609.4736840752
440	270	20268.184080946
442	270	20296.8991512691
444	270	20134.5549223442
446	270	19682.0798854896
448	270	20158.0271988175
450	270	19904.3510564723
452	270	20210.0089621621
454	270	19734.8235638489
456	270	20465.7205131045
458	270	20159.4606392979
460	270	20438.5753742043
462	270	20269.9306822379
464	270	20585.5512965512
466	270	20810.2757996601
468	270	20126.5425862351
470	270	20639.7811157121
472	270	21052.0688073542
474	270	20656.1148731468
476	270	20374.6562003729
478	270	20220.6608665483
480	270	19722.4685446192
482	270	20048.8328100011
484	270	20078.9129092058
486	270	19805.650898367
488	270	19568.4601519191
490	270	19519.3928681389
492	270	19548.73859253
494	270	19271.7250716194
496	270	18538.41413268
498	270	19233.5363995672
500	270	19160.009048201
502	270	18566.9412580649
504	270	19326.8409847981
506	270	19350.9313920563
508	270	19479.9475871486
510	270	19624.6904304759
512	270	19984.0181753575
514	270	19979.0934027831
516	270	19980.507447365
518	270	20376.9131756747
520	270	20435.8467685582
522	270	20994.3562452893
524	270	21929.6426905218
526	270	27092.3432286856
528	270	56669.5243365414
530	270	137364.226837373
532	270	276668.383095024
534	270	474332.412120807
536	270	700601.401893726
538	270	921824.446506367
540	270	1053523.68062843
542	270	1051697.97142898
544	270	907401.163766231
546	270	695429.175124922
548	270	447680.853919371
550	270	234647.239841145
552	270	99348.3350025536
554	270	43490.1280275436
556	270	30916.0076595099
558	270	29473.3525828766
560	270	30132.1453110735
300	280	280971.601780662
302	280	364063.922865113
304	280	507256.145223968
306	280	682994.009441346
308	280	816712.251405386
310	280	828548.183696987
312	280	701746.820137757
314	280	506643.828882075
316	280	343156.859436722
318	280	246893.364977759
320	280	201132.291019237
322	280	180091.491964822
324	280	170867.198135234
326	280	160339.902966364
328	280	146412.573450801
330	280	135481.529626708
332	280	122106.355193816
334	280	112840.096003698
336	280	103535.98512838
338	280	93644.3124479995
340	280	84499.4296459955
342	280	75763.0827403434
344	280	68236.1739491382
346	280	62112.5415091027
348	280	55562.8270979108
350	280	49996.3456257415
352	280	45955.2666284766
354	280	42627.439997798
356	280	38294.3264683272
358	280	35822.8398875079
360	280	33017.045164982
362	280	30701.7254388666
364	280	29307.7467622112
366	280	27660.7596637929
368	280	26287.8484027389
370	280	25453.2170917593
372	280	23695.5858445785
374	280	23572.7121285009
376	280	22958.0687750712
378	280	22974.0170966752
380	280	22211.5602747115
382	280	22668.7859979615
384	280	22206.1480088031
386	280	22291.2243076385
388	280	22190.164243362
390	280	22735.6146246369
392	280	22905.0771931269
394	280	22818.0780664869
396	280	22481.0945321708
398	280	23440.5769957881
400	280	22755.9271573838
402	280	23304.8002890397
404	280	22570.0459949935
406	280	22868.8608381143
408	280	22887.0395322957
410	280	22563.8497705138
412	280	22635.8901428468
414	280	22452.2087910983
416	280	22475.8894193846
418	280	22041.9365411672
420	280	21869.9598629297
422	280	21499.4106925636
424	280	21252.3636455904
426	280	20869.5017877834
428	280	20564.9267461002
430	280	20802.2389634214
432	280	19934.801632612
434	280	19498.0564902824
436	280	19238.1493101387
438	280	19072.1220060294
440	280	18691.106863056
442	280	18373.0097415136
444	280	17739.634727329
446	280	17698.2483080736
448	280	17840.927926043
450	280	17429.5651811155
452	280	16891.2226135304
454	280	16763.5725481243
456	280	16885.7682447509
458	280	16618.1059604598
460	280	16790.8905140855
462	280	16248.3808472543
464	280	16369.632348266
466	280	16531.9141980599
468	280	16323.595957512
470	280	16285.2891725187
472	280	16125.8756137661
474	280	15883.6637628753
476	280	15757.0458110461
478	280	15779.8489876175
480	280	15552.1929024558
482	280	15495.859842783
484	280	15257.6946137422
486	280	15268.7340972731
488	280	14796.2888164069
490	280	15069.7868379043
492	280	14972.3976741931
494	280	14761.7116480005
496	280	14821.0890201744
498	280	14578.9572039585
500	280	14506.0960767753
502	280	14627.3997379904
504	280	14730.3428103538
506	280	14727.5046827426
508	280	14993.013244484
510	280	14650.2950526932
512	280	14887.7887904909
514	280	14969.4385695006
516	280	15109.3760869016
518	280	15291.5684680841
520	280	15427.3580229433
522	280	15142.3418014949
524	280	15463.86699361
526	280	16044.1542999712
528	280	16020.8967397641
530	280	16490.6105440807
532	280	16197.1003654595
534	280	16452.5722600213
536	280	16943.407747671
538	280	16855.8870184782
540	280	17366.6825575455
542	280	17843.4373298599
544	280	18645.0236521933
546	280	24372.2460508317
548	280	57864.6881915942
550	280	141450.588951746
552	280	293521.713182141
554	280	491628.533804141
556	280	717254.214266369
558	280	929672.988767428
560	280	1051613.03012159
300	290	112376.49158255
302	290	80320.6980234494
304	290	77891.1899358433
306	290	79700.8422352151
308	290	81393.4910108621
310	290	89165.4029419133
312	290	105916.723927712
314	290	155618.199057802
316	290	244184.798898971
318	290	356613.134762263
320	290	449093.677136778
322	290	468532.181767975
324	290	407573.304087887
326	290	297956.881683606
328	290	193275.470673273
330	290	118820.629096225
332	290	84957.2316513505
334	290	71312.8861506315
336	290	63505.6645607744
338	290	58235.5661807985
340	290	54181.5771270479
342	290	48341.0897525563
344	290	45019.1248544973
346	290	40782.9936109202
348	290	37656.5313453341
350	290	34716.0532732742
352	290	32454.6369256035
354	290	30069.0041646916
356	290	27920.7062756834
358	290	26344.704277901
360	290	25040.2736700486
362	290	23677.0612277683
364	290	22992.0273839231
366	290	22472.0530384264
368	290	21818.0529324085
370	290	21650.3581765723
372	290	21749.5500555396
374	290	21509.7589326097
376	290	21196.3969585099
378	290	21669.6724818438
380	290	22241.8214952255
382	290	22492.6648699664
384	290	22737.0569086659
386	290	23300.9921321598
388	290	23688.3274372649
390	290	24266.5556094919
392	290	24999.6262403852
394	290	25611.2870860314
396	290	26019.0467097277
398	290	25801.4672093726
400	290	26366.3985381771
402	290	26211.6483292517
404	290	26544.742099416
406	290	26875.9705306263
408	290	26817.2790214233
410	290	26215.5261239798
412	290	26276.1625237846
414	290	26281.6954896066
416	290	25674.0802462282
418	290	25379.8389701765
420	290	25097.0715572918
422	290	24372.2170817468
424	290	24011.7093241609
426	290	23063.8342624775
428	290	22831.4924629519
430	290	22621.0983664906
432	290	22151.0053851439
434	290	21816.840943806
436	290	21057.0237344387
438	290	20449.756220582
440	290	19479.477648455
442	290	19454.0836925275
444	290	18667.9063700475
446	290	18409.86028615
448	290	17799.2335620147
450	290	17737.4379944325
452	290	16955.2154996688
454	290	16850.6725576661
456	290	16472.148884818
458	290	16222.5311353555
460	290	16050.6834025087
462	290	16020.7634098076
464	290	15498.0238260811
466	290	15214.0811002323
468	290	15116.6001806856
470	290	14840.9649093329
472	290	14743.4787505566
474	290	14338.3373160753
476	290	14219.5494922423
478	290	13749.1476588597
480	290	13564.3109146391
482	290	13477.329828274
484	290	13143.254388412
486	290	12910.2154228904
488	290	12997.9383787402
490	290	12334.7997591753
492	290	12256.5313783178
494	290	11887.2031353197
496	290	11659.3569013878
498	290	11707.8551660196
500	290	11307.6207807778
502	290	11175.3374596935
504	290	11285.7498130453
506	290	11193.4868760946
508	290	10788.1991022768
510	290	10876.3434605462
512	290	10803.7213371714
514	290	10405.4961405274
516	290	10345.3560837442
518	290	10329.6106561895
520	290	10476.1277293294
522	290	9781.4508433314
524	290	9841.60589920175
526	290	10108.951693333
528	290	9754.02319198336
530	290	9826.57203683894
532	290	9816.39733801969
534	290	9443.7673565492
536	290	9454.87886713702
538	290	9251.3066652121
540	290	9291.19493722778
542	290	9240.07855373208
544	290	9363.19708510676
546	290	9214.09677279192
548	290	9088.58762744656
550	290	9078.51448266524
552	290	9634.00730651117
554	290	9220.5916892718
556	290	9338.62794968733
558	290	9372.70432966322
560	290	9266.8330701641
300	300	9577052.24973096
302	300	8241074.67557446
304	300	5090621.19146825
306	300	1999756.00793603
308	300	474975.109430805
310	300	70036.668296381
312	300	42114.8943054408
314	300	37556.5216536734
316	300	37723.8276791244
318	300	36557.551702078
320	300	38015.3989280584
322	300	39867.6314555734
324	300	51208.7689506032
326	300	82146.8014538155
328	300	138467.111620768
330	300	211007.751435474
332	300	271214.926801083
334	300	285954.213537152
336	300	250374.930621892
338	300	176201.342015802
340	300	107055.053219099
342	300	59251.5446776345
344	300	34502.1790952925
346	300	25075.7994606191
348	300	22304.2658890513
350	300	20062.228831734
352	300	19393.7275687329
354	300	18227.0105661244
356	300	17852.765063878
358	300	16673.3018608213
360	300	16503.4142274207
362	300	16728.6907901285
364	300	16616.752693364
366	300	16511.5256661816
368	300	16667.3324451303
370	300	17338.8290596014
372	300	17554.010510049
374	300	17878.6385437494
376	300	18519.2937710281
378	300	19850.5357480217
380	300	20155.8675547648
382	300	21497.9814645278
384	300	22055.0447752153
386	300	22219.8703160613
388	300	23528.8597660537
390	300	24141.7430647907
392	300	24937.2036148843
394	300	25170.6993845628
396	300	25823.4842909811
398	300	26469.5246716694
400	300	26927.3234324493
402	300	27145.3085518506
404	300	27840.4515780876
406	300	28022.4851105916
408	300	27654.3110691348
410	300	27940.1387046005
412	300	27515.8518554734
414	300	27665.064085239
416	300	27526.4072736206
418	300	26696.594170154
420	300	26653.2726449673
422	300	26167.2793368646
424	300	25715.7167555291
426	300	25048.2500912494
428	300	24896.7487231846
430	300	24523.0357712285
432	300	23873.2731024012
434	300	23348.5938937065
436	300	23054.6078306404
438	300	22250.1582782135
440	300	21645.3524048693
442	300	21294.508419165
444	300	20871.2899172266
446	300	20270.6468937833
448	300	19619.6830095358
450	300	19193.8224801992
452	300	19274.8047890283
454	300	18434.2414314854
456	300	18115.7991860323
458	300	17861.4125878871
460	300	17679.1818645055
462	300	17379.1278348896
464	300	17121.7833018816
466	300	16640.594973473
468	300	16370.3191256851
470	300	16190.6376925428
472	300	15548.6657212061
474	300	15460.198071164
476	300	15119.9167912109
478	300	14891.8004492284
480	300	14560.1059124188
482	300	14311.7269807883
484	300	14003.9414759025
486	300	13581.4640986594
488	300	13433.6902934128
490	300	13347.9722857631
492	300	12909.7541307993
494	300	12368.3841634863
496	300	12257.4704404968
498	300	11918.4985293655
500	300	11814.6671450225
502	300	11395.8995712865
504	300	11147.5291145307
506	300	10948.1135786286
508	300	10646.814768093
510	300	10499.7681345722
512	300	10095.2762972209
514	300	9839.11808500329
516	300	9765.79101775313
518	300	9558.32160588958
520	300	9544.0252004203
522	300	9013.47269411573
524	300	8776.67095734934
526	300	8451.87249695047
528	300	8339.92422962849
530	300	8203.33449311614
532	300	8020.72914405094
534	300	7840.36608143711
536	300	7774.96191739609
538	300	7408.14751627253
540	300	7271.53981702963
542	300	7307.00783513074
544	300	6910.12618259249
546	300	6768.16939732247
548	300	6762.77718382593
550	300	6282.49071269747
552	300	6271.14893623705
554	300	6294.08972370207
556	300	6262.71789766879
558	300	6044.9695433072
560	300	5840.77609967648
300	310	48937.4580207063
302	310	539687.29043161
304	310	2350262.00523607
306	310	5612514.90650101
308	310	8435206.20955448
310	310	9232771.60306801
312	310	7357778.58200743
314	310	4327249.00116048
316	310	1676958.01626036
318	310	393952.265979252
320	310	48547.4756045527
322	310	27178.14820607
324	310	22575.8461638555
326	310	20495.7340756099
328	310	19211.6092948953
330	310	17506.0418657694
332	310	16695.5359351296
334	310	16937.9282079534
336	310	22627.7284232298
338	310	39582.863747059
340	310	73416.0597202941
342	310	116974.322526667
344	310	154665.452165802
346	310	169829.32451479
348	310	151441.643337367
350	310	109655.13249753
352	310	66925.9190384269
354	310	36295.9362276651
356	310	20146.3215826256
358	310	14280.0320216173
360	310	12507.7449729623
362	310	12077.0395170091
364	310	11867.4482608422
366	310	12051.751202991
368	310	12454.4937014113
370	310	12994.9741931357
372	310	13353.5594253554
374	310	13729.3669757144
376	310	14713.5725302172
378	310	15422.0515741933
380	310	15769.6245104929
382	310	16680.1679147598
384	310	17343.8435050424
386	310	17866.7350656116
388	310	18766.3871539549
390	310	19508.5676532044
392	310	20006.1990469824
394	310	20584.468297516
396	310	20994.18322823
398	310	21750.3867511929
400	310	22271.6686800071
402	310	22358.9345158111
404	310	22902.8949867506
406	310	23179.3011777691
408	310	23438.5331287281
410	310	23593.1853849125
412	310	23729.1751313468
414	310	23844.366473187
416	310	23557.171553098
418	310	23238.0179330475
420	310	23426.967911124
422	310	23021.8530552172
424	310	22888.2959171748
426	310	22319.8243761157
428	310	22439.6066512763
430	310	22009.3943720458
432	310	21584.9120527057
434	310	21460.602068939
436	310	20946.2850408856
438	310	20679.566645878
440	310	20450.0716583299
442	310	19863.8259702477
444	310	19513.4464546611
446	310	19269.0259857689
448	310	18851.4797018688
450	310	18834.0477291112
452	310	18208.7718075261
454	310	18165.1085545311
456	310	18018.2805856034
458	310	18110.9236236285
460	310	17681.7007764184
462	310	17421.2433042666
464	310	17107.8743377389
466	310	16770.7599167521
468	310	16727.1930184877
470	310	16523.4412433165
472	310	16285.6341400145
474	310	16098.3235095854
476	310	15909.5678644079
478	310	15587.4242378901
480	310	14924.7548201721
482	310	15166.8698887773
484	310	14628.5912905797
486	310	14194.0269444222
488	310	14312.7467469173
490	310	13937.4685131061
492	310	13590.6132829236
494	310	13218.1948232949
496	310	12912.0935165633
498	310	12813.6179626036
500	310	12332.5206019189
502	310	12204.1299517281
504	310	12043.5057085618
506	310	11595.317760336
508	310	11376.5111516348
510	310	11234.3627615606
512	310	10857.2595015391
514	310	10826.9507104414
516	310	10289.7844437429
518	310	10124.0578305362
520	310	9837.29794257426
522	310	9658.07313558756
524	310	9401.13064114348
526	310	9131.5912802408
528	310	8827.07736078876
530	310	8566.11568553203
532	310	8411.04544472742
534	310	8060.91027989801
536	310	7990.92496594341
538	310	7712.15463652968
540	310	7441.03546695797
542	310	7242.76765772246
544	310	6914.65195688574
546	310	6837.21311216814
548	310	6775.03796181856
550	310	6535.7855628118
552	310	6295.87488099705
554	310	6184.84852050307
556	310	5903.70646399241
558	310	5872.87471789541
560	310	5513.4270875875
300	320	4986.50745009259
302	320	5968.19260335292
304	320	6701.08507699234
306	320	8168.36579750825
308	320	12420.5385545934
310	320	42236.0033431339
312	320	437802.395743138
314	320	1703532.45774529
316	320	3876856.80196258
318	320	5873329.81687257
320	320	6580362.4598494
322	320	5594265.52527274
324	320	3490814.51381758
326	320	1431164.39343173
328	320	349302.479119949
330	320	41151.1463733766
332	320	17556.953472775
334	320	13975.1083960773
336	320	11965.7057233323
338	320	10677.3939967227
340	320	10343.5727861417
342	320	9478.27716651023
344	320	8821.07517593063
346	320	9055.19655521602
348	320	12210.7790480895
350	320	21740.5738104708
352	320	40335.783426159
354	320	68218.839184149
356	320	95178.1061132402
358	320	108998.291009928
360	320	103234.325121472
362	320	81396.9737253114
364	320	52500.0765515016
366	320	30954.9606816899
368	320	18327.4422572477
370	320	12760.5537845706
372	320	11277.4743433378
374	320	10825.0551726473
376	320	10830.3503594458
378	320	11097.0878458218
380	320	11386.3149141029
382	320	12065.6223564841
384	320	12340.312740332
386	320	12626.9718423442
388	320	13125.0666793523
390	320	13382.9204758658
392	320	13845.6065431944
394	320	14503.3572079253
396	320	14775.528413437
398	320	15323.8666411674
400	320	15654.2897363539
402	320	15916.0583606081
404	320	16276.0836277295
406	320	16826.0918689879
408	320	16982.7132712667
410	320	17336.2299027816
412	320	17364.3431071833
414	320	17722.0686377096
416	320	17509.58819269
418	320	17709.5650158179
420	320	17852.3346086156
422	320	17775.3561474731
424	320	17736.8010421167
426	320	17448.7811920261
428	320	17579.5489786725
430	320	17601.5164410185
432	320	17504.0007632789
434	320	17488.5043871083
436	320	17527.5845906409
438	320	16953.2172525378
440	320	16951.0999035816
442	320	16678.8138489545
444	320	16470.7195228218
446	320	16467.6289677703
448	320	16310.8533005636
450	320	16310.1694620085
452	320	16249.1206125802
454	320	16192.5565934334
456	320	16018.0079762151
458	320	15987.7080349304
460	320	15878.3358479161
462	320	15816.3706330936
464	320	15661.409853207
466	320	15369.2816711322
468	320	15407.2303928609
470	320	15298.6916882571
472	320	15096.8261937856
474	320	14741.2041915443
476	320	14787.3630571127
478	320	14368.2277542951
480	320	14380.2590642871
482	320	14095.4765098828
484	320	13660.2962738428
486	320	13786.3798928546
488	320	13334.0437686288
490	320	12965.31818539
492	320	12827.8036180367
494	320	12403.3783494896
496	320	12369.0379735344
498	320	11881.7320582997
500	320	11764.3497546822
502	320	11407.3772381717
504	320	11195.9719107134
506	320	10955.0311269852
508	320	10760.5691962045
510	320	10462.2030153827
512	320	10329.7103232583
514	320	10251.2596144205
516	320	9787.77239894176
518	320	9464.2435483965
520	320	9256.56791985572
522	320	8992.77394478175
524	320	8807.13135827411
526	320	8653.00267521254
528	320	8281.72600096234
530	320	8168.08089087786
532	320	8093.25571004063
534	320	7662.37925772391
536	320	7303.8755096564
538	320	7184.27052195068
540	320	7149.33388499021
542	320	6930.9107489821
544	320	6693.23498721805
546	320	6587.51024124181
548	320	6366.44769471393
550	320	6035.65983939377
552	320	6181.82338575277
554	320	5830.47999947045
556	320	5803.57532890072
558	320	5628.98379753378
560	320	5345.53938411731
300	330	3738.17566511457
302	330	3417.26714011395
304	330	3857.55228877628
306	330	3734.75263459915
308	330	4340.736918229
310	330	4766.1342997717
312	330	5085.07632113616
314	330	5476.40465876746
316	330	6971.56610044898
318	330	10056.6998080136
320	330	30255.2875579339
322	330	326666.650252895
324	330	1391657.23409687
326	330	3302321.89681839
328	330	4911921.67732946
330	330	5415055.33700037
332	330	4621032.08669957
334	330	2977602.03626001
336	330	1261596.9782718
338	330	305440.995699028
340	330	34716.5082220608
342	330	12882.6613762937
344	330	9867.05414795375
346	330	8611.26379359196
348	330	8063.18627132026
350	330	7289.50653079349
352	330	7269.3625925125
354	330	6634.54039158148
356	330	6743.60680063513
358	330	7212.01700705468
360	330	8548.86727587046
362	330	13706.0053014043
364	330	24480.6561607571
366	330	40924.8056521588
368	330	58779.1323430305
370	330	70752.9742333942
372	330	71782.5378994459
374	330	61164.4773568952
376	330	43821.7297275958
378	330	28340.140738846
380	330	17593.3252102933
382	330	12526.9239380617
384	330	10299.3462593671
386	330	9742.37739838996
388	330	9702.78972033073
390	330	9900.07360191371
392	330	10098.8585065573
394	330	10288.4103167235
396	330	10600.8739290563
398	330	10852.3498624339
400	330	10932.4603044882
402	330	11394.7201476841
404	330	11554.0571808998
406	330	11860.6772115952
408	330	11935.4710121479
410	330	12306.7437521179
412	330	12497.9183698135
414	330	12614.3901247358
416	330	13020.9896390487
418	330	13157.6913466768
420	330	13114.512970468
422	330	13065.225757012
424	330	13118.9866080206
426	330	13433.6692854918
428	330	13391.8643369061
430	330	13399.3400478993
432	330	13447.5757091438
434	330	13482.7777180322
436	330	13750.1271420476
438	330	13385.7233332107
440	330	13443.3735844176
442	330	13304.5579809827
444	330	13176.868514889
446	330	13155.711230923
448	330	13258.9773259452
450	330	13177.5417221639
452	330	13217.9836091786
454	330	13099.5548509697
456	330	13012.0915021489
458	330	13035.2216423931
460	330	13148.9674669666
462	330	13124.0878664165
464	330	12937.2114963526
466	330	12809.5994906454
468	330	12552.115619513
470	330	12527.2431797575
472	330	12380.0441758875
474	330	12426.0019094073
476	330	12311.8325357997
478	330	11969.632498496
480	330	11758.35207817
482	330	11653.9385718831
484	330	11247.2265895054
486	330	11143.5085013131
488	330	11016.0010938074
490	330	10676.7919841271
492	330	10323.2321786625
494	330	10307.3471844977
496	330	10015.5047885606
498	330	9911.13320265391
500	330	9678.6210985781
502	330	9320.81723755379
504	330	9074.12717588703
506	330	8895.8480670933
508	330	8801.87404164832
510	330	8444.18437888018
512	330	8416.85394183551
514	330	8230.02040164607
516	330	7921.38173627084
518	330	7808.65983661204
520	330	7594.27917985835
522	330	7491.0465292762
524	330	7343.4763405693
526	330	7104.15599828472
528	330	6966.69543524031
530	330	6721.74541616075
532	330	6507.11979100587
534	330	6338.98282148331
536	330	6162.34681247857
538	330	6036.97377923809
540	330	5852.67741291594
542	330	5699.94635554313
544	330	5531.32873493674
546	330	5394.96250642926
548	330	5267.21804162309
550	330	5162.14037069224
552	330	4944.20034658885
554	330	4867.86217273276
556	330	4617.91117244859
558	330	4615.54202014256
560	330	4433.69583352525
300	340	1978.06595826822
302	340	1939.50346618977
304	340	2189.02034202725
306	340	2375.32273236143
308	340	2365.04837971918
310	340	2313.48765594972
312	340	2128.50742612872
314	340	2224.79554653517
316	340	2457.82653924778
318	340	2421.32789725644
320	340	2935.51371063853
322	340	3302.32754629909
324	340	4126.02189828537
326	340	4803.06588107553
328	340	6617.74864376725
330	340	17743.5737336877
332	340	199130.982505388
334	340	855833.121601832
336	340	2091102.26174729
338	340	3207116.58669436
340	340	3518187.84836178
342	340	3041427.6251127
344	340	1986328.03435628
346	340	831568.394053137
348	340	198353.330922411
350	340	21078.4169807743
352	340	8233.41057900223
354	340	6417.5071449937
356	340	5675.59334564251
358	340	5361.94865868302
360	340	5103.72460436975
362	340	5034.59145070172
364	340	4901.24340671946
366	340	5005.08712568699
368	340	5025.68247547886
370	340	5279.16916774195
372	340	6126.15572459307
374	340	8575.87899593072
376	340	14148.443454272
378	340	23176.3400248375
380	340	34357.4117042533
382	340	43690.6558837293
384	340	47611.2725341675
386	340	44271.5350058737
388	340	35763.1366333826
390	340	24998.2316307486
392	340	16202.2427611726
394	340	10984.8437914351
396	340	8685.36822543989
398	340	8161.89920295713
400	340	8054.46560539292
402	340	8050.78950260452
404	340	8076.79542959034
406	340	8249.78613013272
408	340	8426.71209884538
410	340	8663.52301872537
412	340	8888.20769880808
414	340	9127.69819068191
416	340	9255.50884875658
418	340	9264.19269204833
420	340	9520.3735688458
422	340	9625.60940219027
424	340	9775.16906182526
426	340	9821.16635238739
428	340	9673.87621157541
430	340	9717.31317837715
432	340	10102.143179396
434	340	10092.890465251
436	340	10024.248860354
438	340	9999.65057737474
440	340	10197.1879184854
442	340	10049.7093033966
444	340	9999.47053010954
446	340	10138.8103539227
448	340	10180.1726236072
450	340	10141.7903878539
452	340	10072.9698730217
454	340	10049.3954713818
456	340	10119.7317530066
458	340	10068.1066228928
460	340	10051.3794531939
462	340	10058.8427713691
464	340	10200.5855247752
466	340	9920.25191898345
468	340	9810.76038561571
470	340	9786.70559830179
472	340	9808.4355512093
474	340	9498.34966725897
476	340	9591.39270619981
478	340	9292.66952499995
480	340	9116.17664800121
482	340	9117.90523277272
484	340	8960.56149400715
486	340	8841.64692541482
488	340	8537.60386596691
490	340	8270.90095994852
492	340	8187.2925677622
494	340	7963.29246163009
496	340	7840.74079319474
498	340	7529.96838203253
500	340	7474.31553732039
502	340	7386.90227199412
504	340	7158.22368695351
506	340	7133.60991635949
508	340	7034.24139762035
510	340	6730.54010492704
512	340	6714.77596673742
514	340	6544.61503948477
516	340	6298.51309949959
518	340	6194.14285945643
520	340	6054.1611071369
522	340	5961.13336731152
524	340	5833.96518525371
526	340	5676.49197463584
528	340	5506.62869032719
530	340	5495.09565316323
532	340	5201.68771371539
534	340	5095.72504272204
536	340	5082.74310007979
538	340	4817.44005027903
540	340	4790.3826447487
542	340	4558.65786354685
544	340	4575.16697160292
546	340	4312.58861736681
548	340	4339.68092717122
550	340	4142.19510022331
552	340	4152.99139888814
554	340	4022.04943084726
556	340	3817.24106307928
558	340	3799.34622386182
560	340	3729.32284909054
300	350	1586.52819189684
302	350	1476.050094965
304	350	1715.17771012114
306	350	1475.11032509907
308	350	1658.11762531412
310	350	1571.99423346241
312	350	1524.7415149043
314	350	1568.89697857182
316	350	1583.89549830705
318	350	1538.0630553151
320	350	1605.07319217778
322	350	1689.13106867611
324	350	1717.46405593576
326	350	1794.13582642231
328	350	1948.18087232382
330	350	2206.12181875348
332	350	2410.29631432816
334	350	2669.48642076971
336	350	3194.21206126666
338	350	4572.13350022625
340	350	11733.777342538
342	350	141460.644179785
344	350	614747.67297026
346	350	1424748.09083059
348	350	2091562.91381926
350	350	2222935.62914392
352	350	1880614.5220391
354	350	1170165.63523348
356	350	460109.689712245
358	350	105630.792576511
360	350	11787.1136580838
362	350	5455.79703832205
364	350	4333.78415235919
366	350	3850.5252231667
368	350	3765.51508664617
370	350	3852.9681926575
372	350	3756.10764744484
374	350	3705.66085532691
376	350	3710.95185675475
378	350	3618.11275280804
380	350	3733.853804474
382	350	3982.04575140219
384	350	4235.60307392923
386	350	5411.1285776181
388	350	8263.27179869159
390	350	12864.2599244959
392	350	20377.7208633175
394	350	27561.5015090892
396	350	32734.9470719575
398	350	33096.5618732402
400	350	28533.1129816626
402	350	21207.0646539311
404	350	14351.0659534917
406	350	9746.24088276006
408	350	7389.09301207294
410	350	6598.73039451202
412	350	6355.65965679458
414	350	6461.64930213786
416	350	6405.62165539364
418	350	6508.73732460604
420	350	6702.06072407314
422	350	6726.6957907998
424	350	6867.11018640031
426	350	6921.39813876789
428	350	7166.70174403057
430	350	7219.19098778318
432	350	7278.27251041403
434	350	7241.44483322442
436	350	7367.09287815196
438	350	7478.69658243885
440	350	7459.90499384535
442	350	7679.71372435935
444	350	7557.96413098771
446	350	7713.23201640052
448	350	7785.77647470098
450	350	7799.97660911086
452	350	7879.53662278844
454	350	7877.91487898715
456	350	7939.80310966983
458	350	8073.47331036293
460	350	7961.61819267965
462	350	8115.7236462905
464	350	8045.43504200428
466	350	8033.83870140639
468	350	7960.27142712645
470	350	7839.79144039484
472	350	7874.09034628291
474	350	7802.27946923727
476	350	7736.91824898092
478	350	7672.22173844409
480	350	7505.18419901833
482	350	7577.59116171111
484	350	7249.75305955337
486	350	7159.44535818795
488	350	7043.23516447711
490	350	6858.22075571991
492	350	6853.22555803326
494	350	6749.41647817874
496	350	6596.16465231419
498	350	6456.58648835596
500	350	6359.70222208597
502	350	6052.31499677367
504	350	6025.48533379251
506	350	5986.95902852653
508	350	5949.93585395225
510	350	5743.14271325513
512	350	5607.46063366044
514	350	5573.07557503627
516	350	5419.40160648817
518	350	5303.92595482832
520	350	5226.2112978513
522	350	5000.77051761626
524	350	4961.72273419478
526	350	4732.28810950618
528	350	4656.12668075923
530	350	4533.25036885526
532	350	4497.60427833852
534	350	4265.76039018078
536	350	4117.34805926519
538	350	4077.76988260706
540	350	3945.55411048166
542	350	3857.91011098441
544	350	3803.08765498546
546	350	3708.43624782202
548	350	3532.86986427385
550	350	3468.91383138516
552	350	3367.90385456784
554	350	3246.98129023662
556	350	3188.23452952951
558	350	3030.09681606079
560	350	2952.73054727074
300	360	1135.11114435704
302	360	1118.354297446
304	360	1369.65776869822
306	360	1130.38687808626
308	360	1130.29418806502
310	360	1092.09776677431
312	360	1076.54538191494
314	360	1093.13081960285
316	360	1131.41606749106
318	360	1197.78623442571
320	360	1282.80285151472
322	360	1265.90422427841
324	360	1253.19687474143
326	360	1330.06840260851
328	360	1357.48573139411
330	360	1306.23319354544
332	360	1332.25652359271
334	360	1380.26223059381
336	360	1411.57183546671
338	360	1532.72112241861
340	360	1554.58670361192
342	360	1828.3001386841
344	360	2066.7200551608
346	360	2635.61450980315
348	360	3817.15618477259
350	360	10350.1399408218
352	360	122723.039395575
354	360	541778.30430759
356	360	1222744.81971084
358	360	1696328.22612792
360	360	1772690.20486886
362	360	1521981.13923903
364	360	981418.008875244
366	360	407806.262513572
368	360	91630.0283094743
370	360	9048.90365988684
372	360	4601.48428445738
374	360	3602.52284206032
376	360	3134.81757633228
378	360	3081.26104848651
380	360	3032.06313847813
382	360	3066.85893608851
384	360	3063.23379398936
386	360	2994.94059221252
388	360	3017.138475742
390	360	3063.54026198396
392	360	3153.84351520244
394	360	3315.68569026698
396	360	3531.96327040267
398	360	4179.64385307324
400	360	5742.96440163451
402	360	8910.61947347731
404	360	13741.0596100961
406	360	19281.9496018506
408	360	23971.6827082959
410	360	25693.9680432136
412	360	23659.9916129591
414	360	18767.7517206873
416	360	13653.8577723059
418	360	9401.78782265119
420	360	6856.632428441
422	360	5912.97035021719
424	360	5585.35347557168
426	360	5563.9714249284
428	360	5586.55697250352
430	360	5671.09777999668
432	360	5727.55090888972
434	360	5940.97233576528
436	360	5885.80337035462
438	360	6121.15546932602
440	360	6119.97839799943
442	360	6252.08647180516
444	360	6148.44317582853
446	360	6331.75641016411
448	360	6374.39017665798
450	360	6517.77945531671
452	360	6572.5681770843
454	360	6569.99948613586
456	360	6671.69793226617
458	360	6741.56963222871
460	360	6784.0626949879
462	360	6903.19562879915
464	360	7025.36499460342
466	360	6922.44727194255
468	360	6983.43693916937
470	360	6922.32104222654
472	360	6928.25250924902
474	360	6918.59944655348
476	360	6959.36586262133
478	360	6864.28273378807
480	360	6759.08649253526
482	360	6679.80387044835
484	360	6595.85329315708
486	360	6644.83467758362
488	360	6462.10564501414
490	360	6448.21671635114
492	360	6287.84759943263
494	360	6171.34368561162
496	360	6124.99746572974
498	360	6017.94484993917
500	360	5953.10109630749
502	360	5810.92368072441
504	360	5765.85819903767
506	360	5618.92186762044
508	360	5499.91556944023
510	360	5450.56707218348
512	360	5369.75900009453
514	360	5232.95634634392
516	360	5198.67009660639
518	360	5039.48310887375
520	360	4951.26438893603
522	360	4886.82879782254
524	360	4706.93000687954
526	360	4621.99481361028
528	360	4545.33311651247
530	360	4423.483439643
532	360	4271.42594610745
534	360	4167.909437338
536	360	4107.63235977987
538	360	3939.14186404098
540	360	3884.7237643961
542	360	3700.48591379507
544	360	3705.23778904042
546	360	3536.76538327023
548	360	3450.70723022257
550	360	3389.65354321138
552	360	3258.79413212702
554	360	3122.73202832192
556	360	3068.19753909822
558	360	2975.54486155966
560	360	2912.72361815876
300	370	978.25914828384
302	370	966.653139730029
304	370	1073.34604719506
306	370	981.21595244528
308	370	1048.03051546804
310	370	1052.1112298066
312	370	1047.89905507206
314	370	862.756843470777
316	370	862.304865178691
318	370	921.126439700472
320	370	937.44113866979
322	370	904.367182926639
324	370	914.80346011076
326	370	875.850496920695
328	370	965.524901997515
330	370	1003.61964557414
332	370	977.717398512092
334	370	990.808158920985
336	370	1019.02101616178
338	370	946.09007445002
340	370	908.371100424898
342	370	971.594962246481
344	370	928.428056686188
346	370	970.845800709094
348	370	1032.42376248921
350	370	1168.03949110956
352	370	1256.05118024234
354	370	1598.70198604839
356	370	1940.75398312178
358	370	2945.86557262152
360	370	9204.08546733964
362	370	103959.99694566
364	370	444479.706660139
366	370	1045500.72323782
368	370	1459637.09305038
370	370	1514823.57886675
372	370	1327270.01784503
374	370	885986.637108964
376	370	357772.40492385
378	370	79954.8102590886
380	370	8261.63381527112
382	370	3784.38910170668
384	370	2721.75208750289
386	370	2490.38338498192
388	370	2317.54653369471
390	370	2281.43928394532
392	370	2378.4069976642
394	370	2392.23086716634
396	370	2487.32108294205
398	370	2478.01380329476
400	370	2528.650223295
402	370	2555.6460749766
404	370	2617.82187733744
406	370	2736.47625665192
408	370	2942.24825617533
410	370	3349.86983796366
412	370	4404.06593556627
414	370	6358.58203348577
416	370	9668.55613731329
418	370	14055.6645328711
420	370	17829.7408996353
422	370	20131.1405461092
424	370	19780.5964725494
426	370	17174.903138815
428	370	13153.646666833
430	370	9654.60846988039
432	370	6943.68007662332
434	370	5819.76137518632
436	370	5292.28105012743
438	370	5183.06045677511
440	370	5200.18948953099
442	370	5157.67819968162
444	370	5297.47732258326
446	370	5263.88415611249
448	370	5339.82060258617
450	370	5436.58611603537
452	370	5632.6138288736
454	370	5674.55555440615
456	370	5782.35670807333
458	370	5884.966695539
460	370	5973.14430300419
462	370	6017.77564957352
464	370	6185.4361908449
466	370	6121.43778602154
468	370	6136.22221745006
470	370	6119.11343059499
472	370	6260.05286536588
474	370	6256.83883880884
476	370	6265.77606843609
478	370	6276.5525142133
480	370	6254.66416873718
482	370	6202.79361870001
484	370	6090.36092826232
486	370	6131.38062846796
488	370	6079.32805759682
490	370	5947.02200538536
492	370	5925.22246919466
494	370	5897.28890637796
496	370	5774.93414721476
498	370	5704.87658683242
500	370	5577.21448661946
502	370	5583.63232652064
504	370	5566.66999532395
506	370	5438.87146880218
508	370	5265.72248304458
510	370	5247.77264436364
512	370	5193.90795955837
514	370	5168.49815948172
516	370	4952.78266325749
518	370	5000.93463691447
520	370	4836.27334107801
522	370	4706.55334168694
524	370	4641.32913333844
526	370	4611.54115034583
528	370	4534.60983901702
530	370	4362.50228068029
532	370	4258.98696787124
534	370	4137.87420204992
536	370	4033.40035924249
538	370	3931.77518257052
540	370	3838.6653044675
542	370	3833.09262633505
544	370	3667.31837735516
546	370	3583.36491775265
548	370	3506.06713561588
550	370	3491.82794123993
552	370	3380.35246660957
554	370	3237.85998284235
556	370	3177.1762508719
558	370	3065.92999052949
560	370	2992.70279787031
300	380	898.726298248966
302	380	898.008461848379
304	380	999.448176062136
306	380	916.726755631885
308	380	790.225226908694
310	380	833.140531081229
312	380	783.954668528397
314	380	894.886254681399
316	380	708.379018650983
318	380	759.881294122385
320	380	779.001500008429
322	380	724.493415737915
324	380	721.998417473912
326	380	736.540088983073
328	380	680.573620154404
330	380	657.742257886706
332	380	626.768154071584
334	380	698.382538114374
336	380	628.318109282392
338	380	679.600297434948
340	380	651.937922477721
342	380	631.082263841347
344	380	629.56690265741
346	380	679.012060215005
348	380	586.916810335961
350	380	614.954222593178
352	380	660.437528140951
354	380	652.926007735304
356	380	704.98813894802
358	380	753.661985453052
360	380	811.552822998412
362	380	921.635900489854
364	380	1119.79097256551
366	380	1427.66319562292
368	380	2158.13247710226
370	380	6887.16065248143
372	380	79952.4735551856
374	380	329643.683477968
376	380	722799.787005061
378	380	991321.698316566
380	380	1049808.83494991
382	380	919922.444377656
384	380	612587.422987676
386	380	262832.440899598
388	380	62199.5852595827
390	380	6752.82380792835
392	380	2860.38298648983
394	380	2255.26797844749
396	380	1913.74586019363
398	380	1795.17536411718
400	380	1743.24762939702
402	380	1840.51034936167
404	380	1845.89895085977
406	380	1952.58345956823
408	380	1990.89900124739
410	380	2099.3841068413
412	380	2180.90131900861
414	380	2162.54175603624
416	380	2357.97874416865
418	380	2427.51400552793
420	380	2557.30564279654
422	380	2763.97295687308
424	380	3287.11503613545
426	380	4402.07655959516
428	380	6395.83834430873
430	380	9185.91126253023
432	380	12219.0756042243
434	380	14824.7140916694
436	380	15814.151015331
438	380	15084.3921390967
440	380	12723.8201379461
442	380	9893.49598202751
444	380	7417.48965920686
446	380	5776.73725443618
448	380	4955.38892519699
450	380	4693.40794885369
452	380	4619.82221218892
454	380	4681.71067938262
456	380	4718.79674871601
458	380	4840.47822483317
460	380	4856.0483561711
462	380	4928.64386883786
464	380	5030.48661176822
466	380	5071.82728097491
468	380	5228.08704203338
470	380	5242.49672022608
472	380	5308.79242021424
474	380	5335.54103736283
476	380	5347.01434694463
478	380	5378.30227679583
480	380	5377.05458943806
482	380	5355.16059306522
484	380	5363.36772934089
486	380	5361.73938045222
488	380	5318.63458519359
490	380	5360.478391105
492	380	5183.1534196375
494	380	5287.80029300231
496	380	5198.76665516464
498	380	5207.6240218925
500	380	5178.15516638753
502	380	5014.22522253077
504	380	5126.14199406235
506	380	5021.23347245758
508	380	4993.92062143283
510	380	4957.9295569395
512	380	4915.11104208755
514	380	4817.21008504122
516	380	4734.85178038999
518	380	4696.07932278328
520	380	4602.87673632955
522	380	4528.22564929648
524	380	4413.31681391429
526	380	4441.82468824485
528	380	4237.6255658196
530	380	4213.69314057423
532	380	4078.13170275243
534	380	3971.04188045029
536	380	3993.27218994509
538	380	3815.31796083325
540	380	3671.54823295094
542	380	3657.89014399179
544	380	3576.80531142208
546	380	3473.48294342697
548	380	3427.01464059571
550	380	3338.20570301014
552	380	3260.06517768252
554	380	3169.69184927111
556	380	3097.06278902322
558	380	2996.95005732789
560	380	2840.18105153701
300	390	887.587224951705
302	390	900.876859154849
304	390	867.48683263469
306	390	767.471838013772
308	390	885.059316432397
310	390	733.033355705545
312	390	762.981341545548
314	390	582.037047619828
316	390	728.824056244059
318	390	685.462891128093
320	390	682.322810538155
322	390	689.127725362905
324	390	617.752892335751
326	390	591.368739549352
328	390	652.751142416862
330	390	553.859935694388
332	390	503.24606548015
334	390	555.564657935468
336	390	531.497495124839
338	390	504.719211736269
340	390	499.567342917133
342	390	473.654161419218
344	390	476.471163867983
346	390	448.616581562249
348	390	451.971811303574
350	390	477.443365397553
352	390	506.941648352982
354	390	505.227834772184
356	390	448.783356505986
358	390	452.125443707722
360	390	446.16836364161
362	390	466.597336330003
364	390	498.79977963004
366	390	524.308085601239
368	390	554.089187337892
370	390	632.025528996864
372	390	723.801879999691
374	390	882.44119006673
376	390	1124.77487039607
378	390	1602.81554071112
380	390	4372.70303968526
382	390	52770.8484150997
384	390	230900.224736138
386	390	542336.72772903
388	390	799485.081911331
390	390	885141.19395666
392	390	827517.385592585
394	390	612938.659261795
396	390	296300.051321818
398	390	80707.4976121614
400	390	8200.86348871973
402	390	2640.15670068483
404	390	1995.76414114632
406	390	1703.63721646369
408	390	1568.59289335293
410	390	1572.3002416049
412	390	1588.55026148872
414	390	1610.90740537909
416	390	1731.47741659082
418	390	1778.60865814898
420	390	1876.35863216266
422	390	1917.53449652508
424	390	1960.71921697062
426	390	2048.2736618974
428	390	2115.36076241088
430	390	2240.58126435261
432	390	2315.92523192271
434	390	2478.99091420569
436	390	2772.63183103332
438	390	3341.63145108995
440	390	4351.53293977176
442	390	6074.8960703854
444	390	8140.60353822838
446	390	10445.1145705839
448	390	12058.7071842728
450	390	12407.2874680572
452	390	11680.456114754
454	390	9863.35994243758
456	390	7747.52994113582
458	390	5960.71172477141
460	390	4901.59406130961
462	390	4393.37573605333
464	390	4275.19981773602
466	390	4328.05959441449
468	390	4250.83681668767
470	390	4306.86312015579
472	390	4307.36273877134
474	390	4388.51601380685
476	390	4522.46414175109
478	390	4488.17427177779
480	390	4461.84303403296
482	390	4488.59530161016
484	390	4615.135215705
486	390	4594.83627130549
488	390	4578.10789899378
490	390	4715.49489048666
492	390	4649.93335898367
494	390	4619.58554730234
496	390	4589.32513180967
498	390	4616.95788627132
500	390	4613.98454236947
502	390	4624.0711813484
504	390	4635.99573369233
506	390	4523.30156472644
508	390	4469.36688837378
510	390	4527.66726087968
512	390	4468.4627951688
514	390	4446.43865112154
516	390	4332.85584067438
518	390	4305.515119617
520	390	4378.93809731389
522	390	4242.54628668714
524	390	4138.56077264461
526	390	4096.46449472932
528	390	4050.0737076851
530	390	3946.38187248593
532	390	3926.39861598242
534	390	3799.39759244108
536	390	3715.21128366799
538	390	3663.24739757632
540	390	3632.08848333959
542	390	3560.73542427368
544	390	3457.22786511145
546	390	3280.0559914676
548	390	3259.19804894743
550	390	3209.79008712963
552	390	3143.65859533484
554	390	3095.36056038413
556	390	3010.55321376331
558	390	2875.72905891323
560	390	2866.1500358873
300	400	739.851801476248
302	400	679.378559752621
304	400	723.398684891835
306	400	630.213409766913
308	400	686.09688731669
310	400	722.72681466305
312	400	686.17128808043
314	400	554.079634476581
316	400	561.17622612043
318	400	488.578745605655
320	400	549.497674516444
322	400	481.930128522492
324	400	528.755864499112
326	400	487.391092007623
328	400	535.659043165453
330	400	456.953180368394
332	400	467.845924667319
334	400	381.996494723773
336	400	398.993831889331
338	400	360.825745830857
340	400	373.827221131146
342	400	368.64485214879
344	400	340.829674956703
346	400	317.24672466052
348	400	299.253234024815
350	400	304.161122490376
352	400	347.7224453438
354	400	326.704921118892
356	400	345.961727109517
358	400	351.538583137858
360	400	410.162424508377
362	400	388.357239023915
364	400	370.898936457293
366	400	355.031189597551
368	400	347.102997698677
370	400	355.457300554061
372	400	355.751335027028
374	400	390.000889855873
376	400	392.755956267547
378	400	444.49656968599
380	400	490.802598564284
382	400	567.656619023976
384	400	709.144359046368
386	400	880.927254833744
388	400	1396.80219854401
390	400	3161.94016687086
392	400	42120.0176933774
394	400	208555.372190244
396	400	509294.765886561
398	400	726561.697076498
400	400	783266.554709106
402	400	711818.480433164
404	400	498451.316519741
406	400	212259.391948359
408	400	48933.5822341531
410	400	4951.6369250887
412	400	2215.94711364721
414	400	1781.66543594714
416	400	1506.69532656308
418	400	1499.23525535328
420	400	1406.34899125535
422	400	1466.454191526
424	400	1462.15827691234
426	400	1547.60414261469
428	400	1626.47609263685
430	400	1685.96940018835
432	400	1721.21826190307
434	400	1785.47736616267
436	400	1826.22844512999
438	400	1906.46719946114
440	400	1999.84053244502
442	400	2046.91274394893
444	400	2123.6464253467
446	400	2210.60593351165
448	400	2373.13758097805
450	400	2655.97526950401
452	400	3348.61674186216
454	400	4333.19389676993
456	400	5899.68588969008
458	400	7755.3426084923
460	400	9359.23714965099
462	400	10384.6442655526
464	400	10396.5693145557
466	400	9321.68854219577
468	400	7782.96590359289
470	400	6192.32045457261
472	400	4945.01723108052
474	400	4243.84892306045
476	400	4004.63874064003
478	400	3849.91409077992
480	400	3892.92606526087
482	400	3883.76927016775
484	400	3887.81044212615
486	400	3905.14516368924
488	400	3954.25375337814
490	400	3964.18104474469
492	400	4023.18603295787
494	400	4053.73582764848
496	400	4083.2738699295
498	400	4028.0546636967
500	400	4075.22119955883
502	400	4116.73775489462
504	400	4103.60461785392
506	400	4077.50036344022
508	400	4158.46195988629
510	400	4146.61720209688
512	400	4159.95219318732
514	400	4118.03411961372
516	400	4121.16736750954
518	400	4054.95783030485
520	400	4059.97604226209
522	400	4034.24588607758
524	400	3970.94162299161
526	400	3937.12655697512
528	400	3876.11777669291
530	400	3869.02791099095
532	400	3723.48149276281
534	400	3665.99285826271
536	400	3661.43410962121
538	400	3582.03629169502
540	400	3600.55072297602
542	400	3497.98765840787
544	400	3451.45920612954
546	400	3340.13127404036
548	400	3359.99047914307
550	400	3183.92322208035
552	400	3183.28313863413
554	400	3106.77679053372
556	400	3043.76946931408
558	400	3042.37868071057
560	400	2906.01600534566
300	410	770.745011892176
302	410	679.059969470903
304	410	790.200129825601
306	410	663.319687105452
308	410	620.275102128676
310	410	605.022868422822
312	410	614.446545585494
314	410	486.759719529546
316	410	598.689141854921
318	410	520.51356964628
320	410	520.482121077502
322	410	535.823916151169
324	410	472.477083778359
326	410	463.078092801028
328	410	405.499700311547
330	410	386.769181323897
332	410	428.450256897536
334	410	380.320296186985
336	410	397.710546988982
338	410	367.466678657721
340	410	355.0993853663
342	410	325.622162446211
344	410	262.205197243873
346	410	319.796683360252
348	410	309.09954887993
350	410	283.383311362346
352	410	253.367882469628
354	410	256.384363507415
356	410	262.4028560169
358	410	270.138136712488
360	410	261.252308945158
362	410	226.677447843769
364	410	234.448351728531
366	410	259.826478583152
368	410	284.461050015762
370	410	276.454393722356
372	410	274.436305209417
374	410	260.896340955311
376	410	258.823925095089
378	410	268.977313903693
380	410	260.21514962657
382	410	292.103836648131
384	410	276.344613341229
386	410	302.953600453935
388	410	332.04244335614
390	410	391.128181559208
392	410	437.999046029514
394	410	532.424338094286
396	410	762.245345937307
398	410	1134.00799425915
400	410	2914.19428749662
402	410	42624.0889004551
404	410	200594.630873224
406	410	469171.710040522
408	410	663711.168616665
410	410	708914.546509336
412	410	632240.409730877
414	410	423156.068892456
416	410	174184.564287014
418	410	39571.3281026465
420	410	3980.09362414943
422	410	1896.74793000604
424	410	1526.42896352362
426	410	1322.29317674135
428	410	1213.46926561942
430	410	1227.45150458566
432	410	1220.75845217126
434	410	1232.27885931917
436	410	1315.50743362037
438	410	1366.36588384336
440	410	1434.64703880044
442	410	1448.41901958519
444	410	1532.03852411324
446	410	1548.73646674988
448	410	1606.0134909588
450	410	1721.39802873355
452	410	1804.59047018564
454	410	1870.26551222764
456	410	1948.26259864671
458	410	2007.88176691193
460	410	2120.8463771091
462	410	2388.33103219471
464	410	2718.54355660641
466	410	3440.83129491624
468	410	4398.30198556327
470	410	5729.04639642188
472	410	7163.45678709741
474	410	8357.27672754703
476	410	8840.17788371555
478	410	8672.75691880939
480	410	7712.21977683672
482	410	6433.08239825313
484	410	5209.81580710276
486	410	4307.25887871064
488	410	3859.44678946801
490	410	3651.33750088333
492	410	3567.69879911375
494	410	3633.35896158398
496	410	3593.94903810602
498	410	3598.72775491309
500	410	3615.38758699494
502	410	3671.509275279
504	410	3741.21500249395
506	410	3649.97589047404
508	410	3773.23458862417
510	410	3752.72277229727
512	410	3814.12158738863
514	410	3776.56089512519
516	410	3795.57891814857
518	410	3785.19855494122
520	410	3831.15800590693
522	410	3839.19637535709
524	410	3841.68622904037
526	410	3773.50442801199
528	410	3646.94645136973
530	410	3696.95494586078
532	410	3706.06443379952
534	410	3603.11228481131
536	410	3540.58537472548
538	410	3453.28110325078
540	410	3514.40592102041
542	410	3422.47579723519
544	410	3420.53165838853
546	410	3325.25383605309
548	410	3227.65552928224
550	410	3192.57062409286
552	410	3198.5054744782
554	410	3130.67547985667
556	410	2983.13821866761
558	410	3005.4188613699
560	410	2961.11592557234
300	420	532.851707197742
302	420	631.19884881867
304	420	546.470729980852
306	420	561.968122298105
308	420	487.878156969094
310	420	462.998046098449
312	420	481.6243577495
314	420	433.072283634386
316	420	454.940972207778
318	420	403.204655365295
320	420	391.270799492191
322	420	373.21565373826
324	420	396.264278581861
326	420	363.699188594004
328	420	392.671935574658
330	420	338.32705775526
332	420	270.592281869297
334	420	323.915268110827
336	420	266.287507858742
338	420	281.066872687912
340	420	282.86752420617
342	420	259.701938512663
344	420	241.407457991565
346	420	238.626304906357
348	420	222.894584120552
350	420	222.149423598064
352	420	208.969324126068
354	420	217.114766769754
356	420	213.152171617286
358	420	178.653142021374
360	420	185.560557730491
362	420	195.768647571501
364	420	192.192911344105
366	420	186.651710491502
368	420	186.139593489109
370	420	208.177854695914
372	420	209.065232378638
374	420	232.64292773056
376	420	273.601807293402
378	420	248.273143216364
380	420	276.062586836928
382	420	256.761911740549
384	420	240.374769221722
386	420	248.859305997108
388	420	229.851715937971
390	420	256.652702186941
392	420	282.049637668903
394	420	310.548637805801
396	420	321.289674124549
398	420	350.610746453692
400	420	406.223937989064
402	420	467.1038463107
404	420	566.65784308352
406	420	776.179943624873
408	420	1153.67228556712
410	420	3249.06448568605
412	420	43111.5804075874
414	420	198883.158540838
416	420	448427.215113834
418	420	614495.889370888
420	420	646212.070309215
422	420	566570.60825506
424	420	363100.365094959
426	420	144544.768249903
428	420	30926.6338607251
430	420	3104.81346752437
432	420	1575.55288507136
434	420	1269.69228968915
436	420	1114.61942211434
438	420	1036.6840127423
440	420	1064.97914506869
442	420	1003.26322339979
444	420	1067.28508350491
446	420	1092.27921068792
448	420	1194.29325691056
450	420	1276.87462173477
452	420	1336.15958318536
454	420	1384.5300291096
456	420	1435.25611649178
458	420	1490.30543213268
460	420	1587.97149002874
462	420	1708.28048040514
464	420	1763.28190921559
466	420	1805.39656745126
468	420	1871.21068209238
470	420	1971.58143022779
472	420	2146.66203130182
474	420	2261.62620178241
476	420	2423.71172226943
478	420	2902.10503726428
480	420	3503.11295450544
482	420	4468.8031754331
484	420	5550.90460276305
486	420	6675.04191167361
488	420	7426.43698695109
490	420	7756.29100840045
492	420	7388.97960673069
494	420	6586.22733278765
496	420	5621.34944244483
498	420	4582.45473376363
500	420	3984.71312037206
502	420	3601.3564193242
504	420	3503.33221018902
506	420	3387.73770369721
508	420	3460.78810555702
510	420	3439.17365530796
512	420	3551.93532663649
514	420	3539.80925950046
516	420	3611.75221182836
518	420	3615.77633691898
520	420	3578.09987727773
522	420	3571.13224082841
524	420	3576.57583072803
526	420	3587.94769338579
528	420	3543.94066119581
530	420	3542.41414872454
532	420	3489.05791364428
534	420	3458.11513435608
536	420	3493.18396897648
538	420	3508.98660761409
540	420	3446.72674577797
542	420	3435.84490513495
544	420	3374.58620553374
546	420	3304.46673020831
548	420	3348.68180181162
550	420	3239.09734196185
552	420	3217.40776048054
554	420	3172.15124948782
556	420	3087.20506836404
558	420	3064.97788701429
560	420	2980.47200276471
300	430	562.425086077913
302	430	600.770315412651
304	430	473.714312988304
306	430	545.775214783531
308	430	455.34885445148
310	430	483.987382779615
312	430	425.23125087702
314	430	450.017758565078
316	430	419.675372081975
318	430	390.711596787175
320	430	435.981716511756
322	430	424.337813846026
324	430	338.229228621279
326	430	311.672365780173
328	430	345.440921167617
330	430	350.830739844441
332	430	371.837372678889
334	430	312.816662123804
336	430	317.36808287933
338	430	314.119899515153
340	430	233.324717797433
342	430	210.930765573447
344	430	249.724181784531
346	430	229.292425021846
348	430	229.740840577548
350	430	210.801466805451
352	430	204.467228688606
354	430	184.413432244292
356	430	191.264280479899
358	430	192.442849095879
360	430	169.80028507338
362	430	159.091298042561
364	430	148.683478035175
366	430	138.47149969604
368	430	137.51952977262
370	430	178.138290302172
372	430	149.007594802206
374	430	142.91764368774
376	430	146.315201170521
378	430	134.198490495637
380	430	148.452065829478
382	430	171.457777120847
384	430	165.958616486498
386	430	169.86321673578
388	430	186.318754712135
390	430	188.664453619465
392	430	174.335243964766
394	430	190.360742772378
396	430	196.963227507471
398	430	213.496516170994
400	430	213.124256453266
402	430	233.250703078159
404	430	260.235165804646
406	430	267.177645960336
408	430	282.690664408409
410	430	326.149307155476
412	430	383.814783420606
414	430	452.403910672057
416	430	637.997570544065
418	430	1000.01198733372
420	430	2672.00890546831
422	430	35116.5757168425
424	430	159309.941791926
426	430	371036.903410961
428	430	547007.190702872
430	430	601658.195451302
432	430	544793.457045343
434	430	391997.475815101
436	430	177099.412720951
438	430	39551.8400942023
440	430	3527.73912766081
442	430	1503.50749000665
444	430	1166.32766467692
446	430	999.56664476003
448	430	973.96472876573
450	430	938.461321532019
452	430	966.449511584391
454	430	985.955310695641
456	430	1018.03988462191
458	430	1092.39267583557
460	430	1207.10195234266
462	430	1254.67682070009
464	430	1304.25585454616
466	430	1357.97730688213
468	430	1409.54851233557
470	430	1526.25866922628
472	430	1588.37714858514
474	430	1658.119378987
476	430	1674.44896759476
478	430	1750.69833185095
480	430	1865.89427704851
482	430	1949.7355440582
484	430	2030.35811068223
486	430	2094.18113175503
488	430	2295.92173113375
490	430	2467.46366828322
492	430	2802.94645557113
494	430	3482.40295556562
496	430	4144.50802961222
498	430	5070.93334869222
500	430	5924.60939037423
502	430	6556.97533840704
504	430	6738.83840614927
506	430	6476.59787878399
508	430	5900.35009859309
510	430	5005.76481372426
512	430	4219.05497039469
514	430	3696.60998852406
516	430	3405.05110152037
518	430	3332.33983423488
520	430	3286.2803950317
522	430	3249.24290448797
524	430	3297.00701633711
526	430	3304.22118699407
528	430	3263.83890653278
530	430	3341.51511718096
532	430	3310.88889319576
534	430	3283.41874110769
536	430	3304.78331683022
538	430	3334.19642043016
540	430	3369.4811663762
542	430	3203.27544060355
544	430	3151.93373988149
546	430	3198.25354184441
548	430	3157.49672773309
550	430	3165.46992820562
552	430	3133.82403623428
554	430	3155.24336674867
556	430	3075.18586704099
558	430	2984.08724603388
560	430	3056.53841451597
300	440	534.615178394328
302	440	618.189055031908
304	440	478.740590169631
306	440	520.322643559216
308	440	462.232367134764
310	440	421.007337210639
312	440	441.531870816899
314	440	358.883924867427
316	440	391.696330184697
318	440	365.886825288029
320	440	317.497829026312
322	440	400.838894034099
324	440	396.000687459472
326	440	358.1936571759
328	440	323.214081387397
330	440	307.979867559317
332	440	306.640490831176
334	440	296.273071643872
336	440	233.546581821034
338	440	306.700609999256
340	440	252.8072858596
342	440	225.647710547983
344	440	198.886967568796
346	440	223.609677054886
348	440	182.399205458754
350	440	188.221832247949
352	440	172.916233344876
354	440	154.886186845799
356	440	149.136551230847
358	440	152.718956843166
360	440	139.935439122827
362	440	131.595454687295
364	440	129.0804985056
366	440	136.065500798121
368	440	141.475583021901
370	440	134.479936556739
372	440	99.2429849029012
374	440	104.663301522381
376	440	118.333098380672
378	440	95.7710349839882
380	440	115.114928736658
382	440	122.593865884731
384	440	108.373722951975
386	440	106.116783686777
388	440	112.197076466244
390	440	109.547963937339
392	440	118.079190548263
394	440	118.337397487958
396	440	126.831211937437
398	440	133.691869333569
400	440	128.141737544569
402	440	132.652184427762
404	440	122.594835820709
406	440	143.097146345868
408	440	137.130703393831
410	440	156.314368113618
412	440	159.528230655596
414	440	172.32944874538
416	440	200.1617103473
418	440	206.007099790046
420	440	217.892637162485
422	440	285.456937219854
424	440	348.207119326988
426	440	462.898200257047
428	440	703.14101112289
430	440	1866.21827113132
432	440	24287.0653287929
434	440	114465.898855576
436	440	286459.468625541
438	440	443580.368452624
440	440	509296.184548727
442	440	462647.304471049
444	440	317651.506532983
446	440	136679.235838164
448	440	32632.6475907076
450	440	3234.03316984603
452	440	1230.653123344
454	440	1026.32777010447
456	440	893.293400071103
458	440	850.921987245729
460	440	841.592218812983
462	440	874.279485096196
464	440	905.281025858584
466	440	942.572445522254
468	440	982.048759890121
470	440	1051.64626430808
472	440	1114.04160199039
474	440	1175.2804809339
476	440	1258.10593137244
478	440	1288.27930765649
480	440	1330.14880574477
482	440	1394.69352857479
484	440	1468.29940678516
486	440	1502.4836252137
488	440	1557.72793316052
490	440	1635.07353329104
492	440	1692.21194291399
494	440	1784.72573940334
496	440	1837.64118176531
498	440	1887.91859787185
500	440	2011.8709769849
502	440	2091.33836425331
504	440	2316.89029707324
506	440	2626.31035388338
508	440	3189.66015739286
510	440	3781.11366604637
512	440	4586.67031650807
514	440	5168.67890088838
516	440	5779.09376277098
518	440	5819.47519815804
520	440	5595.43413968961
522	440	5019.28420368948
524	440	4414.94339284017
526	440	3767.61325978174
528	440	3268.22882434506
530	440	2904.60438166879
532	440	2833.96129765554
534	440	2774.46866160957
536	440	2782.92021456976
538	440	2779.53548248982
540	440	2833.64880389518
542	440	2820.51030274505
544	440	2753.89511360841
546	440	2789.88831268871
548	440	2788.65255659883
550	440	2766.03282413659
552	440	2731.66197061838
554	440	2659.97081912989
556	440	2659.4908313707
558	440	2641.58842877798
560	440	2653.23428025761
300	450	508.448687432366
302	450	425.983620355821
304	450	443.678837579752
306	450	466.848423437889
308	450	408.867084869667
310	450	384.053505978765
312	450	321.98522341159
314	450	370.399085998088
316	450	380.647406656111
318	450	337.59015081586
320	450	347.577099945967
322	450	308.173732788051
324	450	307.397502596624
326	450	267.961177728859
328	450	314.66909118474
330	450	277.05541142651
332	450	266.72668959229
334	450	235.667158734474
336	450	206.822815844456
338	450	216.260247128627
340	450	219.883450117696
342	450	170.752245995692
344	450	186.987095525799
346	450	150.044568380877
348	450	157.062491999458
350	450	154.603303998498
352	450	148.481715403192
354	450	120.393740033759
356	450	120.168174189163
358	450	111.42966035618
360	450	122.130447878934
362	450	108.91092960715
364	450	99.3068361067795
366	450	102.821123809847
368	450	93.4320054171588
370	450	102.949894742465
372	450	99.9917711482606
374	450	102.476107412182
376	450	84.995101509553
378	450	84.4206690790432
380	450	89.0905767663837
382	450	87.9929791024052
384	450	93.9049549884499
386	450	95.4092434655274
388	450	83.8590559374973
390	450	82.0478467308688
392	450	104.171022200762
394	450	97.208499944917
396	450	98.0377820940701
398	450	98.44904069821
400	450	111.003672730584
402	450	104.074564623987
404	450	105.290416706383
406	450	117.281303419448
408	450	119.053604327526
410	450	109.791561869802
412	450	103.588652624749
414	450	110.762648375418
416	450	119.119850562101
418	450	134.330207637933
420	450	122.65241376815
422	450	137.268844338062
424	450	149.797745757906
426	450	169.956718728309
428	450	169.108623440001
430	450	200.08429232647
432	450	240.489435725332
434	450	272.102783365447
436	450	400.813886226528
438	450	593.714027722031
440	450	1361.12659588463
442	450	18027.4927927274
444	450	90889.2337044754
446	450	250427.873759415
448	450	416122.675130233
450	450	489275.467606768
452	450	451160.555132595
454	450	311846.508177488
456	450	131837.263510923
458	450	30058.5085812393
460	450	2898.58880866935
462	450	1181.76267002649
464	450	972.813325504506
466	450	883.409063433022
468	450	822.713488800179
470	450	819.321186241415
472	450	824.208102345817
474	450	830.539278305908
476	450	865.924860927567
478	450	926.950616449903
480	450	993.698504030115
482	450	1060.31997423511
484	450	1110.27426901617
486	450	1134.58924807026
488	450	1162.31155920589
490	450	1195.21211887055
492	450	1246.76019249925
494	450	1247.53582885412
496	450	1330.38896845121
498	450	1421.2347629066
500	450	1439.19099774181
502	450	1483.32507406121
504	450	1556.42660630501
506	450	1589.7306433461
508	450	1598.36543532251
510	450	1732.77477558578
512	450	1738.65806402139
514	450	1912.17445191688
516	450	1995.62573000264
518	450	2234.19339142464
520	450	2542.16239694156
522	450	2898.7957958056
524	450	3545.98111646518
526	450	4087.09917882296
528	450	4670.24207126143
530	450	4998.79365872925
532	450	5181.62117504402
534	450	4875.87109559161
536	450	4520.05768658315
538	450	3883.186171784
540	450	3325.35041516638
542	450	2925.30039904197
544	450	2629.35072009071
546	450	2587.59003882021
548	450	2540.93688303225
550	450	2502.68336003976
552	450	2514.29848921202
554	450	2452.22383863236
556	450	2447.07473485284
558	450	2454.83936744846
560	450	2443.88769183168
