EM wavelength	EX wavelength	S1c/R1c
nm	nm	CPS / MicroAmps
300	240	98357.6356430227
302	240	97919.49466826
304	240	123111.747848533
306	240	126259.232527506
308	240	133343.279872388
310	240	138236.414425659
312	240	143681.784164105
314	240	147058.817831409
316	240	154931.525817248
318	240	144408.238194742
320	240	146594.085971614
322	240	153372.013464884
324	240	138838.383106984
326	240	139171.904097491
328	240	139936.11567899
330	240	130613.438972941
332	240	118760.951360761
334	240	124024.833962892
336	240	110526.241824358
338	240	102884.746662477
340	240	93109.8561063576
342	240	90907.5486432961
344	240	85670.4593205012
346	240	78563.097220443
348	240	74526.416988344
350	240	71210.336718941
352	240	66606.4419030741
354	240	65972.4513168618
356	240	62030.8057233345
358	240	60448.0835058719
360	240	63067.1837090681
362	240	59887.3841192313
364	240	52006.9374126865
366	240	49775.4179838869
368	240	46668.5382803638
370	240	41858.5142971144
372	240	39635.2788988529
374	240	35822.2886312194
376	240	33985.3088626015
378	240	31854.5485440797
380	240	29614.6908262269
382	240	28878.1012845176
384	240	29072.8113793641
386	240	24963.4174284503
388	240	26815.2687711718
390	240	24307.2799437868
392	240	27675.566672287
394	240	25155.8124632952
396	240	26095.8111256573
398	240	25378.5175702622
400	240	25909.0380332391
402	240	26400.2786503964
404	240	25249.5695482647
406	240	24589.5335228152
408	240	25713.6522572064
410	240	25343.2091379348
412	240	24830.526983827
414	240	25543.7906478287
416	240	26160.656825275
418	240	23148.6294721796
420	240	23122.604275896
422	240	22853.3702729029
424	240	24894.1553885395
426	240	21730.0171884704
428	240	24494.7678277452
430	240	22893.475323703
432	240	22600.1185062106
434	240	20629.9289053532
436	240	23404.3508719369
438	240	22501.2960872349
440	240	21549.2787930489
442	240	19246.6349175012
444	240	19532.9284825619
446	240	19590.9497935637
448	240	18350.8678357026
450	240	19120.9822216369
452	240	20088.1890900126
454	240	19718.1057495413
456	240	18652.9387183619
458	240	19222.9410783644
460	240	19349.2419279951
462	240	17539.3113307469
464	240	18320.2673610378
466	240	19808.0023992445
468	240	25335.9876742496
470	240	47952.6643182013
472	240	92288.0634126782
474	240	163288.105202603
476	240	269514.918316102
478	240	385070.156056399
480	240	471951.887045557
482	240	501846.383096137
484	240	476784.295904351
486	240	388925.133947764
488	240	272416.807967979
490	240	160559.548953462
492	240	75105.6413535047
494	240	34121.3946394526
496	240	21144.4207582963
498	240	17526.1042429032
500	240	16148.0112325351
502	240	16637.8376650004
504	240	15269.6498068012
506	240	14958.4280801411
508	240	17332.0774403159
510	240	17555.2088855502
512	240	22634.0275584511
514	240	35465.3039268883
516	240	44317.628826594
518	240	60668.5097895142
520	240	74891.6854179465
522	240	90211.4264281438
524	240	98676.4063191154
526	240	96367.6609960186
528	240	89993.8602966736
530	240	78221.6349392102
532	240	61345.2441024542
534	240	46564.5775426207
536	240	31066.8207299909
538	240	20167.0160562431
540	240	15606.2043915036
542	240	17390.41722481
544	240	14177.788205228
546	240	13875.9673683245
548	240	11707.4940312239
550	240	15611.0624604269
552	240	12671.6223004674
554	240	12156.8292230805
556	240	15281.1477323851
558	240	14157.5133023084
560	240	12084.6740562182
300	250	72901.383668676
302	250	92662.0689061586
304	250	96857.6988709736
306	250	105037.072270999
308	250	125424.06724083
310	250	126319.09906478
312	250	130469.801745907
314	250	131705.583339779
316	250	136430.227435466
318	250	140915.327308736
320	250	133795.645614588
322	250	140954.035893379
324	250	137064.265730551
326	250	127211.724881046
328	250	127193.067170045
330	250	123031.659032946
332	250	114064.964323452
334	250	109805.360383324
336	250	96789.0296824553
338	250	87735.8881726118
340	250	83831.1901898802
342	250	75067.0087617414
344	250	67646.8902504344
346	250	66398.6968102527
348	250	59082.9427737053
350	250	53362.4112389679
352	250	48156.2363518262
354	250	44765.6393535939
356	250	40456.8753569335
358	250	36176.5519850758
360	250	35862.8048365717
362	250	32011.322239568
364	250	31042.2799390437
366	250	28626.9902635832
368	250	26886.1455913369
370	250	25279.3943054118
372	250	23904.9381522564
374	250	22490.3713603121
376	250	21149.0720094355
378	250	20379.1115686268
380	250	20456.1724264709
382	250	19593.0343084797
384	250	17852.2878951362
386	250	19541.3996452666
388	250	17675.5226295523
390	250	17428.1452834076
392	250	16999.6483906578
394	250	17219.4665852132
396	250	17466.0016670408
398	250	17920.5380956315
400	250	17872.5331329673
402	250	17064.6337041016
404	250	16486.0858915638
406	250	17064.9047916853
408	250	16392.2776382856
410	250	16773.1117675152
412	250	17295.6947997306
414	250	16330.5738644152
416	250	17703.5251555766
418	250	17373.2152020883
420	250	17564.6986398287
422	250	16947.1544810714
424	250	16268.1689908037
426	250	16377.2915038377
428	250	15508.9701096272
430	250	16835.8250497617
432	250	15907.7576054128
434	250	16335.0449847024
436	250	15763.4981450645
438	250	16303.1175902207
440	250	15221.2256369488
442	250	16367.5572771287
444	250	15308.0820822309
446	250	16051.4121910223
448	250	14752.4251745348
450	250	15524.4501407506
452	250	15292.1225880819
454	250	15424.3632059168
456	250	15343.025768463
458	250	15336.477734226
460	250	14748.8171363987
462	250	15167.2907156458
464	250	14866.0150718088
466	250	15558.2018148882
468	250	15366.5766761857
470	250	15109.7651033048
472	250	15378.6244319615
474	250	14448.9121625487
476	250	14193.0784836594
478	250	14604.5482654594
480	250	14978.7310226266
482	250	14495.5801905485
484	250	15418.2959059692
486	250	16536.4604938591
488	250	29841.5253072362
490	250	60592.1713747234
492	250	120080.002898008
494	250	209294.150598027
496	250	313709.30231308
498	250	420542.924204795
500	250	496776.287394179
502	250	514014.157636295
504	250	460466.750618145
506	250	360777.075359514
508	250	244900.09076699
510	250	138307.370923689
512	250	63053.0696512258
514	250	27359.2685570844
516	250	19288.1577655643
518	250	19242.1169106562
520	250	16795.0802298917
522	250	18416.7435277951
524	250	18017.5055729845
526	250	17766.0442855822
528	250	17753.4652049073
530	250	19392.509588054
532	250	21587.6500759525
534	250	27823.7105163549
536	250	37905.2853615704
538	250	49265.2799254373
540	250	66487.4697323186
542	250	86506.9881143331
544	250	99588.8289736808
546	250	110323.030280251
548	250	115079.116269416
550	250	105249.650690719
552	250	95139.6830715638
554	250	79303.6036339237
556	250	60562.109648901
558	250	46438.1785327207
560	250	32077.9107285831
300	260	104652.066641058
302	260	109105.732415374
304	260	111653.89510784
306	260	126599.163152718
308	260	129794.783891605
310	260	133632.443307623
312	260	136341.997013536
314	260	131125.601814739
316	260	127483.39609075
318	260	128370.686897953
320	260	129888.22490583
322	260	131829.837509309
324	260	124152.13968419
326	260	120111.568684286
328	260	117225.043313303
330	260	109908.303579887
332	260	103488.093914877
334	260	94463.5318704751
336	260	84840.88187272
338	260	82049.0803897494
340	260	71971.239792223
342	260	66088.8102337403
344	260	62577.9962355489
346	260	54781.9535367741
348	260	50224.2029977898
350	260	45667.6276008246
352	260	41247.6621094476
354	260	38569.9409438985
356	260	32757.6616355617
358	260	30879.9236680683
360	260	29104.9480705845
362	260	27659.2607902965
364	260	23744.6701974579
366	260	22601.0027248177
368	260	21466.723223121
370	260	19774.4958495329
372	260	19163.049517525
374	260	17054.0386700292
376	260	16528.3355152633
378	260	15135.4111174133
380	260	14981.0070771906
382	260	14140.2743679254
384	260	13897.8362618521
386	260	13603.9254938541
388	260	12550.3940485364
390	260	12973.1033367746
392	260	12479.6722195408
394	260	12629.1589434162
396	260	12584.794554776
398	260	12402.0550691849
400	260	12309.7956998332
402	260	11424.2248500078
404	260	12059.3771464168
406	260	12169.9034955147
408	260	11890.5495455951
410	260	11522.4409863038
412	260	12508.8736221646
414	260	12152.0214866835
416	260	12260.3625972365
418	260	12045.4689262601
420	260	11869.0316658816
422	260	11777.9558118058
424	260	12059.5554232086
426	260	12026.0451706091
428	260	12065.4280562525
430	260	11837.3410461092
432	260	11634.0933777698
434	260	12338.9555081357
436	260	12169.3930028852
438	260	12224.5982450177
440	260	11835.6937157407
442	260	11675.8348178225
444	260	11712.6584713229
446	260	12093.0609377317
448	260	11966.8829793479
450	260	11568.8531295244
452	260	11289.9787514762
454	260	11978.3912872038
456	260	12368.0875793263
458	260	12360.436778091
460	260	11979.2006739068
462	260	12224.9990163075
464	260	12624.5203391423
466	260	12155.460356093
468	260	12295.2950291482
470	260	12685.6288469316
472	260	12602.3414294241
474	260	12434.9426643286
476	260	12289.4468353813
478	260	12971.3345706915
480	260	12843.589650589
482	260	12676.7898347244
484	260	12863.5818387891
486	260	12288.8975080896
488	260	12764.9777086843
490	260	12464.5450348889
492	260	12434.8985745325
494	260	12339.3387083129
496	260	12646.0020042167
498	260	12629.7515360884
500	260	12598.7534925248
502	260	12985.210611618
504	260	12525.1602832804
506	260	15474.919284097
508	260	29113.4370965331
510	260	66246.1407176241
512	260	131222.027416945
514	260	232621.983126727
516	260	346064.718650826
518	260	470857.056274492
520	260	543599.624230786
522	260	548046.478624044
524	260	487747.607553621
526	260	381898.773671192
528	260	253064.899085731
530	260	138304.183808574
532	260	61889.5101828196
534	260	30153.0573075661
536	260	23232.6376127224
538	260	21833.6673200325
540	260	21818.6728903671
542	260	22702.4064791007
544	260	22255.2159241104
546	260	21683.81485096
548	260	21706.0774110655
550	260	21667.1455853761
552	260	23040.5490154601
554	260	24699.2781802881
556	260	27671.7159403099
558	260	35225.6582008373
560	260	46565.7301992977
300	270	780591.784805833
302	270	544307.356089203
304	270	342949.413400772
306	270	220433.846124399
308	270	163330.410219953
310	270	147733.21314234
312	270	139228.762662123
314	270	135464.444604888
316	270	126757.35926992
318	270	123430.394837934
320	270	119141.013487503
322	270	117270.146409413
324	270	112409.791349255
326	270	106722.070363925
328	270	99488.1405594079
330	270	93057.1100752872
332	270	86130.7066390678
334	270	80190.4955075418
336	270	72259.5072931443
338	270	65508.4348750806
340	270	58985.4788457147
342	270	54736.6535992094
344	270	49539.0599220728
346	270	43291.0299059922
348	270	39798.1099903926
350	270	35775.445131283
352	270	31426.4268816549
354	270	28737.1686238053
356	270	26633.6864531603
358	270	24942.5867957525
360	270	22198.4322184476
362	270	21543.4950380856
364	270	19320.8720742594
366	270	18014.0587893686
368	270	16480.0667942659
370	270	14786.8761208228
372	270	14736.2024855857
374	270	14308.5157446213
376	270	12909.9470549143
378	270	12391.8603814018
380	270	12143.632272941
382	270	11453.5684029491
384	270	11093.4869558037
386	270	10622.1351873427
388	270	10497.781232691
390	270	10365.8321339522
392	270	10335.5650511183
394	270	10265.5820136411
396	270	9787.05481371332
398	270	9968.50904098784
400	270	9733.25292075687
402	270	9468.66246371468
404	270	9496.19317282452
406	270	9245.43257131199
408	270	9331.20128424905
410	270	9051.58776846711
412	270	9499.74559721086
414	270	9682.32984902283
416	270	9508.29126993026
418	270	9738.14141147421
420	270	9273.1469381749
422	270	9250.25512880619
424	270	9274.95090212946
426	270	9264.76107740343
428	270	9250.03595282264
430	270	9364.62488939881
432	270	9432.50639850155
434	270	9289.6325821691
436	270	9064.14823862706
438	270	9288.77437753159
440	270	8642.19618851044
442	270	8614.74160434239
444	270	9013.6064988576
446	270	9006.33931701064
448	270	9284.24307748436
450	270	8982.73930231014
452	270	9153.07290708258
454	270	9404.15609143711
456	270	9326.81175303505
458	270	9333.30016176744
460	270	9418.09863803372
462	270	9411.71907385749
464	270	9429.15077554451
466	270	9566.53489355016
468	270	9720.60405601031
470	270	9794.66645386449
472	270	9699.61929623892
474	270	9787.30407413049
476	270	9428.39260609523
478	270	9868.71414659362
480	270	9980.52581013411
482	270	10048.6999278379
484	270	9645.33330822721
486	270	9785.31503939017
488	270	9946.86783955033
490	270	9844.91820287239
492	270	9673.31198745774
494	270	9311.94095094007
496	270	9833.35169569412
498	270	9682.90087075143
500	270	9667.455734
502	270	9852.88127834598
504	270	10229.4747762214
506	270	9746.96490006654
508	270	10348.3515760946
510	270	10379.1145149898
512	270	11239.0532228281
514	270	10992.268726956
516	270	11417.3028844544
518	270	11751.3040201874
520	270	11980.6186880423
522	270	12490.3944579447
524	270	13116.1865093266
526	270	17244.6333472999
528	270	34801.7472127403
530	270	83936.1074286037
532	270	168766.887659775
534	270	283337.688559001
536	270	412971.562026119
538	270	536905.664357333
540	270	611478.630546252
542	270	603113.752556496
544	270	523924.667765202
546	270	404533.611611743
548	270	269907.633761925
550	270	149728.979122739
552	270	68010.3531801578
554	270	30386.3887465217
556	270	22830.454222819
558	270	20226.2671039657
560	270	20424.5799469245
300	280	144109.647739069
302	280	224456.446825936
304	280	373217.122411267
306	280	556883.263065542
308	280	688596.020339709
310	280	703828.79465469
312	280	580392.952205805
314	280	395179.887166418
316	280	239292.020759891
318	280	145761.307909481
320	280	105891.860163586
322	280	93052.2679188545
324	280	82844.4549120935
326	280	80290.4558231761
328	280	73614.1813651761
330	280	70099.5805591048
332	280	64863.8719256474
334	280	60530.9623874704
336	280	54576.750385113
338	280	48631.3690120096
340	280	44584.3562773869
342	280	39994.5276112193
344	280	38236.4897812949
346	280	33825.1926378486
348	280	30522.3357309607
350	280	28129.9082473861
352	280	25190.7990439438
354	280	23122.4134818516
356	280	21523.8853792622
358	280	19618.7532062128
360	280	18001.5375640856
362	280	16654.9803523193
364	280	15351.014898457
366	280	14182.5236855625
368	280	13644.5708565296
370	280	12947.2675860527
372	280	12636.0426763136
374	280	11400.2462137856
376	280	11372.6013587314
378	280	10784.9554395796
380	280	10413.8119557621
382	280	10195.2493228283
384	280	9856.31035669102
386	280	9412.06595490714
388	280	9364.38785177795
390	280	9367.10512372054
392	280	9084.2575813418
394	280	9076.46553801427
396	280	9345.66769676373
398	280	9125.2106052864
400	280	8909.58527290169
402	280	8920.28348234624
404	280	8932.85328641111
406	280	8765.28036362832
408	280	8492.97296931088
410	280	8383.38499010529
412	280	8502.28729703776
414	280	8730.04256079039
416	280	8595.37215816345
418	280	8348.91468850709
420	280	8331.01408197788
422	280	8148.22960235968
424	280	8017.07080640135
426	280	8186.20102085305
428	280	8092.66589256828
430	280	7935.91330644636
432	280	7969.91242687633
434	280	7811.71584062806
436	280	7734.06839922062
438	280	7656.72056010649
440	280	7645.57320896278
442	280	7472.31635658387
444	280	7408.04801413926
446	280	7376.42421991853
448	280	7395.31322941044
450	280	7244.65060492807
452	280	7325.00207648898
454	280	7138.16091992591
456	280	7196.54652576489
458	280	7454.70580384608
460	280	7418.21901478024
462	280	7339.9005414439
464	280	7445.9079051877
466	280	7684.97914661111
468	280	7446.13895531396
470	280	7484.01350963665
472	280	7713.86519484956
474	280	7409.94475909927
476	280	7725.8705960919
478	280	7459.22668301279
480	280	7480.49685117031
482	280	7481.59404417035
484	280	7536.070763247
486	280	7470.37318476186
488	280	7454.01901426642
490	280	7190.5734117752
492	280	7410.34764999855
494	280	7428.5153145081
496	280	7096.66228391302
498	280	7192.89647610039
500	280	7195.57668784828
502	280	7232.61419985019
504	280	7372.78613682262
506	280	7598.0054369971
508	280	7642.68980446913
510	280	7944.63566811996
512	280	7654.94308266409
514	280	8272.59803626303
516	280	8654.17062030313
518	280	8466.04742568317
520	280	8929.81784123485
522	280	9007.72560547285
524	280	9464.42379309465
526	280	9950.07029893722
528	280	10168.1439190203
530	280	10143.3206108779
532	280	10210.7944052558
534	280	10564.6255159084
536	280	10859.4747804617
538	280	11066.0170792584
540	280	11352.0461738893
542	280	11688.9164699951
544	280	12588.3415412651
546	280	16099.0351884965
548	280	35245.8380204659
550	280	86103.5190884017
552	280	169855.357860178
554	280	294112.550816088
556	280	432529.119555099
558	280	560119.672061673
560	280	643504.73841753
300	290	64523.3607295523
302	290	47710.9546127194
304	290	45130.3283314621
306	290	44444.3472989599
308	290	45694.0950345987
310	290	50131.7399790675
312	290	67639.6038010334
314	290	115275.968703631
316	290	202533.918528815
318	290	318541.477655679
320	290	409470.192206007
322	290	426679.468204978
324	290	366520.780829163
326	290	258439.377000998
328	290	151765.231592418
330	290	83297.0800220656
332	290	49547.955617337
334	290	38075.1952805276
336	290	33114.6502142751
338	290	29656.8811113955
340	290	27360.6497062011
342	290	25892.2608109222
344	290	23049.0635699475
346	290	21795.1920878459
348	290	20610.8752462103
350	290	18601.5054071706
352	290	18019.0499390794
354	290	16144.2076777002
356	290	15021.3259609136
358	290	14577.597107455
360	290	13484.8672297071
362	290	12726.2564214645
364	290	12207.8533148056
366	290	11398.990772503
368	290	10592.2749264755
370	290	10323.646026184
372	290	10214.8617788139
374	290	10058.3666412686
376	290	9461.46950678607
378	290	9277.53585749374
380	290	9093.91024538593
382	290	9053.24953950663
384	290	9104.48745589057
386	290	8964.32475005523
388	290	8966.39128134074
390	290	9001.82713770745
392	290	8905.90394906678
394	290	8873.05250026069
396	290	8911.49170556633
398	290	8697.96506176693
400	290	8713.71608309452
402	290	8797.83882739789
404	290	8837.04643839327
406	290	8818.27833489587
408	290	8572.16390533848
410	290	8506.27214774823
412	290	8721.42897626017
414	290	8659.35904678454
416	290	8662.02875653503
418	290	8604.34116790038
420	290	8354.8428295203
422	290	8362.69410277699
424	290	8186.81707281567
426	290	7879.14228025985
428	290	8045.17448051089
430	290	7730.17423093606
432	290	7685.11610747522
434	290	7646.60789719497
436	290	7450.57439356302
438	290	7217.75467826705
440	290	7140.72103875442
442	290	6890.18031616881
444	290	6833.13208864873
446	290	6752.61749722179
448	290	6719.34139353071
450	290	6496.49741414795
452	290	6531.13761670725
454	290	6211.32746382006
456	290	6219.48289069546
458	290	6099.64406716256
460	290	6123.71434731822
462	290	6127.12489656892
464	290	5900.51209704949
466	290	5834.56185476375
468	290	5800.55193631873
470	290	5723.21324334543
472	290	5710.86436733428
474	290	5793.58616366679
476	290	5707.99273623202
478	290	5344.92165920791
480	290	5194.13222576667
482	290	5404.27715507989
484	290	5480.91314289593
486	290	5170.8752955353
488	290	5172.64757751388
490	290	5161.42408120083
492	290	4826.31916179375
494	290	4879.33599524305
496	290	4826.31292957977
498	290	4772.44638776306
500	290	4716.98625820445
502	290	4639.98871312019
504	290	4723.52459873646
506	290	4568.27801971553
508	290	4737.95909560188
510	290	4491.57694280523
512	290	4617.54924817409
514	290	4733.17616444935
516	290	4682.66988903893
518	290	4721.14520659612
520	290	4534.20846139694
522	290	4572.99701841027
524	290	4741.52932974298
526	290	4640.09615153906
528	290	4647.25746857891
530	290	4661.25942364947
532	290	4522.92285656237
534	290	4635.36833611694
536	290	4713.3101211027
538	290	4897.04057241549
540	290	4946.3851128233
542	290	4811.68696178545
544	290	5097.22895481496
546	290	5089.42636589159
548	290	5231.58714958082
550	290	5074.66030777338
552	290	5155.48905951855
554	290	5157.87273345436
556	290	5143.10965453126
558	290	5396.6985117395
560	290	5466.85398815902
300	300	6006744.68683488
302	300	5113476.70197906
304	300	3116165.25503405
306	300	1259647.87214911
308	300	299421.918214266
310	300	46418.7608718117
312	300	29634.5540878987
314	300	24602.5556904978
316	300	24462.0164939281
318	300	23514.4761315246
320	300	22320.0971434059
322	300	24975.7765741323
324	300	35596.2926481114
326	300	67973.7758688729
328	300	125732.675630766
330	300	198556.400793093
332	300	258596.86670472
334	300	275168.620075778
336	300	235832.052894617
338	300	166454.81496088
340	300	95149.9100600733
342	300	49131.0822784816
344	300	24890.9102971945
346	300	16236.2344954581
348	300	13332.3149246349
350	300	11590.3912419469
352	300	10750.4812725681
354	300	10150.0323166728
356	300	9564.90097137915
358	300	9233.2113743958
360	300	9151.38931604053
362	300	8670.61513287136
364	300	8461.07149620311
366	300	8110.5083536833
368	300	8215.89875804662
370	300	8106.53254931592
372	300	8043.28634915135
374	300	7887.95999677785
376	300	7917.3563439923
378	300	8064.23111479134
380	300	8109.93958657342
382	300	8099.1748308523
384	300	8096.98377309153
386	300	8151.93149423611
388	300	8305.31130495699
390	300	8322.36481670101
392	300	8402.27666918229
394	300	8671.24413313515
396	300	8656.68885551574
398	300	8879.33318057125
400	300	9213.8553974338
402	300	9903.69846210235
404	300	10387.7962158093
406	300	11145.8983660283
408	300	11693.8876899125
410	300	11517.5963963999
412	300	11519.7297471185
414	300	11115.495862314
416	300	10832.5648604233
418	300	10408.4830747621
420	300	10167.4520946544
422	300	10101.5855904263
424	300	10004.7634699019
426	300	9283.5562479064
428	300	9220.89804638649
430	300	8878.50874316289
432	300	8771.82371172007
434	300	8488.38762166821
436	300	8320.50308451583
438	300	7928.35835606091
440	300	7679.02389554307
442	300	7410.93100091666
444	300	7262.68429392728
446	300	7002.55757157017
448	300	6763.22296856348
450	300	6605.82702813618
452	300	6321.0183559735
454	300	6324.39099847545
456	300	6120.37205951056
458	300	6119.6362975269
460	300	6012.10237792996
462	300	5947.33250857466
464	300	5864.11481617558
466	300	5783.19558070541
468	300	5666.76622822395
470	300	5238.03554512656
472	300	5280.8009387078
474	300	5216.79689150768
476	300	5091.88174109245
478	300	5210.69257019882
480	300	5033.21801367664
482	300	4916.98266576097
484	300	4753.99813639308
486	300	4678.43930685749
488	300	4606.19481462839
490	300	4474.0216157768
492	300	4416.29748631531
494	300	4255.72311932116
496	300	4304.01836909747
498	300	4108.87771164469
500	300	3899.38554048701
502	300	3934.89377761723
504	300	3698.85477905329
506	300	3799.63558990558
508	300	3703.44559199942
510	300	3683.29672567238
512	300	3635.11081879464
514	300	3515.45434060984
516	300	3466.21217849622
518	300	3361.88150768232
520	300	3209.68638973525
522	300	3187.02060793109
524	300	3244.90403032205
526	300	3145.34557025742
528	300	3065.9383259331
530	300	3032.22629090178
532	300	2874.18600260184
534	300	2923.43267263013
536	300	2947.83558461378
538	300	2857.98890627355
540	300	2840.62852833539
542	300	2799.95072905396
544	300	2744.06562878878
546	300	2707.62670708992
548	300	2556.83508629929
550	300	2633.30764487142
552	300	2619.49747981053
554	300	2529.66270659439
556	300	2443.06114990064
558	300	2540.0437010105
560	300	2552.38156566473
300	310	27249.4094004748
302	310	267470.888792762
304	310	1129846.33451063
306	310	2800663.51451709
308	310	4449798.376999
310	310	5045083.05017193
312	310	4067169.2941645
314	310	2354688.01055192
316	310	897669.875831416
318	310	207928.222124506
320	310	31314.4140819829
322	310	18331.4700714563
324	310	15787.6741142347
326	310	14618.8062601082
328	310	13163.8429648291
330	310	11965.4192852142
332	310	10879.0495010702
334	310	11823.6427018351
336	310	17728.1336252972
338	310	35084.0244997385
340	310	67462.3408341087
342	310	112458.20559946
344	310	149933.500412818
346	310	164200.51126997
348	310	145605.953802246
350	310	105354.623736935
352	310	62279.3837963542
354	310	31146.0567358639
356	310	14977.4275423653
358	310	8984.26214205119
360	310	6880.74039391912
362	310	6292.76080908223
364	310	5821.93575782258
366	310	5805.14727777846
368	310	5853.15935066592
370	310	5983.74998071386
372	310	5986.15412525099
374	310	6017.6325947384
376	310	5977.12874664557
378	310	6179.47369345919
380	310	6230.5334489275
382	310	6410.91214563372
384	310	6611.61493215085
386	310	6549.67704101267
388	310	6776.53452933588
390	310	6768.57773100687
392	310	7100.26752294822
394	310	7166.97374237302
396	310	7327.15442183647
398	310	7478.96874625317
400	310	7590.40047392721
402	310	7493.35476076765
404	310	7546.27394592223
406	310	7762.98046878908
408	310	7843.50321446977
410	310	7857.75184488949
412	310	7865.45403064858
414	310	7898.70537519312
416	310	7800.3550346422
418	310	7787.46371813747
420	310	7746.0475061945
422	310	7794.06496252035
424	310	7568.53216050415
426	310	7590.71498928508
428	310	7506.53546418593
430	310	7458.93337295434
432	310	7357.53714486926
434	310	7339.10840961349
436	310	7084.73123274317
438	310	6954.12465018717
440	310	6907.68350663704
442	310	6789.42732062972
444	310	6625.3896788551
446	310	6458.51845748532
448	310	6474.07724421108
450	310	6222.86028573926
452	310	6282.66400176178
454	310	6125.07855522385
456	310	5942.99132882887
458	310	5996.33627964071
460	310	5920.51396209748
462	310	5916.43207073404
464	310	5817.9517117126
466	310	5651.86691254753
468	310	5449.56380237894
470	310	5343.36975108224
472	310	5369.69044320301
474	310	5138.63484294406
476	310	5047.77710950262
478	310	5017.65102923924
480	310	5002.9227572301
482	310	4847.03862066865
484	310	4906.68900381888
486	310	4636.08806473629
488	310	4518.83206561285
490	310	4432.46085175275
492	310	4280.78744706191
494	310	4221.02615896575
496	310	4052.53219569857
498	310	4067.68158733243
500	310	3962.03468385403
502	310	3891.64080308658
504	310	3918.67689733838
506	310	3729.62225529557
508	310	3586.97504799212
510	310	3680.65806154565
512	310	3590.68345077564
514	310	3372.61224646106
516	310	3246.62594150507
518	310	3334.20444663521
520	310	3286.7060891592
522	310	3226.91411864051
524	310	3159.28171861144
526	310	2954.20981676111
528	310	3023.47505879787
530	310	2886.79162878421
532	310	2881.4897870606
534	310	2903.96646384291
536	310	2741.16177125406
538	310	2693.95044552499
540	310	2667.32736945098
542	310	2572.23427709617
544	310	2681.30334440582
546	310	2494.85467501556
548	310	2496.49046993619
550	310	2412.00339885182
552	310	2349.22344776741
554	310	2304.62473597896
556	310	2262.88888837817
558	310	2211.78185830796
560	310	2318.21154179403
300	320	3121.88434978137
302	320	3509.08203962077
304	320	3662.73203625721
306	320	4820.27529317835
308	320	7034.4670313398
310	320	24137.6867745333
312	320	246241.347760094
314	320	1000442.58938234
316	320	2362999.5580705
318	320	3729401.0586902
320	320	4284138.16836865
322	320	3778822.68259987
324	320	2413808.9929907
326	320	967860.003469352
328	320	228182.787406527
330	320	28769.9467876785
332	320	13798.2959682175
334	320	11119.6336840586
336	320	9106.99893322103
338	320	8161.79484807362
340	320	7645.05521128238
342	320	6977.8555747558
344	320	6280.49585224034
346	320	6434.33573839561
348	320	9629.49618399041
350	320	18961.539190351
352	320	38379.4085368725
354	320	64670.7333508579
356	320	92225.4019181193
358	320	105937.991199822
360	320	100041.315466918
362	320	77144.8600898
364	320	49247.2499151611
366	320	26792.4723718607
368	320	13655.7101279677
370	320	7898.4386374088
372	320	6058.94590527689
374	320	5344.58402742491
376	320	5033.65354902314
378	320	5005.43145311089
380	320	5157.11003979803
382	320	5303.32458803698
384	320	5265.46467872957
386	320	5566.06049224588
388	320	5440.86919638986
390	320	5535.35673820895
392	320	5540.4642695384
394	320	5720.85167000684
396	320	5894.92966211158
398	320	5966.3215688739
400	320	6080.56320675116
402	320	6166.59418464413
404	320	6286.8899010244
406	320	6353.68773740233
408	320	6526.09449969139
410	320	6554.06145239141
412	320	6650.00294536582
414	320	6591.20809482457
416	320	6732.11473582773
418	320	6644.97082754588
420	320	6675.54239325525
422	320	6775.21761258427
424	320	6594.02798025547
426	320	6665.24005759414
428	320	6670.33170533116
430	320	6540.35787665963
432	320	6470.72141914062
434	320	6602.9895334529
436	320	6392.32819244798
438	320	6250.08542790609
440	320	6291.82183602052
442	320	6183.39334796553
444	320	6087.77090854493
446	320	5931.28091509381
448	320	5933.65299628547
450	320	5915.28147277252
452	320	5812.74246943598
454	320	5841.42162550642
456	320	5846.16634896702
458	320	5764.51637180765
460	320	5723.69231416127
462	320	5596.26149063101
464	320	5513.11663968421
466	320	5428.84262226109
468	320	5409.65455384959
470	320	5342.67798215775
472	320	5279.58755542126
474	320	5121.38075584655
476	320	5002.81217882918
478	320	4871.59379860297
480	320	4864.87665636438
482	320	4668.97547738707
484	320	4745.40709560506
486	320	4446.40484517511
488	320	4379.67661915571
490	320	4207.65416327429
492	320	4209.46249856125
494	320	4106.8057447004
496	320	4005.85129473068
498	320	3863.05388460069
500	320	3771.42081791974
502	320	3889.49060241756
504	320	3646.60026030693
506	320	3594.28411477861
508	320	3508.38317804796
510	320	3427.85065814812
512	320	3354.07562088909
514	320	3380.17926188886
516	320	3362.68009499705
518	320	3157.90664644372
520	320	3337.70108062018
522	320	3111.39626421315
524	320	3040.11468432842
526	320	2936.56849974545
528	320	2972.60976930037
530	320	2818.31780877289
532	320	2887.94100950482
534	320	2780.39607682691
536	320	2715.23009130401
538	320	2654.90000259194
540	320	2662.11258265412
542	320	2598.29605628873
544	320	2516.04644619073
546	320	2502.96808020024
548	320	2469.87481354893
550	320	2375.90238324206
552	320	2177.93115140241
554	320	2342.44280185761
556	320	2267.00025943763
558	320	2137.85517697859
560	320	2122.02580765314
300	330	1648.80400312306
302	330	1714.2702044347
304	330	1842.64164629558
306	330	2049.30834995293
308	330	2133.99062840734
310	330	2272.18762472248
312	330	2469.54002917305
314	330	2882.94491439501
316	330	3732.37026938852
318	330	5087.89167594164
320	330	15316.9567251954
322	330	165255.543143599
324	330	707721.846759053
326	330	1753022.44026645
328	330	2791576.98322346
330	330	3204713.906933
332	330	2705249.34942144
334	330	1689027.23821543
336	330	689896.376568484
338	330	164334.255211415
340	330	20840.1759058404
342	330	9162.3057297114
344	330	6950.07667818108
346	330	6232.73291657788
348	330	5575.60749605131
350	330	5098.49074810529
352	330	4918.30359721947
354	330	4410.99426694433
356	330	4150.44729982784
358	330	4358.7453796767
360	330	5840.74156679312
362	330	10997.8822679146
364	330	21664.6954265636
366	330	38225.2795318114
368	330	55678.3251843224
370	330	67653.0136230351
372	330	68717.7776615098
374	330	57379.1400996443
376	330	40299.7776469002
378	330	24434.5980674182
380	330	13133.8407658671
382	330	7854.03826317448
384	330	5565.13416618885
386	330	4862.56975837578
388	330	4673.7555127818
390	330	4480.72990640333
392	330	4568.84296619715
394	330	4628.38983838281
396	330	4569.8350417715
398	330	4734.81758272502
400	330	4830.28823737517
402	330	4896.18916203755
404	330	4942.60785954919
406	330	5144.27766498235
408	330	5152.57303791988
410	330	5203.98647406644
412	330	5351.32871302019
414	330	5229.4481625252
416	330	5378.62488401857
418	330	5498.42060372587
420	330	5568.498512904
422	330	5506.61968627751
424	330	5555.02462965232
426	330	5586.42558377178
428	330	5634.84909312138
430	330	5635.43324683651
432	330	5449.51937537172
434	330	5589.10518374889
436	330	5456.53237862774
438	330	5516.95495254715
440	330	5451.58813887801
442	330	5383.8034256653
444	330	5386.12115641393
446	330	5264.11784426709
448	330	5193.42541614033
450	330	5259.56181125742
452	330	5130.8794035192
454	330	5206.24325028643
456	330	5122.33399988688
458	330	5017.00882557346
460	330	5011.97989175835
462	330	4915.24131226306
464	330	4978.05180728057
466	330	4811.12313282245
468	330	4820.18585430476
470	330	4749.32074099467
472	330	4578.89807535271
474	330	4512.69919008345
476	330	4551.6561933298
478	330	4364.697373453
480	330	4535.15143051202
482	330	4204.0388901978
484	330	4044.31090583757
486	330	4077.02778975619
488	330	3943.70001868333
490	330	3828.11165141598
492	330	3856.90771115535
494	330	3666.06337424833
496	330	3632.18738356509
498	330	3533.64602157907
500	330	3360.35459057665
502	330	3430.29712105407
504	330	3349.65748462758
506	330	3314.83921162681
508	330	3156.62141502949
510	330	3073.92172493381
512	330	3078.93710729568
514	330	2982.12459470933
516	330	2964.21826949902
518	330	2792.40890663219
520	330	2928.73362553827
522	330	2779.15979461294
524	330	2682.28309395229
526	330	2690.83008632832
528	330	2644.3227995899
530	330	2574.54477782187
532	330	2489.01787235278
534	330	2507.64139667303
536	330	2403.7909956487
538	330	2349.49769597749
540	330	2366.53953359757
542	330	2288.65031537775
544	330	2183.28063260306
546	330	2188.9948102676
548	330	2098.09972086102
550	330	2019.80851862788
552	330	2111.75930293356
554	330	1998.97196896573
556	330	1974.76403781887
558	330	1954.83264278023
560	330	1956.71082506081
300	340	1100.12269907388
302	340	1300.88334622893
304	340	1298.41048466336
306	340	1302.51524903016
308	340	1219.89245400491
310	340	1379.49828219131
312	340	1271.16222565825
314	340	1247.19511180993
316	340	1313.1477765073
318	340	1449.01605045517
320	340	1652.85606289583
322	340	1691.17792767131
324	340	2162.21696295164
326	340	2708.23457138061
328	340	3757.54394239572
330	340	9946.27446187642
332	340	114167.321949587
334	340	492951.918472642
336	340	1223803.78955075
338	340	1949727.9867965
340	340	2168652.70961751
342	340	1843041.7442257
344	340	1102816.15999434
346	340	443894.803909495
348	340	101229.177608308
350	340	12380.6386443933
352	340	6081.6138963331
354	340	4685.52785496028
356	340	4025.928154219
358	340	3628.86957903686
360	340	3515.3543627903
362	340	3243.34410531104
364	340	3164.23132536457
366	340	3039.17495920916
368	340	2969.30736901353
370	340	3020.47961390341
372	340	3875.47800832007
374	340	6006.25236794082
376	340	11528.3006964498
378	340	20616.0024596149
380	340	31426.0647931712
382	340	41119.2958073962
384	340	45027.4547492741
386	340	41616.3245614315
388	340	32535.8778355037
390	340	21282.7615629227
392	340	12754.7995962291
394	340	7400.29608839127
396	340	5015.16295767371
398	340	4128.767603945
400	340	3966.0654545983
402	340	3773.82058451859
404	340	3832.96411479155
406	340	3730.8683650343
408	340	3866.80247268777
410	340	3944.67638371298
412	340	3924.13476171104
414	340	4109.29792643768
416	340	4045.76275388191
418	340	4064.84661279614
420	340	4171.96293636119
422	340	4227.69753813302
424	340	4218.4858228612
426	340	4263.27499738333
428	340	4208.51274026179
430	340	4338.36251168498
432	340	4330.6009481267
434	340	4347.86982437486
436	340	4354.52683458428
438	340	4381.08185240009
440	340	4371.42777847978
442	340	4236.55747708265
444	340	4303.59657390627
446	340	4223.88318307776
448	340	4312.41045230832
450	340	4248.12912268202
452	340	4199.00390029455
454	340	4117.24544883624
456	340	4196.76630105814
458	340	4164.21200903958
460	340	4152.99640432623
462	340	4119.35192239011
464	340	4066.60577841926
466	340	4067.25523228749
468	340	3998.16359094793
470	340	3859.06603296696
472	340	3807.15745866395
474	340	3839.79590139322
476	340	3786.43489058686
478	340	3826.01254464715
480	340	3651.67428921745
482	340	3535.01323488319
484	340	3523.87224043776
486	340	3443.78244293514
488	340	3426.40698643031
490	340	3330.67978668784
492	340	3192.04708116259
494	340	3194.06843070945
496	340	3050.11417195721
498	340	3089.48296064761
500	340	2949.10233316253
502	340	2900.81350182719
504	340	2851.46879915335
506	340	2916.15586861105
508	340	2722.70133984127
510	340	2685.22192038121
512	340	2641.79890783177
514	340	2556.38371861663
516	340	2517.06252543376
518	340	2522.00149054818
520	340	2444.90637162616
522	340	2399.92853659647
524	340	2371.29781389676
526	340	2313.23212117285
528	340	2235.27319797361
530	340	2247.58357686945
532	340	2197.10111925537
534	340	2177.36508853528
536	340	2106.46934909508
538	340	2027.28831587155
540	340	1987.07775560528
542	340	2005.82681449626
544	340	1952.03940511962
546	340	1883.31102421988
548	340	1926.36095075927
550	340	1819.24515587387
552	340	1804.97449509263
554	340	1750.86648004102
556	340	1774.06765553183
558	340	1645.7599052537
560	340	1648.3615006186
300	350	847.560777083093
302	350	782.798907956885
304	350	861.617862464681
306	350	865.75550991969
308	350	943.45297447095
310	350	870.972394366648
312	350	999.503563678477
314	350	859.104930510084
316	350	825.335075455659
318	350	856.795061477622
320	350	907.865696775844
322	350	941.066305340476
324	350	930.170925986982
326	350	957.178560270229
328	350	1154.05895426794
330	350	1134.21278406696
332	350	1250.10163439131
334	350	1576.85846457508
336	350	1971.27907776428
338	350	2641.40287218743
340	350	7014.80696373157
342	350	83918.8443841381
344	350	380915.388752248
346	350	869900.618332556
348	350	1312939.06719722
350	350	1458107.67374031
352	350	1220351.15115178
354	350	738899.394325391
356	350	283302.042084739
358	350	63003.2492294823
360	350	7807.83792510798
362	350	3994.52938828522
364	350	3013.14754995269
366	350	2701.08692499687
368	350	2558.10670503813
370	350	2504.81864354272
372	350	2440.97546353793
374	350	2302.07959697191
376	350	2221.23602764332
378	350	2141.78563110426
380	350	2154.02509223066
382	350	2177.13332967842
384	350	2407.96623754931
386	350	3436.70657149047
388	350	6062.57070663018
390	350	10986.6615736421
392	350	18220.5049223315
394	350	25715.3211883416
396	350	30491.9031991779
398	350	30699.0104162391
400	350	25661.5394267693
402	350	18689.7380595443
404	350	11727.5314453995
406	350	6908.23268968504
408	350	4358.63886243239
410	350	3562.87815289985
412	350	3261.82155653036
414	350	3048.50728570238
416	350	3060.08476533848
418	350	3076.48036024066
420	350	3068.3110648225
422	350	3095.82375636394
424	350	3170.71129955466
426	350	3242.31363464706
428	350	3185.50737842267
430	350	3330.06750360872
432	350	3275.107657809
434	350	3356.61847485221
436	350	3266.88672405494
438	350	3365.86106136272
440	350	3406.86693851374
442	350	3364.53455389049
444	350	3371.7434235344
446	350	3368.31645364333
448	350	3370.19811714359
450	350	3408.95614227235
452	350	3391.35057867115
454	350	3460.27174699648
456	350	3402.71412888397
458	350	3392.34452921252
460	350	3336.73196714541
462	350	3378.78919978382
464	350	3319.54316942813
466	350	3352.7392811884
468	350	3255.77214920657
470	350	3292.20967757525
472	350	3145.40179191755
474	350	3233.70311458052
476	350	3210.99333187759
478	350	3153.90504435948
480	350	3066.19388397623
482	350	3075.53493820106
484	350	2982.87397083284
486	350	2858.82117654778
488	350	2904.33649273676
490	350	2812.05526850202
492	350	2756.08063824015
494	350	2662.64194046671
496	350	2575.665832387
498	350	2607.62538986322
500	350	2541.13098929514
502	350	2451.09063996718
504	350	2436.33613809949
506	350	2337.43483105855
508	350	2299.3346286704
510	350	2286.8471418492
512	350	2302.96820847274
514	350	2225.18843473437
516	350	2189.38189846104
518	350	2161.02880033927
520	350	2097.09991706133
522	350	2062.03907089868
524	350	1961.45929691328
526	350	1969.93607106891
528	350	1851.62311749003
530	350	1848.90945685335
532	350	1773.10210673796
534	350	1764.1129856095
536	350	1698.69978169803
538	350	1636.31901736379
540	350	1681.09632542457
542	350	1605.09009457826
544	350	1502.98767668721
546	350	1526.4959633421
548	350	1508.98707448859
550	350	1404.40699650706
552	350	1386.24321924577
554	350	1351.49051746466
556	350	1340.74186165817
558	350	1269.08591430715
560	350	1287.14896102569
300	360	515.927409850591
302	360	633.245336713976
304	360	723.827262777307
306	360	626.976606935538
308	360	632.787569386673
310	360	647.7319419408
312	360	684.933329285427
314	360	617.363855742645
316	360	500.852476187327
318	360	580.987796531026
320	360	623.874637862203
322	360	598.166990680762
324	360	606.001517712656
326	360	661.520396047204
328	360	698.0154679225
330	360	589.287309187513
332	360	651.979308205993
334	360	649.881269400258
336	360	750.824100003213
338	360	686.22828347474
340	360	798.1607147306
342	360	921.262699401907
344	360	985.182187399257
346	360	1200.23968377931
348	360	1787.68235494954
350	360	5400.32937153471
352	360	59870.8404377182
354	360	256291.012911968
356	360	627528.98892144
358	360	960761.36603888
360	360	1054948.79416208
362	360	876475.339229749
364	360	521683.443312998
366	360	199197.911627589
368	360	44716.382512269
370	360	5230.68069543769
372	360	2937.07843468991
374	360	2345.4738427316
376	360	1960.07622245728
378	360	1862.36401614711
380	360	1860.05611156069
382	360	1756.67251977225
384	360	1756.63142703823
386	360	1741.59473793393
388	360	1696.27669655696
390	360	1665.86341940714
392	360	1691.635227718
394	360	1724.71609859455
396	360	1845.71755322353
398	360	2441.28333362864
400	360	3877.71335211996
402	360	7011.44643272751
404	360	11819.0287053204
406	360	17421.6135330146
408	360	21815.111473771
410	360	23293.9602066565
412	360	21451.5702810307
414	360	16610.5954493637
416	360	11110.5410586957
418	360	6898.76941088547
420	360	4411.8715988527
422	360	3292.44143479517
424	360	2806.37194420775
426	360	2724.85201085944
428	360	2686.97894069582
430	360	2664.39760591448
432	360	2700.9920227849
434	360	2678.32131418865
436	360	2756.33844419171
438	360	2697.56184676953
440	360	2772.02837376233
442	360	2716.05040635939
444	360	2746.39000687761
446	360	2781.27599315105
448	360	2811.3124179745
450	360	2836.27593414479
452	360	2843.32875519892
454	360	2888.59191872165
456	360	2867.05740699724
458	360	2907.35131230369
460	360	2920.31477970435
462	360	2880.76254440413
464	360	2902.85127810395
466	360	2911.02293018941
468	360	2908.07291588951
470	360	2865.78294498453
472	360	2825.35739923439
474	360	2814.22052360743
476	360	2764.55161251228
478	360	2735.29662246617
480	360	2729.81012081181
482	360	2693.83980572836
484	360	2694.46308289263
486	360	2657.47833646024
488	360	2567.43636725658
490	360	2535.62954431086
492	360	2538.3128295671
494	360	2491.25794683586
496	360	2473.67836223834
498	360	2336.52423398452
500	360	2344.04607989424
502	360	2305.82690987407
504	360	2291.1661140348
506	360	2232.06146898015
508	360	2219.62379593119
510	360	2136.76746034267
512	360	2087.25330262765
514	360	2030.23648599157
516	360	2063.8819995258
518	360	1914.05269412619
520	360	1915.44597984525
522	360	1924.14187150895
524	360	1846.52541423042
526	360	1812.57473056699
528	360	1833.06860760592
530	360	1774.30345370979
532	360	1722.07879583379
534	360	1680.89708087519
536	360	1684.75471841892
538	360	1590.66357739044
540	360	1580.11144197608
542	360	1541.2448141038
544	360	1571.33113956099
546	360	1474.69795679098
548	360	1392.84794713856
550	360	1409.57023135961
552	360	1363.41769421214
554	360	1309.83896545639
556	360	1318.7143173673
558	360	1281.43578193437
560	360	1211.61350078424
300	370	517.140118613857
302	370	528.141928149208
304	370	486.632066416836
306	370	521.579029588082
308	370	513.176540069065
310	370	525.422065301055
312	370	504.297853713378
314	370	469.041429536513
316	370	425.266073253353
318	370	462.679172885994
320	370	431.425624380978
322	370	525.702065436735
324	370	428.875868290603
326	370	426.09663398138
328	370	447.521498457
330	370	407.616672047256
332	370	495.704688909833
334	370	557.437249629109
336	370	482.377445720149
338	370	435.560373163828
340	370	456.861201671551
342	370	479.763084283719
344	370	493.687063100852
346	370	519.16045031691
348	370	505.952373404972
350	370	582.105736077446
352	370	625.945292746763
354	370	740.579589382386
356	370	943.974029723933
358	370	1432.94299866585
360	370	4763.49686027591
362	370	52130.8258777303
364	370	213360.900739366
366	370	497798.654530394
368	370	755246.984471495
370	370	813037.89857268
372	370	671317.905600971
374	370	400450.510341843
376	370	150254.677323279
378	370	34459.5030083354
380	370	4399.82904928684
382	370	2416.15144109386
384	370	1761.69150349586
386	370	1440.92634782569
388	370	1395.23108258631
390	370	1388.02138845364
392	370	1417.61187857749
394	370	1406.08483357463
396	370	1417.93425372288
398	370	1399.99984987514
400	370	1342.9566869834
402	370	1418.29401066427
404	370	1424.13265118052
406	370	1453.32664661685
408	370	1514.3049046223
410	370	1893.44280250173
412	370	2797.45247733906
414	370	4824.98481451119
416	370	7967.67117071132
418	370	12182.8736418381
420	370	15987.6281719568
422	370	18387.022021762
424	370	17738.865906526
426	370	15124.1780512313
428	370	11098.60093552
430	370	7245.83497315058
432	370	4753.78976352126
434	370	3247.9735992648
436	370	2755.32170975797
438	370	2556.63691328545
440	370	2457.03181625354
442	370	2378.60317239969
444	370	2432.22014781381
446	370	2372.89805763859
448	370	2380.04265112818
450	370	2399.90227225998
452	370	2428.80539862291
454	370	2489.56006774808
456	370	2479.1851836499
458	370	2434.14606384596
460	370	2535.07123022352
462	370	2515.92637725337
464	370	2592.39683344035
466	370	2502.50864562139
468	370	2567.4079182539
470	370	2602.5300013745
472	370	2490.20438955697
474	370	2572.68766690777
476	370	2539.18296988834
478	370	2532.1516666091
480	370	2524.6834928168
482	370	2442.78019083557
484	370	2385.01782148847
486	370	2421.63675322521
488	370	2435.99539513846
490	370	2365.57671140446
492	370	2394.29864897205
494	370	2271.57990584732
496	370	2276.7482002751
498	370	2270.31231492518
500	370	2218.00649785367
502	370	2182.6423882518
504	370	2197.30308935222
506	370	2152.28866715239
508	370	2121.53530185858
510	370	2064.33265423306
512	370	2002.81995522111
514	370	2025.45523938897
516	370	1951.51271563232
518	370	1973.25045925841
520	370	1936.58978259564
522	370	1816.13827819209
524	370	1849.25281483868
526	370	1823.04844954841
528	370	1786.55764230039
530	370	1764.34894253234
532	370	1691.10482266518
534	370	1692.29655343402
536	370	1688.46608498168
538	370	1641.09597232111
540	370	1577.2223188125
542	370	1603.83022877021
544	370	1506.39799636698
546	370	1507.59461736881
548	370	1427.90337675703
550	370	1377.57843043386
552	370	1434.7359607172
554	370	1369.65261525832
556	370	1375.35141642637
558	370	1298.64743600296
560	370	1291.62693299071
300	380	492.514037157738
302	380	472.145398907687
304	380	349.112764000127
306	380	478.750974107495
308	380	478.897076079735
310	380	459.45248313762
312	380	446.58292091615
314	380	390.846308323308
316	380	449.150687316028
318	380	396.946924254493
320	380	384.603490682076
322	380	431.506190681218
324	380	428.993273548726
326	380	376.346947350069
328	380	336.400467051444
330	380	378.368963322719
332	380	351.941894447389
334	380	355.396179312787
336	380	356.766057647954
338	380	302.901572645323
340	380	377.584920958276
342	380	308.473678340253
344	380	380.993515732934
346	380	323.244230098439
348	380	310.311099278369
350	380	341.855207273507
352	380	335.308819027045
354	380	384.522864052297
356	380	355.502203715336
358	380	339.839268485129
360	380	427.120793199935
362	380	443.361930506474
364	380	546.287057885
366	380	770.857963656037
368	380	1103.52492360183
370	380	3535.42911196095
372	380	38628.4914352663
374	380	160862.101235526
376	380	376477.249779006
378	380	580130.466746507
380	380	634801.21756659
382	380	548659.285893965
384	380	335883.582089222
386	380	138573.527534373
388	380	32327.6351122494
390	380	4019.84522346453
392	380	1838.12753785866
394	380	1466.3451707028
396	380	1261.22532309571
398	380	1118.08806772396
400	380	1107.28272770387
402	380	1133.57499630207
404	380	1199.40433251566
406	380	1184.47411801721
408	380	1167.62572255915
410	380	1159.27566214313
412	380	1174.98158357885
414	380	1193.19926015102
416	380	1222.27306164582
418	380	1286.79919769488
420	380	1324.77900402896
422	380	1496.16120262297
424	380	1942.46054385807
426	380	3021.14239582954
428	380	4906.11194594355
430	380	7601.76726988741
432	380	10716.003180245
434	380	13047.9102897258
436	380	13941.2239806582
438	380	13255.176527408
440	380	10763.4035715368
442	380	7711.78706199893
444	380	5235.99768556384
446	380	3510.7301601565
448	380	2609.72140220407
450	380	2281.81121825038
452	380	2137.88526774966
454	380	2186.76611234663
456	380	2090.06236617605
458	380	2108.89218934933
460	380	2133.59500132339
462	380	2149.46639081147
464	380	2127.99183061879
466	380	2180.32156817773
468	380	2245.29449745628
470	380	2194.83282918964
472	380	2188.22869528165
474	380	2207.22218305545
476	380	2198.21587570144
478	380	2143.56793363043
480	380	2204.82184516042
482	380	2160.36366950249
484	380	2160.60866801656
486	380	2150.7978806042
488	380	2125.72975087209
490	380	2092.33087957795
492	380	2121.58327708677
494	380	2030.43754472526
496	380	2079.6495118757
498	380	2058.54969451186
500	380	2023.42348178746
502	380	2005.61167954147
504	380	1968.64533695155
506	380	1983.88524700441
508	380	1940.02252435025
510	380	1937.76998894037
512	380	1899.50807661144
514	380	1877.74032367968
516	380	1870.51214214274
518	380	1805.40612804136
520	380	1841.92457045265
522	380	1811.78770647423
524	380	1731.82786773608
526	380	1748.79768956736
528	380	1757.33255342252
530	380	1661.42946193762
532	380	1707.1999359731
534	380	1594.55138309464
536	380	1637.07526028601
538	380	1566.2829937316
540	380	1580.95152961179
542	380	1529.81216430139
544	380	1542.36334362596
546	380	1501.44803880422
548	380	1458.32340518313
550	380	1477.58704726548
552	380	1414.44145973906
554	380	1382.34959453582
556	380	1391.95375697072
558	380	1342.60871730668
560	380	1314.34117472076
300	390	388.752889436636
302	390	445.484963765598
304	390	409.797478651881
306	390	369.945005535126
308	390	373.668455513544
310	390	325.283650345319
312	390	306.695389909991
314	390	386.615360504482
316	390	294.547940281028
318	390	313.248445258162
320	390	334.514793131999
322	390	317.901243943613
324	390	363.71799498145
326	390	304.96352209158
328	390	241.140842962057
330	390	256.360796540371
332	390	291.545550008192
334	390	294.31776869407
336	390	245.397787097775
338	390	221.190547619953
340	390	255.764997654713
342	390	211.483830448986
344	390	260.82641147066
346	390	190.146740377697
348	390	226.876828345747
350	390	241.17365580678
352	390	242.309282742127
354	390	228.538018854895
356	390	201.398633325706
358	390	213.97711072669
360	390	216.685561916831
362	390	228.988469559749
364	390	265.408344668191
366	390	259.189109796481
368	390	272.555377902534
370	390	285.263059254392
372	390	334.002155241609
374	390	376.44895085483
376	390	478.827202723357
378	390	730.11069798358
380	390	2042.83777268952
382	390	25397.365831347
384	390	112799.380539281
386	390	282751.13116529
388	390	451512.181704341
390	390	521151.337600738
392	390	463494.427261425
394	390	298059.86071137
396	390	120750.982599169
398	390	28874.2824781504
400	390	3526.69957323557
402	390	1610.06304069077
404	390	1210.57061259153
406	390	1057.73964275863
408	390	930.837018788586
410	390	979.627677821525
412	390	965.464295518665
414	390	964.731243166452
416	390	1019.56902645011
418	390	1033.06362381346
420	390	1038.58188317439
422	390	1021.38645098906
424	390	1051.87043715451
426	390	1060.91370508918
428	390	1116.40062266003
430	390	1135.15016504255
432	390	1184.43030412254
434	390	1303.19041520288
436	390	1476.19599113255
438	390	1988.38832465881
440	390	3009.04716212294
442	390	4661.35854692201
444	390	6589.71645712435
446	390	8804.2542092632
448	390	10334.4949011318
450	390	10725.0578029474
452	390	9892.59855428995
454	390	7917.80901564193
456	390	5650.81327483348
458	390	3967.88894203225
460	390	2768.45245323377
462	390	2224.46944513332
464	390	2021.17614400995
466	390	1978.90237554793
468	390	1987.05973897297
470	390	1891.72983861445
472	390	1940.95025262195
474	390	1889.62192885886
476	390	1887.65824790774
478	390	1849.03712407181
480	390	1893.63010720225
482	390	1887.05775602915
484	390	1873.40169087681
486	390	1884.74114921873
488	390	1874.96716648738
490	390	1833.33964277374
492	390	1878.85940360197
494	390	1847.76008315463
496	390	1833.90976600709
498	390	1840.98309397346
500	390	1820.61549247711
502	390	1778.72107570739
504	390	1785.02737245953
506	390	1782.06535077785
508	390	1778.4240128892
510	390	1766.82579997244
512	390	1791.25963284593
514	390	1765.50776169001
516	390	1738.93808962073
518	390	1767.78607815614
520	390	1758.89320254946
522	390	1691.39713657619
524	390	1700.12865172403
526	390	1686.50883311215
528	390	1680.98428916965
530	390	1665.83124817204
532	390	1682.37773588711
534	390	1594.65268728392
536	390	1591.85541904409
538	390	1605.5423564056
540	390	1559.82709193361
542	390	1547.70145248476
544	390	1540.4455118433
546	390	1540.09409375567
548	390	1480.15592108903
550	390	1505.87741407812
552	390	1421.71656075096
554	390	1450.20586502286
556	390	1406.48630956565
558	390	1384.37232021251
560	390	1396.57392307615
300	400	368.106717159156
302	400	333.674739473631
304	400	344.410565620507
306	400	320.730051753431
308	400	336.680352635662
310	400	316.644224717348
312	400	283.691386675843
314	400	250.593110550903
316	400	254.664025610153
318	400	262.184132740211
320	400	239.772601896812
322	400	178.149793964466
324	400	226.550978275032
326	400	273.955893108296
328	400	246.175660099942
330	400	277.906990157617
332	400	204.341243956931
334	400	209.40395035928
336	400	204.884229359141
338	400	196.728644274988
340	400	198.65607400326
342	400	199.987435603276
344	400	175.030699141701
346	400	166.670656734347
348	400	159.79178644926
350	400	128.754375038598
352	400	162.459191371664
354	400	162.99884800127
356	400	182.895698649031
358	400	146.639507541393
360	400	170.011043627368
362	400	167.708636328197
364	400	143.477741700216
366	400	139.675329318591
368	400	153.998105865063
370	400	154.844446462141
372	400	152.614249404228
374	400	165.036625427957
376	400	170.513454148513
378	400	185.224965802522
380	400	199.906864053563
382	400	237.169618472288
384	400	286.583054387824
386	400	368.40426049157
388	400	593.259220232205
390	400	1576.29971063427
392	400	21508.9103806078
394	400	101754.122799258
396	400	253865.068941105
398	400	404839.2550779
400	400	457255.784261521
402	400	385005.548600182
404	400	239100.828583499
406	400	95975.6797123566
408	400	21507.3720494713
410	400	2598.02167087577
412	400	1310.84806278145
414	400	1013.33548461146
416	400	918.745589381054
418	400	829.981880874988
420	400	775.637221281666
422	400	822.455123969902
424	400	848.793004445459
426	400	882.339405359586
428	400	927.945323635351
430	400	936.238407672868
432	400	896.590182226461
434	400	938.012352119151
436	400	992.188589291375
438	400	1005.71670985542
440	400	1040.11698302912
442	400	1063.72614666435
444	400	1060.74528939246
446	400	1134.31508430968
448	400	1237.57889985162
450	400	1566.34550345435
452	400	2105.89662941801
454	400	3058.24245514387
456	400	4552.9412767113
458	400	6329.49056617089
460	400	7971.19159058872
462	400	8826.53489609187
464	400	8753.67568069089
466	400	7653.23978814054
468	400	6052.11772935045
470	400	4348.82165413917
472	400	3099.67467800141
474	400	2321.50268105468
476	400	1958.55457909315
478	400	1852.04064872479
480	400	1802.04922309749
482	400	1747.92516754731
484	400	1713.52162750709
486	400	1701.89557943367
488	400	1695.52177911299
490	400	1699.20553675222
492	400	1678.61518219529
494	400	1658.02970260058
496	400	1648.56825338493
498	400	1665.67273059833
500	400	1658.39999286092
502	400	1663.8398845746
504	400	1677.70354032102
506	400	1616.50389935834
508	400	1653.15437033474
510	400	1671.71412329278
512	400	1673.5643701344
514	400	1648.53349013002
516	400	1695.28911826072
518	400	1651.80918278833
520	400	1662.57848297036
522	400	1690.2506639841
524	400	1661.52099927507
526	400	1707.36960474317
528	400	1680.46461367362
530	400	1688.57007542586
532	400	1663.63288351847
534	400	1684.66995597152
536	400	1703.81717750526
538	400	1647.9853422836
540	400	1628.53883340153
542	400	1665.43406020345
544	400	1673.69821265765
546	400	1687.75164043937
548	400	1597.1278684849
550	400	1633.21715356376
552	400	1637.26125774065
554	400	1622.12735639049
556	400	1578.08413228037
558	400	1592.88945816633
560	400	1548.0469534107
300	410	416.921239240385
302	410	371.009851819386
304	410	409.390956465445
306	410	254.847934534891
308	410	305.052803268468
310	410	399.525596581677
312	410	308.551177556541
314	410	349.521887229103
316	410	256.841079770439
318	410	294.780455694702
320	410	299.143579063398
322	410	230.214456566353
324	410	225.082474314779
326	410	186.352096777909
328	410	227.370543122236
330	410	201.071254800342
332	410	201.516660773197
334	410	180.519737907338
336	410	132.183965526707
338	410	164.659631331843
340	410	170.580938006312
342	410	194.173754975607
344	410	135.530988440075
346	410	144.82547469722
348	410	144.501238920452
350	410	127.61938326413
352	410	118.431476466263
354	410	104.432163187583
356	410	124.540387353078
358	410	117.63356969437
360	410	109.847774265604
362	410	108.737634382843
364	410	121.394750815391
366	410	107.917073800474
368	410	108.926561988771
370	410	116.164035529077
372	410	120.498776356013
374	410	116.037222325772
376	410	111.229500165203
378	410	109.227599263487
380	410	110.862435786695
382	410	118.549732824157
384	410	117.419418857322
386	410	122.2806335619
388	410	143.066962977621
390	410	170.84453889247
392	410	185.757878514107
394	410	237.276753696783
396	410	343.270082181122
398	410	525.069896029691
400	410	1284.12520154348
402	410	17346.8468980699
404	410	82213.6083000766
406	410	211045.335840792
408	410	339374.068134823
410	410	386188.596517022
412	410	322357.066722722
414	410	197437.86741907
416	410	77347.9410422463
418	410	16637.3510668115
420	410	1936.1400269564
422	410	1109.25309087748
424	410	876.82738132523
426	410	771.162340018437
428	410	717.868662105416
430	410	683.986003778089
432	410	700.033733614534
434	410	733.006396191387
436	410	748.568808456327
438	410	797.425499396237
440	410	815.8263514462
442	410	826.512826683962
444	410	862.682015885157
446	410	851.090979334416
448	410	894.280821707821
450	410	933.594014730315
452	410	991.430882106395
454	410	983.036390129966
456	410	1002.39373688867
458	410	1050.00469182098
460	410	1168.14750462477
462	410	1301.01734188341
464	410	1605.76087391616
466	410	2189.00390517694
468	410	3097.01744557802
470	410	4392.51918255464
472	410	5806.76452122361
474	410	6934.14203361258
476	410	7458.6864624767
478	410	7130.82414944554
480	410	6144.9940380388
482	410	4693.15003304299
484	410	3461.07872922576
486	410	2498.15277744943
488	410	1989.1958980791
490	410	1728.95610574384
492	410	1639.43857779884
494	410	1601.85490462473
496	410	1555.55713696345
498	410	1575.4745119205
500	410	1549.10329754105
502	410	1519.38941451911
504	410	1522.1490871073
506	410	1544.13672836345
508	410	1540.19122671374
510	410	1565.47308493041
512	410	1562.91678060996
514	410	1568.78470358513
516	410	1588.12611905446
518	410	1603.42479254829
520	410	1646.64931179957
522	410	1661.4649349161
524	410	1679.52060673809
526	410	1678.3708285992
528	410	1646.99384489699
530	410	1677.55274867853
532	410	1688.05815319157
534	410	1695.56134046129
536	410	1707.04077005028
538	410	1655.01846683656
540	410	1642.65470294312
542	410	1668.54378400102
544	410	1669.45873499851
546	410	1683.98002839502
548	410	1684.40192540574
550	410	1683.66547137439
552	410	1672.12516045036
554	410	1655.37852523893
556	410	1646.53448276436
558	410	1658.2241970671
560	410	1620.96438363048
300	420	338.184384408922
302	420	344.382509573553
304	420	240.630341216001
306	420	249.791862562328
308	420	306.58018215396
310	420	249.281491243234
312	420	202.840163313923
314	420	211.432482067305
316	420	208.319407563053
318	420	179.868755921562
320	420	164.617511723582
322	420	238.880271737627
324	420	222.878805247056
326	420	186.126581823976
328	420	135.469430902019
330	420	157.155471262691
332	420	179.768191528633
334	420	162.344186753123
336	420	118.725673808296
338	420	122.818042931544
340	420	155.325948234031
342	420	144.111488212673
344	420	135.904900259461
346	420	125.800585483264
348	420	120.640391952161
350	420	117.211366496482
352	420	108.637474363239
354	420	100.265521499083
356	420	98.4517756845029
358	420	78.7766873720173
360	420	88.9030200108883
362	420	105.591697235382
364	420	94.4621671070653
366	420	78.1520449407903
368	420	78.9508958597878
370	420	95.0963720037691
372	420	93.285387722479
374	420	82.7874367056324
376	420	74.9441853471366
378	420	104.522884044634
380	420	96.6512055523817
382	420	95.2826710073581
384	420	85.4669550632883
386	420	96.1487709556631
388	420	78.7068373523292
390	420	96.1094571104149
392	420	103.940966840945
394	420	109.599693259625
396	420	106.30378870544
398	420	132.523709437147
400	420	148.405279663206
402	420	180.837098752777
404	420	199.824294722492
406	420	262.555863697854
408	420	442.13786312484
410	420	1337.68869991848
412	420	17350.2247542269
414	420	77183.6409252967
416	420	200338.106042467
418	420	311015.741827746
420	420	350709.877267014
422	420	296823.459179073
424	420	172995.898091557
426	420	64202.8109608621
428	420	13167.1678550741
430	420	1629.78649516921
432	420	984.987573787821
434	420	782.35755234481
436	420	724.723981675412
438	420	665.364024949693
440	420	626.63460873963
442	420	643.117327826409
444	420	637.847119450008
446	420	681.007574248954
448	420	730.716706611085
450	420	768.375162973947
452	420	806.002576172316
454	420	783.866518434559
456	420	832.54833979365
458	420	863.949139648816
460	420	913.795498168085
462	420	937.357414888491
464	420	953.011354674873
466	420	986.817796644087
468	420	1002.38758046912
470	420	1021.44929613362
472	420	1108.44792598289
474	420	1145.63787666431
476	420	1314.95864438624
478	420	1710.22836941236
480	420	2319.74160329821
482	420	3186.57458674072
484	420	4213.18937825055
486	420	5206.44236328137
488	420	5950.15873783356
490	420	6116.50850354935
492	420	5825.94641378173
494	420	4956.62675560383
496	420	3874.58459595829
498	420	2869.50956762177
500	420	2166.55552497167
502	420	1823.39964028897
504	420	1626.02042730215
506	420	1544.70875763902
508	420	1554.52201559723
510	420	1532.19626031054
512	420	1597.12531524673
514	420	1577.26299645795
516	420	1573.13097390871
518	420	1577.29129444995
520	420	1636.40638837899
522	420	1658.37793455881
524	420	1677.72458162019
526	420	1653.46932861562
528	420	1677.7231197276
530	420	1720.65333752742
532	420	1748.21679847329
534	420	1784.40041906533
536	420	1742.14479508873
538	420	1758.63187927055
540	420	1830.5358224078
542	420	1803.93943597367
544	420	1835.99341347582
546	420	1838.40179378916
548	420	1872.67852559853
550	420	1767.69462430194
552	420	1812.24856766122
554	420	1823.03740378475
556	420	1817.79346245652
558	420	1757.65651376561
560	420	1749.17818440176
300	430	240.459663314794
302	430	239.936170306728
304	430	231.184051488844
306	430	246.472608006291
308	430	249.538869326081
310	430	222.40596113984
312	430	237.317867945795
314	430	224.767312425117
316	430	138.464505227601
318	430	221.66246231085
320	430	214.248910117997
322	430	152.934696437636
324	430	194.952352087445
326	430	164.006344432937
328	430	164.539514348531
330	430	154.539153830694
332	430	176.019135252996
334	430	170.824531900922
336	430	137.758566844625
338	430	131.662104919895
340	430	106.923107065968
342	430	107.109395079286
344	430	105.651253415783
346	430	88.2209040224328
348	430	106.396424393737
350	430	96.7909430448965
352	430	93.3292170374148
354	430	88.4418761582449
356	430	72.7051596984058
358	430	83.4479438077721
360	430	96.2150012571772
362	430	99.0763828781644
364	430	84.0080536643349
366	430	70.5583239217138
368	430	68.1434942883364
370	430	79.3599478210367
372	430	74.1972281829295
374	430	75.53191019538
376	430	81.3278639628445
378	430	71.0473310357547
380	430	65.9743536529859
382	430	72.0040864249556
384	430	79.838788879203
386	430	73.389281834877
388	430	84.7983791631483
390	430	74.1864792979898
392	430	75.8741706552059
394	430	76.2533905472645
396	430	77.2295156174471
398	430	90.828143781528
400	430	99.2410807819086
402	430	87.1797457605489
404	430	101.413577071062
406	430	109.138346616067
408	430	110.11857365101
410	430	134.862992582246
412	430	154.416206302805
414	430	195.729442249111
416	430	284.162943799645
418	430	414.545253318051
420	430	1200.92629020275
422	430	15139.1303239789
424	430	71446.7572258794
426	430	178338.524390961
428	430	282591.635931011
430	430	317896.417545372
432	430	270439.475467276
434	430	174625.499724774
436	430	73234.3647996748
438	430	18714.994919263
440	430	1890.44703849393
442	430	908.771524281389
444	430	725.504939739123
446	430	638.427279710238
448	430	585.757209933065
450	430	584.234072717974
452	430	584.806230002305
454	430	607.998766101993
456	430	647.216013714355
458	430	693.985245717188
460	430	715.407696238135
462	430	767.154037141259
464	430	777.162977612753
466	430	801.987313010627
468	430	813.776252539034
470	430	813.204894415582
472	430	873.15934518082
474	430	911.523323049497
476	430	906.922860102427
478	430	950.75701506942
480	430	930.208651716669
482	430	969.845944401357
484	430	963.362891461534
486	430	1031.55607015089
488	430	1144.90849198975
490	430	1319.88699274768
492	430	1615.05768365761
494	430	2156.80834131253
496	430	2842.98770207497
498	430	3620.93166223234
500	430	4440.03581089964
502	430	5016.03365126434
504	430	5220.1393837473
506	430	4985.36764527271
508	430	4289.76742906477
510	430	3491.93547860089
512	430	2673.39705711976
514	430	2059.3660231717
516	430	1790.26797694863
518	430	1661.062401238
520	430	1622.7388781706
522	430	1645.94458492807
524	430	1650.22370128157
526	430	1713.28481898206
528	430	1667.56044689351
530	430	1702.36007365445
532	430	1715.10217246931
534	430	1752.9497109802
536	430	1754.72666249936
538	430	1788.24138867321
540	430	1818.75309265021
542	430	1834.7643867962
544	430	1903.07156059749
546	430	1878.14843471416
548	430	1894.97125340367
550	430	1860.89148996273
552	430	1895.29471229349
554	430	1846.06017754316
556	430	1848.87400798943
558	430	1856.35965068385
560	430	1899.00991766152
300	440	262.45424379947
302	440	226.875669219102
304	440	203.174314190986
306	440	231.618593181584
308	440	221.391846606314
310	440	204.305855483809
312	440	224.306866704622
314	440	168.258982483083
316	440	153.414057934604
318	440	208.762863387115
320	440	180.144974441113
322	440	138.142172402758
324	440	186.509347960536
326	440	138.151404268395
328	440	114.20995239226
330	440	151.608232563565
332	440	112.733088691463
334	440	90.5860608403447
336	440	150.995839432217
338	440	133.309870434119
340	440	123.563109018913
342	440	104.034596138353
344	440	102.749124118482
346	440	76.6257813729219
348	440	89.0511865886732
350	440	90.7069399621517
352	440	82.8234329825863
354	440	73.4105737141781
356	440	83.5174987307325
358	440	83.1782063581302
360	440	78.6311898561376
362	440	71.7628065619893
364	440	66.6613433420536
366	440	61.2310824279564
368	440	66.048328663154
370	440	68.4305091511809
372	440	51.1706554211988
374	440	51.9726141859109
376	440	63.6555733465081
378	440	64.0302851303514
380	440	57.0788517279916
382	440	59.4803251035822
384	440	47.5496068508417
386	440	55.403471091551
388	440	51.398808905414
390	440	50.9164528949824
392	440	51.6920749375048
394	440	55.4588032298884
396	440	60.62750333724
398	440	69.8030745577971
400	440	61.945959322766
402	440	72.5126780772742
404	440	71.5253221412352
406	440	73.7487802815247
408	440	68.4745258409802
410	440	73.4155878259529
412	440	86.9506347772061
414	440	75.8944604265249
416	440	78.6990377727954
418	440	87.374641243565
420	440	123.040137690017
422	440	132.856870618631
424	440	167.796683805944
426	440	235.041074636542
428	440	365.569507684037
430	440	983.737772590061
432	440	12409.470038611
434	440	60403.3673964815
436	440	160120.500333447
438	440	261798.85094096
440	440	304768.532144366
442	440	254947.306339481
444	440	154796.470910537
446	440	60524.379711622
448	440	14416.8040515392
450	440	1763.95178531142
452	440	794.477558994811
454	440	651.915901678271
456	440	585.607744437747
458	440	569.960301847184
460	440	520.390937457344
462	440	539.572928134856
464	440	553.581099985586
466	440	586.726182420942
468	440	603.43303287993
470	440	645.869243500008
472	440	701.178175549827
474	440	727.124073253313
476	440	726.845700943265
478	440	710.761214551801
480	440	726.928273280767
482	440	776.608480093326
484	440	770.791917296293
486	440	815.379876369184
488	440	823.720951260784
490	440	824.964812380197
492	440	854.399308205579
494	440	872.697935642493
496	440	896.823637606369
498	440	928.231353461682
500	440	966.770898495372
502	440	1065.64696963456
504	440	1277.29129854633
506	440	1500.03167335398
508	440	2040.95023419947
510	440	2653.06531850966
512	440	3370.76460398054
514	440	4037.25926353859
516	440	4475.28619877881
518	440	4595.07119229846
520	440	4440.79713406592
522	440	3840.79589943147
524	440	3125.77363555955
526	440	2517.79702680355
528	440	2017.4098821816
530	440	1755.68988826044
532	440	1654.02492205752
534	440	1614.46810300241
536	440	1623.11237861388
538	440	1642.76132317009
540	440	1675.97002685715
542	440	1681.55784349244
544	440	1665.03110708312
546	440	1622.96333081788
548	440	1690.00178793514
550	440	1673.92798984476
552	440	1671.74331239519
554	440	1698.49525306219
556	440	1681.03753550353
558	440	1679.16169452308
560	440	1703.43968772033
300	450	258.544929145966
302	450	197.629532316018
304	450	171.337678938068
306	450	235.034243993742
308	450	215.742790478299
310	450	184.931833696501
312	450	223.430281299867
314	450	180.915453985792
316	450	158.833021569274
318	450	177.361421229093
320	450	152.660931292733
322	450	171.918754063874
324	450	136.479906995991
326	450	158.770873087846
328	450	141.65123273974
330	450	133.078677867585
332	450	103.058704274469
334	450	114.187416335727
336	450	125.527986917346
338	450	106.7870941009
340	450	87.7487524721254
342	450	107.912545331319
344	450	98.555317549121
346	450	77.9410415228416
348	450	94.2730645629096
350	450	69.9658015890634
352	450	77.5668164900725
354	450	72.3537558046276
356	450	71.9187734763795
358	450	66.4237586472776
360	450	62.7033201363717
362	450	62.2093382475377
364	450	55.3751690188121
366	450	43.9097181067304
368	450	57.0908843859866
370	450	56.266451520577
372	450	48.7033027711621
374	450	43.4180226598082
376	450	57.4291557114591
378	450	54.0742114503738
380	450	43.463134140944
382	450	41.4564613186983
384	450	41.0895902880206
386	450	42.7286977209333
388	450	45.4307228492225
390	450	42.4494078072994
392	450	38.3092073118714
394	450	43.7136239512178
396	450	48.9324076778262
398	450	45.5264541157106
400	450	51.1932815510488
402	450	46.7279430687932
404	450	64.0596403061638
406	450	46.0274572691143
408	450	54.3061034193617
410	450	55.7256929917757
412	450	60.4193305395942
414	450	51.7650127513187
416	450	54.1473064262892
418	450	60.0484873057122
420	450	65.8374003019872
422	450	58.1753525309092
424	450	67.3784760520285
426	450	83.0449717821672
428	450	83.4062589935306
430	450	95.0534053186946
432	450	111.292354170965
434	450	147.434471036286
436	450	174.084788841252
438	450	295.549326832759
440	450	638.568332739032
442	450	8653.43256414917
444	450	43398.3044104978
446	450	128602.507574246
448	450	227798.251100927
450	450	280739.632333057
452	450	243301.559131137
454	450	148585.776845588
456	450	56024.6119197671
458	450	12037.5231127763
460	450	1440.98798750928
462	450	741.166299151957
464	450	627.310993435479
466	450	585.157585439708
468	450	546.53040672184
470	450	509.85498133898
472	450	517.236960120144
474	450	505.147342690114
476	450	527.559525010771
478	450	577.678939099435
480	450	583.228117107496
482	450	607.178711385042
484	450	626.183343782972
486	450	646.485144737747
488	450	677.578591220494
490	450	664.523912940369
492	450	691.569224175189
494	450	698.089964293645
496	450	735.738533552655
498	450	745.992580778146
500	450	785.435228112765
502	450	799.462224823468
504	450	815.072472163569
506	450	879.037286396877
508	450	873.876612163937
510	450	956.330618232612
512	450	961.319751608816
514	450	1055.98594376299
516	450	1188.17445096973
518	450	1360.94658431117
520	450	1623.39554006596
522	450	2055.5691011163
524	450	2621.62804568191
526	450	3238.00592065562
528	450	3714.63720790023
530	450	4073.23102259053
532	450	4267.49565421023
534	450	4084.24666238101
536	450	3533.05280278447
538	450	3016.61396176036
540	450	2473.671829304
542	450	2066.67572729134
544	450	1798.36527581037
546	450	1718.18168773376
548	450	1707.5681765037
550	450	1654.28726087039
552	450	1686.9360749644
554	450	1642.74967981516
556	450	1654.41011171246
558	450	1656.74014809929
560	450	1609.32244750449
