Wavelength	240	250	260	270	280	290	300	310	320	330	340	350	360	370	380	390	400	410	420	430	440	450
nm	CPS / MicroAmps	CPS / MicroAmps	CPS / MicroAmps	CPS / MicroAmps	CPS / MicroAmps	CPS / MicroAmps	CPS / MicroAmps	CPS / MicroAmps	CPS / MicroAmps	CPS / MicroAmps	CPS / MicroAmps	CPS / MicroAmps	CPS / MicroAmps	CPS / MicroAmps	CPS / MicroAmps	CPS / MicroAmps	CPS / MicroAmps	CPS / MicroAmps	CPS / MicroAmps	CPS / MicroAmps	CPS / MicroAmps	CPS / MicroAmps
300	5939.58235336236	3588.67115219426	6108.85087847991	40509.4085434022	10049.2248708542	4123.73069413549	243416.197531686	1237.89669910433	179.945159570088	121.5844112505	90.9778015418331	73.2876183312068	68.4394753186847	64.5372201769919	56.5598676663047	55.7546088815114	41.8284971975971	33.8291834886363	35.7742830446202	34.7569295447094	28.588781725264	27.8927844946305
302	6329.39399753837	3908.24824464808	6072.95090554486	30151.3030821633	14646.5669549785	3223.05584787219	211592.81629486	13218.8606434405	209.678919904563	115.536449376276	94.2009425494129	92.6895265697707	83.7289157461654	75.0098274090609	58.0799336683269	43.2122828322808	40.1935452905727	38.3821624544929	27.1093595104177	32.7967080548149	26.7064318209475	28.4603187081567
304	6622.12822436545	3904.52940300372	6421.96933892072	20591.2294045589	23204.1516554067	3302.84626915595	128941.552658615	56439.9153663203	217.570264643084	136.239344582169	101.242034868558	90.9515719967995	83.0068292420359	78.4061598057428	58.6699867777715	45.594613729351	39.4689006041534	36.7868958519208	34.9322393815689	29.9309555876741	33.6143700417556	25.0607544091664
306	7303.4263588461	4704.75864440032	6792.57527555184	14469.8742420987	34638.4467229729	3561.58995611595	53134.2977741731	143288.918296587	294.919711166156	158.080203638753	113.125444386991	91.3480966569994	76.3862619120318	75.393048545459	61.4038834062283	49.3391260242842	40.3813041601122	40.1812774479146	36.005170686711	33.2313494970161	31.711324496356	28.2588661340242
308	8192.13449758174	4795.96598022669	6746.16752148091	12141.7756807874	44274.4894345525	3647.11766136445	13332.8355357931	233479.104859081	427.12787081497	170.117208912564	116.007919355789	92.3345351736091	85.4560786422766	74.6638586098454	57.7903776465522	47.9974496680672	46.1130099934482	40.8184506814987	33.1869346884609	30.8116291991827	28.1614859107768	26.5711743789217
310	8013.92990348792	5119.49035280672	6958.76764857411	11476.4349608648	46272.6102191991	4211.9111764321	2677.7266261333	274755.487648141	1358.9025197638	195.631610996736	108.908339046964	86.2453488181551	72.5799020965078	83.8456559780155	57.759984166936	43.4678862306976	40.8582269269863	38.5530202750278	32.1038555806456	32.9894923175237	30.6555246073	28.2551696220948
312	8045.8677375722	5303.85275475129	7280.75269848585	10886.8832058646	41352.9703061121	5569.36135481142	1937.44179871289	232564.655460656	14801.6651980629	208.081697313761	113.146335164757	98.1984375426001	90.989926959142	71.2902672815648	61.706686910817	46.1511760897781	40.4134060135853	36.7530322312379	35.1210650318172	33.8766882928715	31.9191126476694	27.1293072056763
314	7866.54735729864	5363.47998338453	7434.22469005549	10887.1579574154	30990.440239184	9451.87502580677	1839.84988518871	141594.434098889	63556.5972870403	258.815621943305	135.973293232288	108.111675762582	92.4064499373092	77.7504662365481	65.930124717061	55.7258049092323	47.5783721909468	34.4758389067763	33.6372991090436	31.9021860045944	34.0060481806736	29.9520254256105
316	7905.73391786613	5532.73580051508	7213.0954072111	10463.0322026799	20865.4794185424	16637.9922015235	1910.78780595674	54863.9437455856	161665.706378842	334.284448461711	145.149048250985	111.078097015972	97.5820948539979	84.1823223896028	55.6530088652382	50.4379181469045	48.2852781970396	37.8790993546893	29.510187985819	39.7928647981058	28.3894383932389	28.0778159857915
318	8107.08203083252	5997.73009928175	7753.44329991635	10433.1320585216	14554.5327250585	26677.6044461581	1811.71911590917	13556.1236179535	263185.29629968	435.529438295367	159.126165607574	110.384420537947	101.782143780784	75.0727172807063	70.4463668869939	55.2175923631928	41.5979187667628	35.6401468475262	31.6615047943884	35.137026137088	27.5471077696545	29.007683891798
320	8165.43457225868	5797.85005016588	7539.6151659689	9807.76756564328	11216.3144881282	35398.7272182956	1949.12069022187	2350.57210152005	311330.524614454	1254.7773673636	167.940205991432	125.806666819709	98.9477486749005	84.5268098675813	74.7129679580613	54.1772325227027	43.5147895302148	42.2091952576897	34.7322407777196	34.9624631423477	30.4888661135747	25.6160758110919
322	8134.17007067783	6384.21379491214	7270.04341087553	9769.82601274593	10365.303453702	38267.1684914644	2209.31429712928	1579.37852870065	268672.420351416	13655.2662148608	194.213763417046	110.417548892033	98.2926100257698	77.4005907073811	71.9842397642674	50.4514955692351	42.5468744809575	39.9456692915701	37.5244725308182	34.9387694530892	29.6375229173952	27.882418275068
324	8644.41784106661	6166.58935106381	7319.1776299687	9735.89351189196	10044.2483680684	33616.9423048538	3324.36683801187	1442.54634223886	168372.911836943	61125.1584240539	240.365985741356	142.082068032969	112.90946285717	88.6119814618508	66.8419064122547	57.3612267016925	47.7789667629149	41.9960839953563	36.6747804852253	37.1343934395276	27.3377479893745	28.2626073612232
326	8362.6393632418	6211.35127438962	7299.78215590576	9479.42814283981	9670.37745559775	24916.8099322218	6393.13101586695	1378.22619728878	70134.8075563513	158779.580560688	311.765048160969	138.72188551366	122.992315287656	91.9492949048732	71.367973413727	55.7493602550444	47.7688415414058	40.1453409699123	31.4655320457874	37.8096340489362	33.988338802776	27.6863891210418
328	8471.45686553548	6379.27141608693	7092.45837986528	9058.44146997559	9146.22099942834	15933.419392938	12650.0877812907	1416.73006287261	18125.1260974155	271371.091842693	413.126433531983	157.12708476896	130.650363390805	99.1571719201027	79.5449434444928	53.8731769135851	48.0036711611383	42.4505734382033	42.7398718949191	32.3349535801849	29.1899666899551	31.2837289162049
330	8158.99833047042	6343.58686879851	6922.50312682814	8754.0673543601	8915.12905055823	9470.18567066477	21151.0229201062	1330.14978589051	2760.48271715913	337329.139452138	1299.00228446136	183.636643215813	122.640309052271	96.1270540958823	70.1645248168973	68.8307214806948	41.5945765347176	37.9084179766999	38.3933460393269	37.1518298785708	27.3305424848577	27.3077456541856
332	8115.93278112718	6225.69776565624	6902.96880782278	8431.31835533429	8738.62381638461	6475.02389794493	28934.7547112746	1317.08992054354	1582.78447070132	301929.977959658	15273.2155919667	199.68555249581	141.409416639957	109.700254149172	77.6884146395677	62.170784452799	48.4951125426914	43.8058889229555	42.7241542614559	39.7943729540045	35.6822667193721	29.0080309277458
334	8692.71806024387	6789.09107532778	7168.54242522863	8085.30709632656	8398.01140910656	5184.02149978923	32366.1221566247	1466.66659470604	1381.47680427723	201632.624536527	67178.6530211345	231.466598427382	130.313554728681	109.027334804058	78.9254825540321	59.788395829592	49.1961423491085	42.4667945822604	31.8608359901148	38.1930039608161	36.9519602487893	30.5274022854857
336	7691.66540316272	6396.53948217999	6718.42509500399	7808.7252180364	8008.47368482427	4982.73962492699	29578.2396276993	2279.0341258875	1292.82606596126	89038.5842826051	173038.540702097	303.183429683533	162.599158287714	111.710641452122	75.9485015196925	65.3668118030114	51.0995148890678	41.9922424632261	39.236938674845	34.9512208134988	33.3914132172293	33.1452339895762
338	7852.57180004483	6340.86000789129	6562.04324624602	7576.2380154528	7813.76122525978	4908.25899213168	22300.2088207746	4986.9049598759	1293.16561066632	23578.6995335623	288485.321761071	437.291328723074	156.952448391793	125.707214208978	82.5243808638619	65.8748252987621	53.0000963434736	46.9653946807914	35.5615896993978	35.1833560942234	31.3211712879024	28.6348842351411
340	8017.91605038076	5968.31258963475	6281.83135197028	7179.00994067215	7372.62087586307	4746.57409098385	13598.7252231144	10553.6263631437	1252.99616740951	3271.7987630453	342808.364921803	1224.37184988783	172.661023508095	119.147321271686	91.3332514639064	65.6193764615639	47.7798249578643	42.884899385178	38.3681305145659	33.8549397982909	33.1827170114242	30.7185349058956
342	7079.26941227905	6267.94951279176	6124.81927442801	6699.15101242797	7184.37021582834	4585.11343158689	7348.25008631855	18402.1322382389	1251.12988863393	1573.22080072279	303547.889129927	14747.8041891219	197.688422162223	134.803530825467	88.8837168154952	65.0607662743029	51.117401102105	50.3714084444923	45.11186086124	40.9052154108295	29.0126130896874	31.8518791015065
344	7329.52344130479	6137.52853967644	5993.60892209628	6554.2711598509	7007.72242851835	4457.04539579933	4049.63426751612	26315.5961723037	1242.6365255075	1346.06399954437	191103.811569725	69430.1615182573	246.75087794244	133.090749062777	92.8517563542756	68.2849640157587	55.6202661374089	52.1998367155176	40.5651467303688	34.5254875519829	35.2754231310413	29.3938957553486
346	7122.12413857282	5885.89298495091	5802.11991021122	6327.66380314465	6715.0216408651	4312.13725272143	2922.74490076355	30634.3090675058	1412.91907968594	1329.25627684096	80011.8212077921	182917.118426267	312.86043121726	157.884171467435	98.890813408792	73.374850166513	57.9736724634939	47.6504886321931	35.1384440720776	35.1841802450037	32.5532974588316	28.2791323467247
348	7148.12742131486	6047.31003869836	5707.26598948982	6230.80327726605	6467.06486284937	4188.18374040436	2620.46861836592	29037.252209674	2116.28201036325	1312.87294385398	19691.3318115301	303990.164040972	471.914585355863	170.75499067461	102.194398347708	79.2741265680232	53.7130827030798	48.5178560432028	37.3093822258534	35.8544853178769	33.8178580760668	29.1888027086071
350	6660.55354829243	5596.21141456092	5544.77613234349	5976.6369773013	6042.90712401535	4305.01303964453	2513.51876522096	22504.1101826642	4381.92152928347	1305.44189674641	3056.26769690777	356248.031609955	1568.06315784505	185.971250292935	114.295409970525	79.5369580053451	52.9716295108455	50.5123344656045	36.4391104963382	38.9048356931885	32.1504068827648	27.3346402638827
352	7127.86506691942	5756.24230078126	5409.78290912105	5700.89894199787	6072.35272080565	4298.68570174089	2450.61343825538	14264.4168370894	9138.13338657763	1322.36344826055	1612.33121847091	317053.328737306	18000.8831345322	214.517481524378	111.949040657406	89.4092091059261	62.9707197602486	45.797560062711	47.0734377668574	42.1674830596556	36.7304591879167	25.6266128005119
354	7290.48233009456	5729.47184867314	5197.75517188755	5657.96105565764	5885.30851532621	4040.08405348217	2481.94940275525	7617.90629528348	16851.2808234909	1363.95350149615	1429.51553813222	198799.699557385	82649.4203268674	251.547934780538	122.719994317056	84.8446723654205	62.0165509959777	50.5945950763898	42.0725666596742	39.9817832462222	32.5528272917534	30.3246738106171
356	6725.5277345712	5628.42500790002	5231.46188518372	5389.28452917595	5712.22840834372	4222.16032333789	2629.98559368114	4127.04158328582	24845.2267666863	1384.75716302808	1309.52794994428	79860.3909525342	209856.147607726	353.120897396736	123.43822736591	88.5590778804441	60.6234017375486	50.8416950660263	46.6410069554235	36.9231090084585	33.3865046642278	29.2254441780741
358	7099.51805522344	5619.11158226205	5242.01994922317	5372.42464062392	5407.09254307099	4179.98919142741	2777.46749967	2857.076716498	29672.7027641836	1546.29738662299	1356.34188517738	18940.1725270138	336405.824705314	538.166953228166	153.976052798838	83.3015037790276	61.5513537280668	48.574791038209	40.9847821096101	39.0994102916886	34.0078126209832	32.3994248423178
360	7850.22485560387	5722.43201777367	5022.63675731333	5210.54246424311	5339.99319169374	4324.3147154421	2879.43385091693	2448.3059117236	29676.0266290769	2137.2693216539	1379.56683842098	2746.03419398869	390856.260030288	1892.22511376698	160.887663061797	95.8418092916068	70.3659062558943	56.7092970790893	42.3009525663224	40.2124022728364	32.7714944417781	26.1897855375764
362	7659.9593817912	5650.18498803956	5188.52295854062	5268.99934264794	5274.83001875991	4309.49054089274	2986.78925629548	2497.69967296873	24120.0016495903	3938.42254660273	1405.2368976208	1668.59430117157	334592.673346579	21347.9083870391	187.376660764973	109.7147129045	71.5743979392162	52.8774687414395	42.6942846786118	38.2607340999036	32.3515315220065	29.4050377957166
364	7674.40277879415	5718.65842543721	4900.92120002067	5186.99560156627	5071.25523247766	4298.28992567863	3278.69473402555	2602.57181319235	16533.0921630389	7928.74322074882	1399.75927421859	1417.37810126155	202241.276092115	91125.704568941	228.480500382608	111.840406007621	76.299900261668	52.6428253574919	40.9974891720805	40.6594786245178	40.2794148733754	29.5895449312121
366	7799.82411248037	5688.01370979401	5102.49552432424	5026.11748952672	5167.26672367155	4480.04063223673	3351.83706146426	2737.13516946855	9663.3067950101	14260.4938328335	1527.17401387361	1326.84668410955	80006.6943423449	223143.874307224	305.422386646307	119.53603244283	77.4367856355958	54.9173830621137	45.9646090798229	38.6942658217996	39.2684017908564	35.037886672637
368	8027.25492677272	6116.65978692806	5068.30379870827	5053.28034621971	5262.57988983932	4615.37950249795	3750.27104556143	2999.40254220775	5584.43996778	21588.8647568874	1587.41609389576	1413.42803543035	19423.2613658314	349515.382627069	477.568040366932	118.752736938837	75.1264602419685	64.4662979569793	49.4352175548298	42.2023924072072	38.8189980336948	35.6074724715007
370	8482.81535857962	6076.60228866509	5120.4525849837	5333.91436220842	5211.89599418792	4903.48148023715	4129.11937052934	3356.40525143367	3756.24102786024	27843.5466462147	1775.34584240912	1444.60441550269	2889.46141443085	403668.331912275	1752.29812717707	133.98713067389	86.9553849081994	63.3424255758995	52.0294763252783	40.6352473942014	36.1281559217444	33.3542551380927
372	8953.00312274418	6058.90746104669	5491.25454753234	5164.92301347077	5297.7390498352	5092.42166043967	4441.37791147135	3642.8166606581	3353.25838295204	29216.690714	2242.01230569351	1515.13961068099	1760.19194465907	339026.118297288	19746.7428430518	181.900474505926	88.4379341815532	61.2553099621292	54.2319268151063	48.2929147063192	32.3614510024612	31.8334122880055
374	8463.34670478426	6529.59671469521	5341.68037730517	5315.45758309935	5419.09340232605	5554.11658012369	4844.99919628001	3960.73885844382	3328.72499346664	25626.0983948372	3450.3503044598	1605.48578154162	1508.40969037428	205291.642290145	79500.3089443925	202.282872532035	97.3188434045752	65.8365022881711	56.5914086968378	44.5618910623956	35.2765948921632	31.4638542370462
376	9085.79056296897	6763.44366786864	5613.29225106871	5372.16888864648	5811.93390075931	5843.59548789271	5326.22945231429	4461.80155937649	3472.62474628834	19090.8468621296	6499.15175732984	1609.22730234271	1418.4562500938	80156.6750964893	201356.001618785	273.809469487118	116.42788286724	61.2960388848989	47.9453249437056	45.2338629239742	37.1563014594294	30.1507193413442
378	9791.6880802191	7013.40536033992	6030.32896756749	5426.94237018932	6024.22219530808	6106.47633787824	5726.70014586609	4781.90822390817	3655.68404435474	12433.6204678629	11596.4370135017	1718.98280600118	1435.98042812796	18897.1195990805	307623.645600198	425.16556161289	123.13057751285	65.3547795433387	56.8020684746032	46.1028698700105	37.5813223553111	33.9258630382825
380	10341.2397595758	7297.27089322777	6069.63409928957	5675.5514507662	6229.46915248447	6528.16261230148	6262.87060454103	5252.70811767916	3908.96662505615	7568.55499456089	18255.4249654874	1800.300392262	1526.55064175098	2913.74211197155	354992.271897923	1148.2719815999	133.47517548531	76.2627398188902	64.3913948128477	47.0005298674528	29.6346530061226	35.7930861546647
382	10675.4118681373	7324.3415570695	6372.65006302007	5841.21152860987	6481.46867688725	6860.13354255491	6810.53180861829	5598.47513012794	4212.44027790712	4992.00495899113	24593.6109694602	1905.10137001192	1632.25327919188	1845.86899009191	313095.492364822	13420.7867820288	147.0644780725	83.958269250083	64.1903137290409	45.8804401929793	42.5717605801855	34.3131996047686
384	11632.9553932731	8073.70067511962	6702.15490185212	6126.8034693828	6695.0469212935	7206.56454686334	7169.34049516182	6096.55624201781	4551.31640455706	4193.055801326	27505.9275714084	2230.02576452514	1653.445474005	1543.84230884792	196826.729903837	62881.711720784	171.084334050477	89.8316591234442	58.1402235595004	49.8420886761378	38.4075120490768	34.8621524856187
386	11342.1882620574	8593.57682595536	6813.87495570018	6239.48804437224	6989.36848342003	7809.60776098756	7684.67822744706	6535.29074304967	4963.68441029876	3912.73461132242	25992.0042615501	2978.36583036227	1702.37957951237	1385.00369221843	80831.2760511128	161508.76105977	230.325726074109	85.8587798389349	59.2424912815835	55.9362144123834	44.4316898636173	31.6397002489408
388	11173.1932234065	8829.73241026806	6768.1278165492	6363.26512342903	7016.34905060913	8081.20324578467	8164.99005179117	6936.73139932333	5125.24366909816	3990.74287458615	21012.9095248194	5136.56422100419	1755.58346868167	1338.73426136963	19845.5449193185	268409.679275077	352.143548374757	100.776409510353	64.6557370128994	58.0609013315867	38.1909415832898	36.392820382156
390	12644.5060361145	8816.0994523717	7267.48874845227	6565.803936595	7294.14108633875	8444.48661659609	8756.3369074018	7475.49045661621	5402.05671991911	4118.28236779458	14502.455363095	9003.37279294266	1831.51330853853	1423.65493538387	2881.99460080072	324044.040563324	908.368802214871	115.74024026318	66.3366321484889	57.9175792633247	44.6597394786335	39.568987551431
392	13131.3674086455	9183.4746412948	7105.3599878572	6829.17738272896	7801.44325059391	8864.73481586645	9120.61854705496	7759.72736000879	5773.07013938412	4244.89064756897	9267.9691922827	14441.4605651926	1886.10636189156	1479.08834885461	1567.25730307101	285738.026566	11476.8961255147	126.478586124131	78.0905590323407	54.3580807624513	46.1144005224549	39.5953561180042
394	14516.1875970915	9194.1714437748	7455.82648683385	6754.17432261191	7756.8321023866	9139.91010542936	9518.13751347062	8327.85114646327	5959.90842808133	4328.64104628234	6007.13676360385	20432.5424765149	2018.24216554542	1649.64095663579	1336.53798834504	185125.477412247	55449.3389553143	148.448023811126	76.338734136861	52.0896098323988	48.4245278186684	35.0426535553897
396	14111.8079596924	10268.0238074383	7843.1574079661	7096.80800281763	7895.0257612617	9562.94602092316	10025.0847645915	8603.32862766461	6301.01523111353	4629.36597731541	4600.90972307412	24342.0046853412	2182.77195220198	1613.0357552042	1158.66978791674	77822.063337609	147261.231815633	222.853309963264	78.2849902134455	61.7184650037652	46.1242596589985	39.0182671757939
398	15917.1103815848	9944.73121098317	8098.66857758251	7105.45308255187	8181.01337420672	9684.13364618811	10218.6124118219	8871.26166588549	6647.37029569372	4821.39975193304	4178.33024533026	24978.4119256365	2794.79111136063	1637.9424725171	1142.76482709129	19526.825851984	245961.515890286	326.152259672248	87.6249023476935	65.5251131835132	53.405207982769	38.9954603511716
400	16282.1406705138	10096.0525761487	8432.7612526535	7339.75916801138	8379.59706684543	10151.4501766299	10542.0999224904	9271.16297862482	6914.12157775349	5090.55502369506	4104.63917471845	21776.9623242259	4285.77186382212	1678.17310655711	1177.09583030894	2540.50207663762	293032.742698501	809.65478902763	94.1012662888411	69.003104949473	46.3353104446862	49.3475296165674
402	16078.4261431665	10841.1915024422	8155.07337032061	7595.27453997408	8522.95485254135	10355.1377240361	10914.0426695565	9723.94413860554	7262.18593989482	5302.01064781806	4121.37118260846	16018.8380558794	7220.38115808741	1795.86724551845	1222.27936611904	1348.86323850851	250030.471294672	10717.0407171015	122.951624988515	63.2453536784421	44.6492791918661	50.2884204119653
404	15805.209954676	10844.7078510756	8671.32028927908	7554.89785206612	8629.30594530228	10424.6517194499	11113.5748696892	9906.44232665897	7480.1067245865	5440.17671771428	4276.23231433075	10640.3852068524	11865.0862543542	1865.21448923026	1273.92145928414	1138.52465468574	155450.904593198	50534.4239405217	145.777979068313	77.2268991411112	51.9666237721862	45.7589396853143
406	16751.6392734996	11465.4000734413	8449.17177675111	7910.00730379346	8839.55620185024	10712.9797692735	11495.8499859587	10136.7019639076	7592.65567082607	5766.00062820422	4357.98217809312	7013.46504711976	17430.780153155	1969.56323376707	1413.97092100273	1029.28277368549	62082.7087605784	130075.594952492	199.466349121912	79.2938247125761	53.8624456057982	57.4536557453746
408	16047.7079464193	11632.576697507	8599.31854209609	8132.48677407432	8978.36909183902	10897.0929143165	11652.6871444285	10668.7710553006	8042.15724248411	5930.0945812827	4572.74650158667	5079.25729129155	22062.3760693807	2160.29559573478	1431.63231654099	980.824613869838	14215.4501504444	212171.005252905	301.924932061317	89.2855762539029	59.7038284655767	55.7929712596641
410	17356.1383267668	11906.3532369391	9286.45187890792	8170.04382587943	9128.33270356881	10954.7999087722	11874.4435588266	10714.2541204847	8168.95599676145	6105.24504858195	4720.28955857227	4379.43381264047	23375.8703060819	2576.72145312672	1477.61417972481	1026.00624290924	2005.52824784061	249598.790763363	862.576825734142	97.9300594001258	54.4715149677395	50.8954615018608
412	16914.5156882605	11531.7663021779	9645.64103669357	8138.99501352569	9088.59011939806	10819.3500532224	11938.4393162642	10888.8368770664	8376.09695686996	6415.97537636029	4905.98592249431	4185.14528790469	21688.1546755894	3644.92365253709	1576.92553403361	1059.61319600837	1164.68564090013	213405.782890537	10901.3960790193	110.860088144029	54.5039618038148	50.5063597866344
414	16934.7251022831	12083.9508213859	9577.77269532457	8170.40424546052	8957.05442241063	11004.2025966036	11909.5266743675	11152.8673591202	8612.59917391301	6421.19025638831	4983.03373413865	4316.52692697411	17430.7629354242	5728.90405559868	1647.42309871675	1159.80090275659	978.829454621554	131650.033357601	48838.3783851187	137.579700699021	68.8727009736419	51.2386065335509
416	17607.5130469548	12196.6895986767	9831.94426088584	8508.22188214139	9273.78939627136	11146.9968479463	12019.7250800504	11163.3637424091	8699.16008476644	6621.08514000413	5263.24912863966	4426.85950020491	12267.6121695854	9197.33848244735	1745.9205485649	1219.01916144544	875.459380299552	50300.9705520474	122662.74538224	188.02667196589	73.2747678680072	55.766423494427
418	18258.9554331652	12938.7445594553	9927.72639240487	8566.87412405184	9013.24211283376	10921.5477024521	11943.5471267644	11134.5596665809	8852.85491665009	6867.74694710487	5414.73184838264	4459.19764422774	8186.62124596175	13653.3466212191	1791.01909244106	1302.00030442501	873.613498518031	11294.3918923508	199515.963108306	277.841291871938	78.8806053518575	53.8662024234923
420	17541.4109291205	12629.961557458	9959.77718282559	8580.51158748264	9213.91337863527	11063.9493501741	12077.1601907081	11391.8785873828	9078.87102601149	7016.38348469707	5506.11086992176	4475.15858403653	5845.27532829653	17883.739036423	1946.3317525803	1334.13986749357	892.264815877112	1543.15910807004	226955.849463992	837.314464480004	85.5925796292614	55.7574509579788
422	17159.1122703449	13169.4476543093	9782.41643240915	8416.73348635735	9131.3718553103	10940.6476734944	11957.2898597193	11400.0492784335	9181.15817475118	7195.85735605791	5755.38676813827	4786.74867201081	4730.94807321811	20702.6006467342	2229.03546693211	1353.0368302625	959.100742272239	991.910640226732	188412.017424325	9897.10333629716	109.140375474438	65.7721628139133
424	17186.3803388385	13049.3029158732	10161.6219694381	8759.41707365373	9146.62335272751	10823.6631247036	11835.9663980241	11499.8841113312	9337.97978690067	7324.27866495123	5918.16489824813	4860.54930706301	4560.97834633145	20438.7745497375	2781.33079159178	1397.71730706557	973.973497910083	856.099413293189	112928.957620944	44305.9158005248	113.752627614667	70.1364157262397
426	17968.6704294196	13789.261068005	10355.9721779884	9028.30519573775	8870.40402442732	10824.3722914966	11806.7963699768	11426.3290169441	9354.59622528402	7445.05026454058	5966.27683283075	4993.14702141396	4520.61283568175	17682.7481775114	3974.0011202369	1540.21017394003	1045.60613026042	803.393595772268	42815.6618913792	113458.391980222	177.881469145155	73.8775354917684
428	17787.8909706188	13822.8156660886	10417.7784828059	8812.29311193441	9158.32742845808	10537.1943848449	11758.2668585111	11357.5451309614	9476.86241774668	7724.18381271444	6109.54247365766	5100.6771468399	4528.99350118806	13413.6758707314	6085.50965283585	1620.29677379209	1093.09673077719	744.098335984411	9395.34245205228	182952.775733508	243.510224673399	79.2095433974785
430	17124.2501333928	14006.921352898	10856.9481865644	8549.60108751722	9072.71915922951	10523.6369069872	11590.2706465772	11298.3415861294	9512.83677209548	7667.51677339542	6374.84504004741	5323.29116931484	4682.740470629	9538.34038000165	8987.20894990553	1673.47732684508	1158.19646834912	714.359324109468	1318.59109736979	210055.151106511	701.382368831852	95.5527497401447
432	17985.9417598589	13914.841556362	10639.9014808563	8714.38337318303	8996.03178435525	10454.8036334562	11365.8620282358	11273.0225870072	9641.45820100629	7795.19136904896	6380.15708267281	5397.01036026752	4833.2882733947	6732.22516882266	12369.1284994208	1794.03195428079	1220.78660186688	758.462121032468	890.991720929086	176983.242763866	8701.97238330467	103.099594545457
434	18219.5780460997	14079.0533718665	10854.9403169937	8873.65705671373	8862.22409362489	10141.7608027608	11317.1071860428	11028.5584884651	9644.47140696138	7773.62339998823	6504.08454683695	5500.14103415606	4883.72262443713	5267.54233676809	15085.1482440502	1866.77392563456	1245.74916807181	824.722381860195	737.06837437718	107993.405817449	39327.7665555835	142.966105092897
436	18036.7838818289	13997.2507360069	10760.117581499	8993.40386265217	8802.74829729827	9849.18797280749	10996.1584606913	11080.486849382	9602.31418283448	7813.65152250457	6614.85662801232	5754.32732292542	5018.71360260625	4663.77510765095	16419.8909780062	2213.5398414423	1286.54402798817	870.126049550788	673.377493358052	41118.9333972864	97838.8878324566	171.588712425949
438	17582.0284557611	13787.6374180447	10877.5717505234	9023.88531605208	8710.53039409922	9863.00380477547	11007.3553611324	11013.0897741409	9713.2751228868	7966.1970004925	6772.7604262504	5729.97739072387	5147.59727429854	4576.24771300933	15554.0796788682	2829.14400515814	1364.15481385162	926.897726657372	655.808391781187	9673.55007795542	158543.735224197	273.57370518296
440	17333.5439398987	14351.5976431904	10808.2144957659	8990.14981418918	8458.15007403849	9681.8730186273	10769.4421525183	11065.1734555952	9508.0876675967	7906.29931665489	6768.14273771275	5758.67443192095	5252.73422309899	4606.72248460128	13171.5785230761	3923.89729839689	1404.94160784169	1006.49236864502	651.136288220326	1292.84672096907	187120.500112592	529.744454912809
442	17200.645778882	14361.927905706	10789.8581408018	9125.55723926075	8486.38781086853	9534.56907610047	10604.662373903	10703.9838697489	9630.99768195419	8089.06568973699	6866.91747581824	5900.88563412251	5346.19858913747	4681.59137046257	9905.85940826655	5756.31517689129	1551.22952814279	1053.87233492605	655.5701220136	800.900534912166	159972.816537226	7551.37406331678
444	17009.3533954341	14156.7645701265	10796.1725334258	8983.52568698442	8387.48964127533	9225.06816954389	10235.2169660644	10381.4661947896	9469.66773171619	8024.7818679435	6844.70250342562	5979.46114662586	5544.54600473517	4694.10281610248	7201.44028830152	7965.66853244365	1564.36022833332	1032.35108485766	693.704446806293	652.638045254515	98912.567710193	38016.1976816867
446	17088.0736956451	13479.7124275558	10872.8090983651	9055.76393182538	8417.154585389	9155.75840805846	10100.679917178	10396.3691103841	9502.72607883698	7999.5630892528	6877.30072528063	6028.32064580814	5646.09048622958	4800.0360487219	5387.30876832681	10479.8658863144	1665.54999495403	1109.61224040927	744.017940796182	630.437478526213	39611.9777990275	101745.814156815
448	16288.4124732658	13794.6302957895	10694.6588387462	8815.27624606806	8237.49921564933	8830.79601705479	9901.69020051555	10397.3784423441	9589.14856803272	7995.69336861344	6909.96136546088	6173.91148493426	5643.60343915539	4850.99660652074	4402.10253963158	12107.8122614684	1830.14077386557	1169.39586858815	798.852580671239	584.948575973664	9855.76504155657	168591.508046406
450	16710.0710190372	13399.2251389568	11202.3326737073	8733.97221749471	8088.20933819028	8771.42382130123	9706.33434683091	10306.658231615	9347.34425414079	8134.50945483466	7026.44069701832	6144.59886503158	5708.1443181155	4995.74199750876	4114.31937914733	12723.126685571	2137.38853304725	1213.2288164704	874.348270602614	575.091782309223	1300.79161425898	194228.394812777
452	15544.727323355	13640.0902982737	10658.4563687806	8575.23260953516	7805.27797358726	8402.48121190011	9491.57398049483	10044.8971403491	9301.33619470126	7975.75519322638	6935.33489310677	6254.96324633198	5841.22106084749	5112.66652612963	4090.33619100044	11664.3270877596	2734.98511266562	1297.1962242507	902.002037897396	575.467336072268	666.430389185992	166532.436612914
454	14947.0957526502	13444.5849372357	10831.5603302169	8818.35215441016	7773.4264278217	8318.45519129924	9251.13346730148	9902.64930140803	9269.9190663401	7998.90831257974	6860.85232705683	6235.36073282764	5839.97365086268	5173.12335564923	4072.66966261698	9584.57886880958	3811.95209934034	1337.69378902047	921.338270567487	596.373970724072	591.933149120569	95915.0834763788
456	14551.2881298891	13464.139008037	10749.8734752479	8473.30767511435	7693.62225705142	8185.67273480423	9071.79826679471	9660.36427520513	9192.91549087016	7860.05791749901	6959.0167008449	6317.29236429837	5942.7341463463	5187.30001107313	4049.49540289584	7185.92884126458	5356.62023729632	1370.71489812654	960.774825116147	661.856695200385	543.190209748679	35347.4085971798
458	14851.4176524631	13244.2044819209	11294.1532428257	8496.50578628081	7520.3170468217	7941.89458835724	8712.43053155281	9577.46899639672	9075.52866041095	7822.78800704883	6957.58083279852	6281.12583116577	5960.42361830291	5259.84255370363	4085.97592083215	5310.45836695618	7089.75850207109	1427.50432679598	986.57101869358	687.424665070058	517.102849823967	7437.60438761331
460	13976.6981405054	13411.303868804	10725.2255969919	8570.31353409329	7579.53751115286	7871.9068319845	8637.48192685634	9436.52779326346	8947.99632381714	7854.17154937601	6830.45534841328	6396.9174941758	5917.97632237374	5231.58525035489	4196.74554140566	4060.70748990539	8725.24785678922	1560.23691595752	1076.40669384555	755.88880283621	505.436982216281	1025.28805058386
462	14997.0836442975	12306.2145467689	10480.8354719836	8309.35490460662	7333.00900116058	7573.78499043578	8353.65000489728	9158.08549894018	8832.85941687837	7723.71687476445	6661.37008883361	6313.99140630445	6073.67532944977	5419.05920782435	4177.03734686963	3613.42812243663	9554.52260686723	1707.8957665588	1089.21150726832	764.772733396116	520.976418880462	576.293091117515
464	15355.5289874918	13150.8660426998	10651.8261806543	8697.9848365803	7241.07352893992	7332.58539962489	8232.36885194743	9072.22477550963	8725.31146715121	7748.59617628574	6761.12457765848	6289.04186079212	5971.15958601041	5447.42138960546	4219.93537652964	3466.50246821062	9626.9798785806	2068.78487753713	1142.83633200528	809.448856636299	513.469197715603	503.849883991664
466	15181.9375357017	12385.1121776606	10266.0556336642	8194.32941030324	7122.33370719328	7217.49461529914	8079.29500380932	8856.8039107897	8562.96299463366	7547.65548279659	6666.09789672142	6107.69540524206	6035.92625797475	5408.18118638484	4234.56623058788	3294.50880209747	8464.6321584975	2630.72013964651	1165.257898576	834.454876098018	545.051846382647	453.89653170074
468	17135.8593293231	12391.9725748045	10287.1059596618	8370.21934697851	7058.2795561811	7000.23438923421	7863.53787487827	8639.89263578385	8466.22757865551	7347.29108836754	6562.18149466847	6144.3375816922	5920.92200789519	5508.2655197716	4296.86152847011	3385.82162336752	6870.01621167439	3548.25773067496	1230.21289942498	872.151956272623	565.307220279327	462.21251617663
470	23656.9991364365	12339.2837389264	10112.8801004897	8200.99689261196	6971.61410867473	6733.53884761731	7628.80413610427	8400.32788322219	8269.14411411255	7236.0958516182	6474.64290180233	5992.64719768423	6079.70018542512	5321.49628527132	4361.81965414814	3370.46101640936	5197.27243158585	4827.58651808763	1246.04803887294	910.949879175584	611.85200891653	445.879837744341
472	40383.9269091583	12174.6295219771	10007.2261825147	7878.78347544457	6771.77726299813	6851.73921598063	7484.53201810407	8398.87249155327	8192.63240094648	7084.02372678744	6276.85660719867	5938.14312976141	5753.27437138094	5461.88933619237	4380.76476518005	3394.33131755828	3936.19628481524	6099.77329342548	1370.53084736959	929.232184311636	663.814948364452	431.461682865633
474	66088.4054645984	12050.4567763539	9926.20092368306	7656.62803093646	6611.40536044492	6528.16246327783	7064.70796533834	7994.97321112889	7776.28170265278	6874.43660351502	6139.95907584083	5803.79703969989	5806.5448485294	5296.87027258553	4337.8572660313	3345.84978768548	3179.06681016467	7110.99007904053	1472.88276030879	980.904042109704	680.381365395367	421.137036173985
476	100182.903640437	12060.9986396008	9511.59453482144	7776.00918106819	6400.91230632736	6387.57232179024	7035.71647484532	7846.21760353376	7678.35229973195	6760.81267597746	6024.43078789898	5688.58565130365	5618.45070415716	5276.55582653739	4332.08294890097	3321.43955230104	2878.90151849786	7530.15124310632	1589.14311374708	990.568133158895	664.38461454826	434.219892838182
478	136125.21421397	11404.3591049801	9611.00854119713	7702.8846579451	6231.02878780881	6231.86355022887	6839.70757670666	7711.54999884506	7646.45833062045	6704.48294878883	5949.20492065493	5560.46439639599	5578.02022094771	5181.9483018325	4312.85428090022	3396.5933260823	2779.66300620023	7181.2115779586	1937.54542972915	1028.9779580337	714.225371659667	423.380282939784
480	165536.285942224	10728.4399002124	9683.77760621689	7339.69432218048	6296.02100463492	6035.45515905066	6615.91621578287	7405.38859035123	7401.60527632857	6522.17056576119	5717.45932277396	5435.43363607852	5618.95827146683	5204.94141301688	4187.73943831831	3326.55531948846	2778.6852079808	6350.86112041634	2497.28021851715	1083.28361601215	728.52669516226	462.446400844142
482	174843.053617314	10614.5149228139	9083.69850628183	7336.41385330877	6137.40878275157	5850.19236115863	6455.86998120368	7262.73301644291	7151.33714518705	6297.73523277285	5680.72794337598	5315.98848629792	5445.46905076258	5113.61352941284	4273.20495759564	3357.18255755499	2749.8638004791	5086.19836934877	3300.38026070528	1080.40571752094	766.259204722613	514.060674424034
484	161058.653590337	10956.6257879683	9004.65975883667	7269.47995224323	5967.45475799654	5805.41449712996	6232.09225456367	7201.6312692132	7054.42055591406	6192.63640505727	5466.94191495143	5269.90377708668	5423.39373690022	5117.73881521748	4209.18173332752	3447.56141878159	2777.80915873087	3923.69183691545	4204.69536573297	1169.05887215806	795.1456795658	522.290343928239
486	136229.710598454	11648.8139540353	8998.33000272061	7091.75480283741	5987.37643265246	5615.53533316697	6164.46993853355	6962.50838814894	6981.68655145596	6096.14999066753	5412.81391964426	5208.04047271734	5334.22245991904	4994.88039979768	4164.07486683719	3390.87448835705	2698.28944535133	3107.80541520837	5152.48487877409	1227.90013286772	803.819143928486	539.018464599905
488	98940.7735746776	16530.3237996825	9285.06751034357	6908.6022754669	5757.94924364291	5586.55255153061	6058.27065789697	6941.97475789444	6794.1058278696	5891.04247206932	5238.73771818212	5102.47712051631	5259.02091119485	4927.40587871187	4140.87764560541	3383.67947517327	2758.96772963427	2649.33589616339	5735.26931027392	1320.09959642611	830.611178949964	563.392731474947
490	60411.177949778	28554.9617743891	8650.97124975685	6930.01276194456	5638.2774067094	5498.05280229208	5817.88086700835	6658.53449982608	6596.28540211665	5774.29561195957	5102.86543536121	4971.5971232244	5125.20851325467	4887.80262196921	4113.81013502408	3409.1210244228	2803.21785273918	2507.16293156596	5960.84936019272	1446.99848000653	871.635401125729	570.260961256091
492	30832.7923053118	51760.5564464916	8406.14063555901	6719.62752769143	5681.29163500646	5153.57713931143	5662.89346196029	6470.89031058772	6310.08349017642	5576.02023465921	4974.68742246308	4813.14621015055	4966.18160353096	4829.82577536864	4190.15781891455	3362.36640856726	2829.97956170128	2387.51664550762	5682.933959863	1773.41288871182	899.252032562793	594.535798537513
494	16060.183987234	81606.6218429145	8591.38012642876	6447.81691865498	5427.57172986267	5053.03614874739	5546.79976565792	6337.21570011706	6259.90232003607	5492.95884910796	4910.38127431377	4717.25115333408	4844.58180503405	4762.7755748356	4040.71379865607	3339.82446193053	2785.01732539381	2387.77649374134	5005.69303573382	2204.17465809362	936.639861411217	596.713651071379
496	12006.7638108841	119663.805228665	8425.3444527129	6408.26880399516	5356.04164950864	5014.6829593998	5356.07343382015	6139.55671618835	5991.56176948115	5258.84910946924	4768.64801669418	4679.28877069486	4733.96779597466	4697.08485926295	4022.95910282591	3250.27214776748	2773.75670288941	2348.80842584776	4090.96050168034	2749.27165835524	937.862254213382	617.497754504912
498	11475.7175501205	155710.740673175	7966.03754301732	6396.57868916247	5196.99574352559	4760.57271247059	5278.68966491147	5885.96251742855	5877.99581064302	5107.85456587007	4588.05223355224	4484.49023567871	4703.96138166848	4575.65315498644	3960.00656275898	3240.88570295043	2742.17551538866	2306.45999983155	3159.06477707886	3464.75416675143	984.138450596394	648.750339767287
500	11288.0985793181	183140.908099854	7961.62544245446	6569.47632095147	5031.99143741677	4807.19755625714	4942.70829490335	5755.72911940865	5747.59099626874	5008.38498422518	4495.18250129666	4434.23727303862	4630.77735717883	4552.70306484295	3853.27288486572	3265.34816141462	2730.22954171581	2335.81391460154	2513.1791166776	4104.88920794323	977.317863967562	658.595206201323
502	11313.7597268104	184278.397585331	7897.07583994594	6112.48471840459	4984.3493123646	4595.780977532	4942.75327183131	5601.7673849773	5614.77971324177	4784.33154920579	4312.29147698507	4290.9184713657	4402.85067675856	4399.19149550387	3847.52727106869	3207.30997924527	2751.08626334911	2328.84920056929	2183.91639854453	4512.90500738901	1057.3339737589	640.550295282507
504	10658.5571395319	164978.977570954	7674.59310929878	5801.65403667422	4801.72730772392	4307.29580351135	4750.38634271943	5455.36436359463	5341.07494760094	4689.63411969772	4070.03050144725	4125.35924095634	4290.63567674923	4285.00865223701	3687.24597791758	3195.2103257615	2642.00320997637	2301.62598430947	2007.54494597227	4568.89309000878	1191.32466656787	650.84866494876
506	10081.7879825047	131922.747918133	8239.12104443489	6081.28258220535	4860.95014285106	4302.54084443938	4625.43567302128	5248.1991948269	5202.90960975461	4512.63705432725	4075.95766271843	4029.87207687595	4210.06056916651	4160.99692570279	3641.94711191746	3089.44078493661	2619.23272952376	2304.70906141164	1983.77423134905	4379.84811057185	1417.60250696601	650.940905615022
508	10564.7736966972	87027.8658912542	13469.6281276198	5956.94002166583	4566.63233925063	4140.04733128147	4424.73300835067	4990.44181053644	4986.66014202126	4339.90031612274	3926.21048372231	3817.73886410079	4026.43068666462	4082.56543148521	3626.32030826468	2969.91615916628	2636.72526665757	2242.27321759287	1922.0809486204	3776.51527473342	1710.83888870461	681.940775742808
510	10414.0646849604	50323.0416325973	25773.8374811564	5801.62405247564	4502.26631521797	4038.70875489077	4208.57330314649	4773.81622233507	4712.95174223931	4134.1696489029	3789.09727658402	3735.30375299663	3981.8818951097	3897.98158247629	3525.14655494131	3000.75626197032	2564.40620491347	2174.85956196085	1936.43337981853	3081.31642308578	2138.22120508484	673.884267566431
512	12462.9928668771	24141.2663194955	50870.4517680315	5365.31807658219	4373.82130263553	3866.67622198553	4164.9807290244	4688.37335030869	4583.10417825453	4059.74876145716	3667.62619163358	3603.64562433577	3817.56740257427	3888.99806225265	3471.29178333543	2906.16890428933	2511.55908410563	2110.82801683783	1854.50299835333	2406.43403941313	2623.8308449026	689.940284389762
514	15586.6665258855	12753.0835280446	84259.6804619217	5371.25966691256	4236.96933311542	3758.1204255621	3963.57265270844	4397.29159170492	4490.85378781434	3837.26685754331	3503.06813975095	3450.9243044488	3656.94711461538	3674.57706657047	3259.87708840429	2755.45694602684	2416.07454805694	2133.78799414225	1819.71340437716	1942.00811957352	3055.02464885476	708.20088568951
516	19149.3428969081	9327.97651697729	124976.000407489	5062.61909678054	4066.77857518428	3725.02981051676	3851.18709990514	4302.79150853493	4303.41483164439	3777.86406163504	3403.41728883547	3314.90988289587	3599.80265422517	3541.42525230266	3193.24969316803	2774.0255099896	2421.42961996448	2094.53622470094	1800.25160799771	1627.96857137605	3444.38113171653	769.156225046227
518	23798.3301255795	8755.39656335407	165484.223401645	5133.3492606314	3977.25223294033	3519.6317728629	3717.11342862597	4155.67419131616	4161.47528289257	3543.59104592999	3259.77720016016	3239.08667649836	3474.87009379293	3473.58522989324	3059.34294192889	2617.65249632289	2339.27686412355	2028.85034302774	1710.58703024289	1494.67342544401	3414.74201343806	832.67230769734
520	28890.1676377873	8319.15614038076	188193.616270694	4986.58791353075	3785.57392131389	3426.86719339376	3592.99220578111	3948.1157159098	3970.86887749789	3495.33029231828	3181.04374285103	3156.42880953152	3329.15950414168	3343.66259883279	2917.60080822889	2603.72326561291	2243.10654634459	2002.95045235966	1705.70467015454	1420.79868315619	3148.42450334866	993.318504347443
522	33711.3898813493	8509.48092292637	187325.616971391	4799.67069180023	3744.7151309346	3278.3971213007	3361.59537248411	3769.59714344755	3822.69389768418	3364.33596429858	2982.24760230491	2966.52508811333	3195.01540607351	3269.21744628944	2880.94366755187	2521.17324234817	2212.6416604852	1959.97886767193	1685.59397911516	1386.48947407838	2696.49175053694	1243.52327776504
524	35930.763130515	7359.18749904033	161693.965725231	4784.13327259806	3475.19997718081	3084.54067003577	3227.76889378048	3591.16056755473	3630.3813296361	3182.74676127207	2902.70937802146	2812.10951439882	3052.03758608498	3076.63265358136	2801.49405539964	2404.91132987654	2145.47090071129	1864.61550001103	1606.29658399076	1317.41722705976	2143.63684386238	1538.51857466587
526	34291.6790685304	7767.39634713414	122631.354257066	5860.15074927998	3544.84985427516	3027.22088204231	3129.25671086984	3497.1584298806	3459.53236618552	2989.79786689012	2707.15327360743	2701.80089261072	2940.54184063957	2931.57264949661	2638.70255835891	2265.59158915414	2036.11059829444	1839.53036076775	1565.05973270938	1275.17801216186	1646.19103796234	1963.08481086773
528	31075.7276007382	6972.95756610612	81817.0787650432	12362.485436289	3360.30076773352	2976.49767228703	2949.00122980525	3360.86813929791	3299.68679203145	2906.77147408275	2662.69629957149	2646.21695257696	2798.92841972408	2884.18933009628	2537.62214634801	2219.29842979145	2037.56726489745	1748.85027668076	1495.59510402842	1240.90961568302	1293.41941723755	2223.48192537902
530	26190.2785875695	6963.27250669961	43945.021450168	29142.1538841886	3235.89890959304	2738.71296087821	2832.28371018207	3170.75072569719	3150.26278105424	2729.61815054469	2503.90699300268	2492.38842072	2689.5304157673	2782.08950740963	2464.51937270595	2174.58636445273	1917.13907658681	1717.64421189224	1459.44339625041	1207.30830146788	1062.55387343495	2414.16666190893
532	20504.8854438482	7811.25933921931	19477.5250535679	60083.1633106403	3249.02567759547	2610.6925487517	2733.94765997295	3026.56788384049	3056.46256862254	2630.77600863197	2408.93634762283	2458.93899506212	2608.33669964081	2674.74243269865	2362.64611767087	2094.14426297664	1850.86288479972	1653.7397838771	1413.42741707986	1174.88909407237	957.854033184494	2382.76117391232
534	14808.2694872011	9617.7779021027	8428.74279806504	100460.29429112	3104.97798364864	2678.86065584371	2599.30971450589	2889.94106747496	2917.21401983872	2556.59022029718	2241.56334913905	2287.50336419336	2504.88710803954	2533.66772740624	2249.75216081341	1986.41878366549	1804.17270813393	1579.99510328139	1379.1050407234	1102.03445799109	914.253490635126	2211.68870959985
536	11100.8656920304	12751.2310329942	6075.46285192222	144388.549816929	2920.92983499728	2515.50493463007	2493.69525053793	2768.7338346424	2747.33561432525	2409.79890792481	2175.52511044508	2208.47414048315	2358.24362895041	2393.68438226218	2152.22583320363	1886.04756412636	1739.4788638301	1480.62659397476	1318.28298509557	1057.29069881384	847.239344610244	1863.00566056118
538	7779.78090925792	16797.7381008755	5304.65132070218	183637.720323035	2810.33708469454	2444.63902436428	2430.54986389722	2627.85623826364	2688.03358742266	2323.63258512301	2150.76613248706	2126.39905472746	2247.51114462436	2350.09993137334	2098.49069194549	1843.10791421379	1617.87838378573	1433.03455299738	1243.33421302097	997.571743191632	789.126652288492	1508.80555763301
540	5944.11313194465	21785.2225050257	5100.05629366109	203899.371888008	2908.11400612433	2370.15922867716	2370.82449127743	2596.98975162121	2505.73221767644	2165.14442440779	2023.5348940567	1967.85177182948	2232.41141394891	2201.59584136189	1997.1537559986	1710.05715600876	1567.95022791044	1393.09091541743	1196.11870773262	960.661707228271	782.597321233891	1120.47300824926
542	6008.09145128194	25775.5097551485	4807.71249765654	195300.673634729	2676.36725920046	2287.27818783169	2194.74988427049	2370.3290974555	2368.78906079451	2128.00665059096	1904.14150721663	1977.85268116318	2120.34696479805	2109.65211372549	1937.1895288634	1671.61954507967	1527.5895631374	1309.78762683703	1138.5872206373	947.930530524437	745.89217887112	808.378075633942
544	5689.83101220319	30130.5215228515	4478.13676555414	166376.564349676	2671.52640653047	2045.33482219201	2171.74022267308	2318.15444557056	2296.3550863855	2066.44540764657	1801.04696087171	1849.1918492022	2030.94988682362	2010.4726586165	1835.49530173849	1624.81851160757	1455.14144014784	1276.60367543849	1110.85074706569	868.794075231648	713.276000871412	663.685926239395
546	5007.58909342657	33756.3448223229	4420.64925234372	122229.443291415	3997.11530619739	2076.71653138619	2035.46882096488	2241.33577594928	2165.2018132104	1881.70677720855	1772.61743869521	1768.09542056908	1863.46061598754	1912.43805841992	1734.7211863449	1578.13762578997	1371.83443209434	1206.53744406867	1018.03034546455	866.513214051023	671.312313243828	571.740032014211
548	5075.41900327043	33944.0153899745	4127.18906321384	79918.7903664955	10435.55786575	2063.14889844389	1965.19288055469	2149.76764933705	2098.25584552484	1826.0165742752	1665.37054475152	1702.52665146263	1818.81805608515	1838.09217324058	1671.43041299028	1450.29976554845	1319.23952919509	1148.32658113207	990.035026377014	824.403877759961	630.074002104616	529.308677421056
550	4499.24722064464	30409.793834379	4125.44864230703	43384.0366706549	26737.727530243	1896.87964668325	1895.68171688389	2022.68214905139	1941.70033475031	1684.616458334	1596.47487783573	1616.45454499159	1762.97184736491	1811.37537657537	1564.44961256972	1423.892764107	1231.47416125229	1093.09089762189	946.88837710821	810.46753496938	605.519604679257	499.343523501271
552	4473.128298476	27154.8360608012	4258.83146705607	17436.7151185244	55750.6125521687	1859.82229695654	1793.65002021916	1871.31883324744	1898.14164057305	1668.68106182452	1520.87365986872	1516.3226816774	1619.03935624125	1730.7027528738	1515.75342007137	1318.7727875255	1186.7062168277	1021.3477633893	912.789968943339	750.831595415699	622.587705536229	469.441165225501
554	4469.89839836412	21085.1819825805	4548.3495908212	7113.28888986127	98475.1269076148	1812.05474529747	1647.52059008933	1890.47930937383	1801.99816838433	1557.61552413335	1457.09613764214	1469.49139691809	1564.27398687812	1620.9534611922	1484.1496453689	1271.23683280051	1144.28518472511	958.306413143596	878.444529722944	718.343072039176	584.832986719672	441.973652940446
556	3789.96915656978	15680.0065938433	5443.31558019755	4330.12396356556	155094.63629446	1780.75608408715	1622.19685690772	1715.80303910335	1713.50406042194	1481.86672037127	1360.0961630925	1378.40184069363	1493.2151335518	1525.51750068188	1397.45677421438	1201.82237255928	1103.20849188939	963.438173845057	821.985036930015	694.144042282871	552.233611651291	397.396440772661
558	3764.81865839315	10805.2924896021	7539.58092787474	4075.64692838613	197789.19043048	1748.91159492527	1525.35864388466	1672.81348846073	1679.94026621184	1445.78207527693	1360.45762717819	1327.54466188833	1439.77368051632	1474.97193705862	1311.12597049764	1163.57386038722	1030.94209276167	902.594534014125	767.364162826804	656.099265754642	543.630524750583	391.732549674776
560	4376.22940723319	7459.0301950841	10586.9708355378	3943.07649727586	213608.471308046	1655.21542377295	1461.49369372941	1605.01165399624	1527.8317333001	1388.80820662781	1247.11298890528	1275.42120752514	1358.80780799649	1392.55986171152	1235.51979889666	1086.05890474399	959.738538311637	830.73136414212	746.83606565047	598.216654601715	499.832114321961	393.588276205556
