Wavelength	240	250	260	270	280	290	300	310	320	330	340	350	360	370	380	390	400	410	420	430	440	450
nm	CPS / MicroAmps	CPS / MicroAmps	CPS / MicroAmps	CPS / MicroAmps	CPS / MicroAmps	CPS / MicroAmps	CPS / MicroAmps	CPS / MicroAmps	CPS / MicroAmps	CPS / MicroAmps	CPS / MicroAmps	CPS / MicroAmps	CPS / MicroAmps	CPS / MicroAmps	CPS / MicroAmps	CPS / MicroAmps	CPS / MicroAmps	CPS / MicroAmps	CPS / MicroAmps	CPS / MicroAmps	CPS / MicroAmps	CPS / MicroAmps
300	33829.2987273121	28325.2736518872	34124.4491481465	689393.163258351	69837.8825128398	40558.9760979618	3241045.00486114	14924.9557187396	1725.1953755214	933.242182206265	559.722151359747	418.517161907825	294.700614316471	362.752434345538	478.721290509045	148.341048908884	168.276837704083	154.214783184475	128.885963118599	46.4116131811984	89.6414805729252	122.282570745323
302	38230.1036121506	35657.1977810427	37016.5466673935	449647.829718619	149825.580958053	28032.2320602472	2744432.73294994	150495.071499722	2045.41960045763	1012.48474852287	637.268863086896	503.557547766632	263.149642394971	258.073387425621	364.484017900261	190.93809482539	241.096752923748	125.640371140236	121.761967812443	162.025486015145	102.205479517701	78.4427570558049
304	39190.0497025638	36254.4886695887	41445.2016837197	240716.18759702	290900.297676381	24093.722716642	1626218.74968877	625460.746974927	2125.20059193615	1181.56611315422	645.128919709353	429.537667573647	437.262547963517	340.2916217601	397.74489872555	148.575815033246	252.370884854302	76.3507436980073	97.6383401871476	109.855854466781	149.225769795275	130.106165378105
306	42157.9183811729	39495.0732973673	41816.9120578281	111543.286442218	475675.10752992	22632.7001173342	640814.986756739	1539498.76344439	2927.95664690684	967.470740013682	670.07189463654	351.470341574348	368.535284438702	268.788199023719	359.21961468075	160.96277080478	227.871594553524	154.158715705953	159.605558511796	154.697159600948	72.5997322364546	79.3348495024893
308	44354.2808894507	44486.7736843161	42903.9204643098	60176.5047684939	613640.674416854	21913.2331379265	157571.297021019	2448529.07535089	3757.32655343428	1167.76272983825	657.362146390256	376.863584823608	367.295575961635	256.974689831377	335.428068735148	186.045783866972	206.068003728294	160.973700214489	150.372391642137	117.191217657223	99.5909860772712	95.47650534465
310	41425.1383307334	45653.5061927878	45240.829675157	47753.0184286523	620671.186565868	24965.9704488722	29991.9994079627	2798085.28856615	12828.3197271678	1384.9775417923	716.398068243604	372.223454549866	361.999316914017	305.759945223216	345.573971672725	191.764531035293	143.376226764317	110.163248649152	106.898928230539	149.943959591146	72.7975831236362	74.444552036932
312	46500.1061161042	45035.5284490633	44092.3182415603	43049.0141867623	499817.048133428	41014.5182925988	20204.1265302224	2220188.1000851	124550.831514245	1380.17556261682	691.658827741633	369.410480376006	303.153104689054	296.087461694493	327.731832970279	123.916095299648	190.027351486891	129.341288457623	106.019291393526	112.869186645422	99.2486988770592	110.545278536542
314	45045.9374563758	45215.9283305449	45283.3946819736	41661.3915730505	323841.041284549	91027.7140002777	16931.0678063648	1248631.89139015	498674.923972144	1585.01708977331	806.532387802482	414.472512480835	269.206994749678	275.71011676545	360.829986631048	144.167566058569	194.135421866641	118.547088913291	117.429543328427	101.202226548632	73.0202777025578	68.3796931445981
316	47654.7085932249	52226.1808583907	48029.7515551813	38756.9009572771	170791.798843782	180491.2396814	15261.50514392	463094.322257497	1211455.47352463	2001.65431004668	761.609535191526	354.024049974836	223.085171757415	255.910195789794	277.381902877615	159.542873432335	159.570886985092	95.9063182782271	80.8494563587423	67.8748188280182	140.087662187864	52.5771280352768
318	62158.1480681797	46459.1530568521	43708.7833513057	36801.0031032319	79539.8550880921	292735.066620619	13738.7032037463	114133.25717513	1939029.78651997	2745.89153922892	719.076586605771	573.031134856943	244.418331141908	215.377524540311	387.949743215663	140.272799171357	118.523653332552	121.20923696947	118.371935029431	77.6463195143952	76.7779037787121	73.5223838589317
320	53538.7385680562	48181.4224740245	41928.5504815688	37689.5989703978	41972.7611247705	384601.334964088	12361.426022514	20292.298465418	2214174.35196874	7924.92109492662	802.161795349328	515.447470291827	238.760741885682	227.60506470648	306.364062394858	118.219629634137	207.337916470015	121.183686840519	84.2458410328735	52.3319683711361	92.0987447822833	78.3725595684957
322	44156.1742252648	52081.4892213003	43675.7985728234	34580.9592487019	30087.5787085623	402590.10160632	15048.2329250276	13544.9877414532	1850536.37058604	84573.2281514409	1059.94148418462	466.616626127687	299.032073819994	256.11513105714	265.630422540166	131.572911000264	134.081608701257	104.390684956201	114.271150347114	96.5174425954409	64.6103603540171	72.6699180230095
324	52204.2399368879	50517.9198872386	44477.0969580871	33898.5397271845	25758.9210041908	341958.575036427	25398.7319967028	11440.2805821741	1112914.24559357	366772.223432783	1175.8580317673	493.774833258675	338.052809081923	227.612619877505	265.379754430576	116.910926498608	174.579336836225	88.3975661776895	89.0672035072703	93.0930448273987	82.6640661942088	70.0854017614491
326	51604.0887469461	46655.8024407984	43790.1301815449	34712.6538077988	25379.5806991097	230736.272383634	56209.8169314673	10476.0013549783	437190.20257568	923045.961167295	1435.22729661752	501.432173419232	305.749661225053	262.673271264292	266.460600943717	163.224504815027	194.178129013436	64.1945660750063	88.158767438725	58.8318712523705	82.1933179337481	62.9494531394558
328	49056.2166091086	44059.9124297241	40845.6305145645	33386.1787977006	22554.4610710388	127604.780013625	115986.984817555	9044.4551979203	107479.576085114	1497978.95962475	1857.91977643326	547.596668161237	351.173634773246	233.779087730544	289.399351872207	118.613544584945	106.381923046708	100.076344571934	79.7494404854388	93.44251099495	61.0310935083907	55.8280700974826
330	42537.8720037067	42608.889488871	38733.3935265847	30782.2136544693	21699.3580719677	57998.7267881506	188301.015138554	8151.11152209748	17891.3874346508	1734329.50674446	5288.65536083216	546.724600544527	325.769611354397	253.523064073042	249.603296705516	109.58281563863	137.19204986409	122.584104562963	69.0603644963814	68.1183812028659	71.444026796078	58.0159986139184
332	44333.2414313404	40721.9976740245	34974.854318308	27526.4419651517	21194.2200963356	28103.3529727706	251442.289852899	7303.44881752858	9958.51270827271	1438129.17295924	57286.5927412708	618.263391715235	328.403731019578	228.718370705188	240.521328171686	144.658844557954	128.520362239964	89.7410351490856	75.2410094932044	63.1472990514469	67.5441680558158	81.2526396382021
334	37300.0302050261	38535.5797414838	30987.4181853401	26469.3755433784	18778.8804030397	16345.4978961626	265281.323740909	7970.0844360718	8400.08188163481	864053.100607796	244264.646213802	672.729692049007	441.776270343159	217.106508370515	262.865996889679	128.578239620724	105.551812549626	89.2970429250017	54.617309838219	71.7285328887338	79.34441434607	33.6695048089268
336	38284.1033249444	37076.002550475	30044.855724092	23924.9361451868	17477.1639856914	13302.202637835	225244.892498511	14060.0162390331	7235.5433165112	338461.577300232	614616.875083524	880.655941507923	333.376245133667	301.774138111923	248.610965494582	127.244124859714	143.446954678286	61.8657145418435	98.5685417279318	54.8905641404946	61.0735188065953	49.7230798504141
338	42583.9591256687	31920.263467631	29378.9819961355	22001.9577810484	15808.6098822559	11678.8116430012	155834.720346234	31298.196501319	6575.72198339167	82835.7981009969	995861.238596757	1322.27436235746	444.680507159637	201.090921496293	286.304051047131	106.87262674576	84.7103741341319	70.5703812205203	76.0706337786616	59.0613551790622	57.2803999852836	42.7052137755534
340	36379.6194940514	33428.0398370288	26764.439217365	20705.495895919	15102.2031396371	9941.66033591212	87029.4295847712	64454.6368033092	5659.83164921168	13391.5878332242	1138399.05655137	3364.4683849096	388.272336937849	256.195714635885	251.496187599065	112.651859622911	111.05153908096	85.4724931717385	61.4490923739037	45.1330941630918	46.5994685495802	67.9452616593921
342	35563.9764399898	28059.5772058233	22823.7399654178	18166.5635944399	13442.6621478917	9507.29433765195	40087.7229065433	110096.708375865	5036.95586904474	7132.15095798151	948264.664744813	36854.4012154191	403.098161971997	236.176370843037	243.111701423169	128.040691251871	94.990732232001	65.7064696890682	70.4739062016286	53.7839998313076	58.798466427669	48.9504738079119
344	25119.4735222143	27549.3006614587	21551.5636208857	16803.8172729808	13331.3395029157	8786.42089378929	16975.4576515687	147755.227113907	4543.89270495735	5391.31778908727	572662.32320399	161096.486300054	505.714023826473	200.483988762242	230.675431474105	83.2669931536628	73.286154458021	62.4135953522356	21.0373907998965	44.1637470660434	37.5263370601841	42.5328004460881
346	24772.1371309546	27454.1034170107	19414.9258423091	15517.9865520905	10886.478782643	7732.34364801168	8551.52104741578	160967.722056339	4593.64095508456	4634.05357243902	228572.277328482	400036.130872198	652.439247624316	199.364449844222	189.765434354979	109.785191353497	90.0830746625107	81.8692578869817	49.9690455916996	49.7724363650347	45.9088659759446	36.8150190369859
348	21647.571370445	26437.8423482041	18470.9892463449	14081.0504706574	11080.8449443145	7383.66484566572	5726.08484909243	143921.23044584	7352.36131702837	4221.22801587032	55813.4731721189	641454.224571052	931.465290613641	262.539916166817	242.961713866136	114.009058669703	96.3264698450924	54.323738887761	60.4651817028378	38.9741271030275	32.3401031466112	55.6268470913578
350	23480.3592104525	22503.0175551016	15993.7494159156	12054.3608177937	9603.89387717077	6310.93134606975	4782.80298895953	102631.23408681	16729.805927309	3749.7046840322	8518.14007498995	726782.727222686	2648.69530947973	295.567006818872	204.099939735129	95.1699922016613	77.1861254554442	55.8210767272531	37.7271829675254	32.8362875367315	40.436473564156	35.1534714549249
352	19419.5964136567	20227.4404404677	15266.5709057838	12124.5547967187	8727.36681222699	6181.25796127274	4051.18402335193	59086.4167105959	35559.6936978116	3307.54806753008	4398.24216738461	600382.325497654	28671.9612221629	326.390886737398	228.131932887115	104.505552651387	92.6697095229029	45.3337463649279	56.1196516600594	43.4699251884085	34.07028277789	35.7415800819093
354	20157.2958725506	19581.7247384772	12919.5134456185	11422.1509364425	7717.09282673109	5577.23722165267	3665.19321344757	28157.8227137642	62813.0560547964	2815.44492992323	3341.49172051336	351382.913320248	127345.332673424	334.325174471866	221.266163293932	107.20207176096	98.0709987995683	41.3851485363243	32.8690320339875	37.6100823487036	37.8253163916418	22.7913632931173
356	16153.5282609371	17866.6303659469	12584.7350662162	9408.11047969818	7090.10120462349	5049.04827319732	3585.81948020191	11699.1627278419	90040.184998908	2644.10411081419	2869.08139733124	130422.168975285	314163.028940294	436.232016092225	202.503163641181	85.8245741535091	62.4305107162161	52.2813876341668	38.1972108414538	47.3134272167354	37.026606050762	31.2410609381554
358	17501.91633084	16705.3532496498	11163.0669545082	8921.82935573737	6724.36332921495	4945.28814661463	3315.83674737196	5538.84860069179	103553.490866131	2707.72862346551	2663.98709890754	30317.625099424	488658.824866875	699.236372348923	262.222246865582	85.6349597574022	83.9478692687952	58.3532083862939	34.7426385907279	26.9227514786553	38.8202155113209	33.0962878972953
360	14896.0735085505	13650.9625795615	10399.2460835532	7867.22252982194	5914.49933983562	4711.81896245479	3050.65917436545	3424.93134272537	96903.7392503654	3975.32226335805	2468.60333569798	4954.72391700781	547355.271078317	2274.42426838752	300.741001653789	91.5941668003083	65.5238068570511	37.7553097761737	32.5319386230829	31.2187427915666	31.4151108208881	32.5202609697804
362	15037.7120864609	12857.3482084819	9568.70595152925	7371.79786314482	5609.80538260386	4238.23472811225	2958.16282290778	2702.78555038032	74431.1337696968	8904.12530872844	2150.54352731177	2857.21411636531	437719.819594746	24005.9227622445	299.924657926797	103.554380804644	92.3981726092168	54.4696512342891	40.1608135822053	24.9332676245747	30.4683476389264	28.0147061687492
364	14085.2156845834	11361.974244124	7724.9330452517	6675.81900205668	5073.40834683915	4060.81326007486	2732.47386916458	2306.44311318568	46111.3380238943	19287.6525620848	1922.84745239902	2148.65178411601	250811.389006785	98139.0582227694	359.629505560729	125.754357087279	90.2936684163155	46.9051140308309	27.0412745716572	28.2554137501068	30.4510241440047	30.8491199647754
366	13439.4621111031	10327.2819692704	7183.41313559031	6171.69661775674	4760.33156180352	3690.35339353609	2545.46387680277	2016.26825948374	23958.2076139386	35872.7599967273	1700.52660766552	1880.79331469279	95997.9463007691	237580.440611032	481.173826371796	104.649222492312	79.4636859949835	46.1515571605542	23.0113339979308	30.3420275989436	18.5367934067665	34.3758034767528
368	12336.0146911022	10394.8355248718	7035.30067804162	6409.32905063347	4438.88091195323	3317.91337059716	2407.30645056079	1951.66838527837	10548.7046826198	53555.9577698739	1509.26348868637	1745.92506778478	22988.8591399094	374466.067309089	730.61003415799	124.268969508127	76.1178179530619	55.4213444703186	38.9172260343392	16.5853943927071	28.7686199085738	28.2170005345616
370	9579.08791923147	10079.0574528704	6602.43866758591	5288.7357883498	4183.16335885256	3232.4923898167	2438.48198245381	1806.76797399102	4680.5850078283	65239.1643839605	1565.27529191888	1570.30295577565	3744.09351022119	419517.493623437	2434.63124535553	123.675066257415	70.755940906664	47.4817569387032	37.2363628365172	27.3786339780183	32.3586048149866	19.20776072197
372	11391.5263844375	8043.43951444347	5864.76657370378	5117.86872167457	3745.00095828638	2816.85708061557	2271.58116030161	1761.91952444202	2922.02417537976	65774.6254920516	2209.50051518801	1601.42995349259	2147.42332466121	336485.084206542	27157.4122590951	136.496098300075	80.9465408851678	56.0104652118139	28.6852635560321	19.3990462019382	27.1290743035089	25.0377066211356
374	8195.35451395766	7460.31504151639	5539.37510305223	4715.45040538203	3509.99499985284	2722.56118777817	2234.15303352905	1674.64469789552	2177.0081217247	54832.6651712863	4549.31539837896	1375.04767013786	1583.06307712588	191712.274667428	120996.881561506	177.991065382249	79.2098594532084	47.1325685289659	39.3386783547665	31.4350604789013	21.8964625963382	28.716177082463
376	8628.79868243142	6845.80014938469	5261.97729039632	4714.05944219669	3440.4501401896	2607.70964332459	2109.382985719	1633.13627445581	1697.56877166644	37546.7040864116	9813.88090213155	1237.01562846918	1356.22417575938	71604.3318135146	285749.632186228	238.279952396203	78.2431455217527	42.9783826243009	39.2264179833677	35.9713602797521	19.4585168230915	16.7883998110872
378	8575.63756888938	6819.19772856508	5103.10339081549	4108.04432973065	3434.29192612978	2324.79020859333	2004.59206914138	1590.71616612078	1533.98424464738	21589.9547954166	18731.5828973731	1137.33409503583	1284.45518151504	17364.9977959627	416030.095008451	358.980172814787	81.070790584342	44.7508995296082	40.3567783142315	30.2319831782286	26.1775543404334	25.568527151704
380	9031.33810279399	6104.84702958147	4521.29363722212	3849.77468310444	3093.54173251593	2253.54763835257	1844.23910363145	1484.24728326094	1386.61677750781	10422.3179357915	29857.058558951	1011.24122700153	1187.30630294597	2921.91727602529	434640.133942827	944.734470187778	95.21039166392	53.2523756969559	41.6781389946802	24.4511278260015	22.7482917154512	18.9666871612832
382	6580.87551240164	5982.56561561206	4215.14496691007	3605.05695860938	2765.79850815966	2318.31797920529	1878.01407982133	1533.43445052438	1365.29021852631	4888.39059851222	39034.8995369747	985.68247093561	1113.37763124907	1657.59357675804	328298.288431457	10610.7663525894	101.271127622016	51.9423068018221	42.4005820564752	26.1496903932007	28.2707659841048	21.3061756366786
384	6685.78414022148	5143.02575806382	3830.45280929553	3247.29243665078	2806.94523896867	2107.20670066368	1735.13173751619	1461.76226336966	1305.74761171745	2484.46170906197	43194.7764204432	1239.55046869748	1058.41388452347	1227.86289679443	177577.85620154	48177.9413684633	138.426603411668	56.4640304315319	29.7071536792773	33.0943629670251	24.3404525596644	26.263018689576
386	8157.06069482154	4745.16343984508	3876.75647132066	3103.19658359797	2612.21701821868	1985.62772294149	1733.86996362558	1448.83505181039	1250.71013609537	1674.56913310118	39287.8439526186	2198.93320029223	940.960703498317	1011.03109085119	66487.3751171566	121772.945529758	182.753310689198	51.4772781165824	34.8974958226626	26.2833991584239	25.3377974651605	20.370787787569
388	7609.24239413575	4858.37040181546	3788.2362304837	2880.07320436702	2311.78925368996	1880.37112709903	1568.51739415662	1399.52528582234	1219.27387640101	1407.92017407349	30158.5807446137	4814.59782102309	853.077353864695	871.410011321015	16088.8489534595	205651.529249575	264.504929985479	57.9001179659744	43.7661146111596	36.3792698683258	32.4732531707481	21.441346930084
390	7404.87219503288	5091.77888048085	3384.9071889261	2983.26454340142	2418.97753526462	1890.32267293039	1578.16939518854	1369.51697991263	1126.36063671527	1190.92234013823	19097.4311832504	9637.24955141227	779.810916524308	866.108715214352	2645.14308948677	243753.340616111	659.874378407954	64.2952871272517	35.5791816396423	35.5907650411203	20.5313338135647	20.1086155494438
392	6927.47485186507	5232.29731429076	3361.06824678836	2892.8122957811	2284.44824055387	1903.10619814297	1458.69120542552	1294.13529032478	1171.70371272777	1039.27960984021	10177.2559396102	16429.5751556567	714.488364518964	845.092178933362	1384.68197726953	211116.256590119	8129.29714803237	80.1636778146273	47.5611015191588	36.6195022102537	26.9990477817211	22.3998061433854
394	5891.52481888301	4811.90693308696	3397.46812790673	2447.4530530725	2260.62556770382	1902.81511472606	1473.74517327306	1347.22262260815	1064.39060902218	986.29120065491	4728.99862714389	23945.2208279737	682.37639428375	805.637045573081	1029.19849902499	130255.932379437	38984.8287498005	99.4163112259665	44.4767697207432	25.6426180601014	25.6539270110603	24.6142482673742
396	6606.68618091952	3869.17893964928	3249.25635321674	2502.78746457413	2060.47030519543	1778.33589200659	1485.39684254377	1302.78583996515	1081.41634999991	991.581283908342	2340.23295673652	28598.4840116478	734.999610209652	748.894388559981	851.432756392042	51898.1014131435	106221.77216	146.97309111095	49.9014006011073	27.3940887443457	20.8241453055621	19.5084029340436
398	6437.49314895132	4385.58069827594	3172.19344200697	2464.56983336297	2114.99474252111	1626.82491309312	1350.43490582869	1289.91048520795	1109.70847080588	908.469299148077	1470.65819646492	28670.2456446544	1257.04706286871	650.364158576957	681.193731324748	12786.5163553214	181451.889330941	244.296667385905	54.6500453508426	29.126627754081	28.5191704540353	20.6252206948992
400	5146.4021313542	3971.42401553756	2479.71175539764	2373.68881673306	2020.14524913742	1655.22302964937	1424.24382193452	1220.59571315865	977.097874307735	967.235758863282	1108.19383022235	23978.8527288933	2723.42930823015	573.080788262818	686.919184509703	2018.6210058746	213506.552685511	581.97185331496	54.7396023208389	38.9874010037504	23.1737742001658	20.8880469528121
402	5691.00447129002	3741.73837553692	2491.2097531918	2257.15519536082	1981.866645645	1634.65600143274	1344.60612331778	1189.89835618887	1008.48884497119	842.889497385565	929.211955415193	16526.0502853159	5773.58254993942	578.012418354702	641.725502390953	1055.06525698371	176626.190440913	7569.88168312783	66.1838434808801	34.9919337984845	26.8727582168104	19.7968903934659
404	7570.27739652651	3955.19697945774	2532.54323039259	2081.55296489029	2014.91267159813	1629.65871559655	1356.24186055966	1143.34573374348	1009.91121616859	868.406238978154	803.786954467924	9595.72287223789	10454.7263708853	520.133643688488	641.035242703322	810.622060470376	105663.726229613	34462.8232078016	99.7844387267529	39.3665520977788	35.8110095379677	24.8206130155132
406	6247.2033476077	3762.44202018739	2771.62989481404	1998.98608649429	1857.49423961681	1572.56822861621	1279.93862156895	1048.49726916626	1010.61898262231	877.694831602163	737.19302562355	4858.22996625917	16063.5794879184	489.263275565693	617.312582213636	662.522241088079	40480.1576708303	88448.8870428731	128.939442279536	41.6647049356865	21.9705278197788	27.3693506257344
408	5628.14650736101	4150.32041266864	2653.89950445831	1992.1385328263	1851.36250663009	1500.19771531954	1295.18767105452	1080.19892879482	991.072609238975	800.693530639902	701.746624655438	2275.69178303672	20485.3633083819	513.871676853716	565.729069904792	578.047939087228	9299.6947569535	148137.865133864	193.827719919601	48.2085535542155	27.5539180539255	30.1708808887259
410	4617.90988731627	3368.60477669507	2260.46677708608	1906.75870777115	1769.00737824639	1530.57024348535	1348.8644938739	1015.51198603065	940.924675761628	835.462662482079	683.366471403168	1238.05200814453	21992.0835593976	783.156992950182	508.210138662513	518.072886951863	1487.79554692938	171826.698981162	610.885150109685	52.0901181810129	28.6047181558135	23.972651050261
412	6010.39500635453	3346.79746778067	2504.66514839653	1907.50515193855	1761.018885483	1374.08615587093	1256.2277981535	1007.45320346739	994.74319816304	797.62041908096	641.447395335181	881.619004210067	19642.4770498971	1691.20665599119	465.097492727074	480.806521694164	890.71070897289	142623.409408225	7391.03683487173	69.543482483011	29.667106344533	28.2600490614451
414	4595.22773269524	2983.13299350162	2165.32124294618	1856.84214823674	1622.28892758577	1549.4245283765	1187.63458155689	997.939971082069	919.772165559463	780.53342786466	616.010514323549	704.718305749073	14739.4256830087	3585.2544944585	415.575415398834	477.526385641632	657.490567729989	82483.2856661002	32823.1092754226	74.2100088022262	31.2023779314607	18.7081456438224
416	5770.15243722087	3210.1217851825	2478.15188633636	1877.7979797137	1592.1315623213	1356.28937688273	1273.9954783157	936.56624081415	900.420944431939	774.547670468362	589.529659618719	591.763062447171	9243.84394861743	6765.46297234245	408.727090803999	486.874823948679	518.399416681043	31157.9275701411	83543.9679284365	110.730023648123	36.3901624811625	31.0812800622692
418	4377.05881667819	3057.3809335123	2235.78754410186	1755.67907029865	1556.48888614747	1313.00325640279	1116.48298393625	1003.42834956935	940.766564250559	726.626397296556	646.017851046289	521.44406473918	4954.34460078409	10795.1574513446	357.700249799975	478.923426767443	432.464846224079	7098.3332752374	134705.809682213	189.953378584093	41.6515310073681	30.2088528867771
420	5043.39066807968	2753.21304391943	2184.73978619149	1811.7196579558	1428.20776641101	1250.45509825243	1120.9002452854	955.300211720366	881.053544636093	756.365976886746	570.952674804014	503.027771326009	2439.27484535118	14612.5745397201	355.913636514342	406.519182552445	390.329496716328	1145.66905123294	153518.623719846	520.725042343044	52.2055225507875	27.8931074319697
422	3897.50796399262	3117.5306666784	1980.85971200665	1584.40187969756	1493.80699790458	1123.27206355017	1104.21655915953	923.564497949995	794.327408611747	741.655744546431	587.750964517791	463.495880267253	1259.16213279194	16660.1163358967	470.848581807931	363.579801763281	381.469408710208	708.327169514323	123895.467240714	6257.03842818663	51.6041843379744	38.2951033670396
424	3317.0846067159	2950.55482708982	2083.45082869029	1557.3481337844	1329.19433776152	1231.42251195493	1023.33805845634	937.573385181597	834.231498243645	695.760138405159	558.673823195203	431.343072766274	812.564316037059	16262.2502983986	905.966795512646	356.764681164703	385.427675663757	547.156505958708	70309.9671074077	27744.4099673207	73.8874808792153	30.5655851990314
426	4414.07368389768	2770.12396352278	1967.84547113925	1433.4490015084	1403.42576238008	1234.24509226316	1029.75639786967	827.112538157055	744.509091790313	714.201254053424	536.583186566364	470.153413924152	592.245720245726	13318.9641184833	1898.13021390527	314.003890070578	406.216406627479	446.442928921991	25922.8666805902	70173.5641768019	90.3512288366837	34.1897072673155
428	4010.15165430479	3013.47319784091	1776.61730430513	1404.90346598492	1402.24695070102	1164.51745819736	944.558461967412	841.739975618431	770.608429139891	715.750388298218	555.284336132812	454.203791202325	522.554810213379	9347.01327168276	3681.58825982085	297.000954243185	359.511063184332	377.487233754698	5680.31284609611	117106.061507724	160.057339332031	42.4545840342988
430	4237.0022198318	2869.67838478041	1866.57225686595	1625.27108228454	1378.96550277949	1112.14825302435	1020.51482893449	857.809833648747	738.943282167307	700.345443393283	528.433219916579	412.687954137096	433.431566962998	5594.87475212511	6442.56787392105	270.854906663244	351.75272887398	315.916406965071	919.820403412585	132348.12071501	420.27365039628	42.0074775087378
432	3520.74805381708	2551.68959872088	1825.28810155339	1340.11090009622	1360.61523178213	1175.44281885071	994.291570972902	761.963298764398	700.8340244988	653.953071840205	541.886183565077	411.694540881497	405.670015176262	2970.26943250365	9231.82217101972	271.658312165634	314.139933516852	286.554217017589	618.322428553253	108872.03445878	4858.50475643423	55.5273373138674
434	3945.46980891157	2860.15966211947	1907.33327197354	1476.66083566268	1176.81374919466	1194.5218430413	964.775249556275	824.055311808373	733.553056501829	637.47827657317	505.941431851933	411.439886322169	367.464891915175	1483.89975156361	11692.7484617197	321.11093232769	301.347267199847	304.80582918146	470.9049734884	64384.8520634477	21892.2517174062	72.2981563745689
436	3942.96152673352	2622.02910667388	1789.21783387595	1516.81692044787	1277.48510920355	1015.93792293817	927.01571496153	776.035400990314	721.369654730917	609.079049322	505.67210083441	407.213668473376	340.809040255567	828.066909577872	12624.9187605625	505.240339261095	274.1675698979	299.205140272293	406.682576160102	24597.4355992727	58115.5464396634	106.298499023493
438	2769.4728827969	2564.69198417775	2040.94860332714	1391.40460874134	1167.37296171404	1053.06849971442	828.929823223564	718.582569524537	742.878337446505	606.462532284581	481.031366311491	394.213262695956	330.943200629801	579.294637818618	11727.2186127209	982.169179570281	271.806413324898	320.031747119063	317.318835913671	5977.73659395239	100182.879825468	160.796989696746
440	3621.89876513621	2917.48305814031	1767.61092018777	1398.72628058539	1196.25123572115	959.367554710146	820.733989825548	759.448516750603	659.899149308683	585.824895657926	490.15275067571	373.641842976946	334.834021339263	482.198540758914	9253.80848218214	1892.74919885018	243.441086596591	305.971491421141	294.886123034089	927.489686678909	119215.124550627	364.285337467464
442	3285.21257418737	2421.07534756859	1759.71972820562	1405.2638406049	1227.07247435966	1000.59448690915	822.718984476109	745.995522599583	643.626142327945	567.972839086307	473.402145771126	375.04666421529	340.644243778162	406.855645995872	6334.85109190933	3405.09226386515	233.755115880676	283.675664649528	263.582916764743	521.549767874204	100843.77096176	6017.01946604619
444	3844.36439117148	2600.11408259857	1813.92559766114	1308.23383014082	1099.31925400929	935.970436308012	805.462091263014	736.940102276943	608.3083872806	537.460857097595	502.289868021372	382.334628425491	319.162567951274	350.302943173317	3677.04346185448	5482.13965967007	216.764779283026	259.777434799846	249.350732466045	433.765113405662	61201.2988442919	25551.0129281936
446	3275.0388711414	2360.10212662162	1722.48603237405	1328.16486175293	1038.03015774853	901.412417574103	785.615823888567	693.15407345373	630.993680043557	530.588046665279	488.729675213129	349.635595396311	312.286621111272	291.626470735617	1879.43225611877	7658.76513632363	234.950590997832	242.842673373737	261.066358053086	342.478931951112	24154.1230328232	64730.7071569962
448	3151.09012065944	2239.36437635515	1539.59077245595	1378.43606945191	1186.79975905907	854.218906522275	762.7285810118	663.337684461166	633.84679849431	577.480610580282	456.420963444049	366.171765854258	314.286554842393	310.024315451341	961.589175448147	9119.43545193477	292.672464799115	226.181795863177	263.04994346318	298.183440275834	5885.60022608147	101871.97699974
450	3573.19710855467	2462.6958572846	1805.81183841348	1177.26530003641	1087.21923999934	881.027657986202	724.909911818927	667.077383638439	642.00602559758	520.62060347184	460.492126332363	355.965244080292	324.376450967234	268.913620714468	581.496355349347	9439.05469751205	508.124698665411	227.165100829212	290.460720400916	251.639625504821	857.316391845597	118006.068565618
452	3460.74535780268	2545.36717666515	1764.51812845861	1440.60819039259	1149.48911841529	814.901476364539	754.414256879491	673.930545180729	577.035216473972	536.26494009071	431.554073955541	357.864221257685	306.916978145009	273.940620962676	462.114176361037	8517.16174660088	1041.99780376073	218.139498871787	276.967476832644	227.855715033641	486.202841375064	98245.8858673649
454	2699.57915397156	2451.73424973429	1779.23820047989	1366.62884575527	1093.84864694272	895.988959152544	723.80173881204	652.595946503225	600.381173868839	530.58330705177	437.606399911506	360.570115673415	297.35433755389	276.771953612694	392.970276037377	6596.43083508107	2040.21987825384	215.085216091454	253.239387259837	217.052546539206	378.942050407077	56462.3970712162
456	3638.91505909661	2509.24547057546	1588.50762728349	1251.25638182148	997.6877763267	822.277862755363	698.94553080512	659.131752339671	603.969271784223	503.321808012008	412.151960553616	366.051165448977	301.001112257381	279.649443685875	321.962182851419	4326.65163363688	3414.7226072209	199.658379783796	214.741937469998	246.765490317118	316.395045367876	21349.4579618359
458	2948.04109010932	2370.05600651609	1398.57546338417	1413.90198990515	1167.3044582766	825.794015899046	699.074056519896	625.250631908428	567.189034371833	512.902411543649	419.236776440924	377.466531862763	304.689689051299	277.853564327323	289.90931107889	2474.40342001675	5103.37320804159	188.38174914272	222.496570849145	239.845157138096	268.250661602675	4789.14934914688
460	3214.89697244482	2186.82064333345	1815.5262447448	1360.04351875281	1012.53648847011	831.473130729146	725.932823493298	667.962098932877	575.080027300825	500.160752954626	434.204895092257	369.95747604143	296.474409770677	280.434425485315	251.390157365718	1340.346838934	6704.27225983984	238.72410727597	214.287329885914	237.433600515734	221.119773759236	745.132250245334
462	2827.64341846863	2569.44301166645	1933.2847926198	1303.68321911856	1220.01551938234	789.568409663501	672.048530621183	656.580246402577	539.707634443972	486.458065073449	405.071228547611	339.135702532393	301.038036475773	266.570926602338	247.263763207739	718.360311919598	7622.2825756389	335.435028859227	221.963335785746	275.46917351935	204.19996738021	441.897258011637
464	3733.57363374882	2516.52664339314	1806.2708754313	1368.75208203192	1077.7215960745	783.632835925169	679.027487729041	620.301074255367	561.217222549007	512.181569103098	415.54038454031	364.876281437496	280.391776582312	275.578136481334	244.955904730951	485.585269352594	7455.38771493083	637.837747607634	211.171189503963	248.919879567388	199.451811869641	348.451521821402
466	4229.68833712932	2115.40946650116	1919.91860948389	1402.7229650861	1259.34857751735	790.925300647058	661.437601381845	684.304277710987	570.704826291613	480.397734062244	395.267968700936	342.831196298254	289.591422519702	265.451861769601	251.807311204264	387.918986008549	6405.15358284942	1214.17725781695	210.374852417321	232.974825245381	209.111291561877	277.990900563293
468	9760.16945096256	2283.7776677547	1923.36928030095	1297.27380535222	1185.54325929372	748.959234115597	664.796175061865	733.985512547757	543.072375482239	441.676543822678	377.095469846682	339.794098829822	288.04949998142	280.847745953505	249.381407200783	322.849311468806	4742.69252187392	2104.00155747515	194.214155081438	201.321103025221	208.041110598059	259.434132886536
470	26607.5172648545	2579.41649338759	1894.35804199259	1382.34941266205	1189.17592940593	785.440175210231	645.496533105419	829.091106024582	541.997257307946	461.964297207001	389.670667931979	320.777730858922	290.534114018245	261.988522963233	239.230474295943	287.675223767382	2969.23327725895	3325.09607387217	201.056772181576	213.222692398163	221.483980572267	216.007877188467
472	59673.8698536127	2506.96488767844	1901.95255394467	1329.69365061077	1238.18337123903	782.288412325062	612.020222208902	937.629945175906	536.55573024074	450.481423244349	385.399695891425	340.547605446445	311.544554315879	262.992397320901	232.847292050377	257.090010630501	1675.32794112788	4705.56376833067	221.406552042983	218.724249856114	240.141035411007	202.854504317301
474	112951.686476246	2202.804364916	1868.74327751663	1555.78338419559	1391.61373718422	790.304879129316	651.963583041805	1046.28867763575	545.973866048184	450.461931204819	409.311035523265	324.424205004181	301.217110103194	267.663799101776	241.244699929894	240.351374044242	920.645169823942	5816.516695263	281.441298959785	228.663823021633	241.665190250251	193.437255862832
476	189594.93767624	2082.52961489924	1961.36388977025	1534.49748139754	1277.59720697366	890.312394360644	687.172262229009	1057.7933108796	507.770028537899	453.529309265857	374.086935143907	335.238378186318	304.136195831531	270.644415235439	222.609725279975	232.501380371513	560.830407502349	6331.64363265718	450.258357702751	229.457081724043	251.203139503143	187.544293372866
478	259640.240026046	2487.98584174502	2135.29565806363	1651.3117514325	1254.78278348729	857.350437519877	619.950757894051	1028.96452019017	535.479807058	424.78889663297	394.40747774557	322.72872157806	292.982653971505	259.424109277498	223.61542571096	218.476208303394	430.284743377698	6038.22994561076	757.266102725111	225.243181739358	221.746287589804	190.00578006002
480	321135.82751459	2651.55308383204	2449.02155133375	1875.05038715295	1233.1010530173	858.274237442861	609.112498854316	933.739760650221	512.539715556358	458.256210391226	364.163313501281	303.473096172067	309.893963872276	258.780824740386	239.319157324606	225.582332155723	345.801405077116	4927.62041905596	1327.4941770744	220.900320217554	219.735604389761	193.701149977464
482	341263.10743493	2721.47757732788	2326.78998088974	1806.07459819872	1353.73289461674	824.733305345725	684.989947057956	851.414462769249	468.427030850684	453.612276512676	355.933936692217	282.821975742829	276.218704871879	255.879575552438	242.643628936666	227.565253529706	327.347624524236	3482.20658952668	2162.76749305965	220.614621051209	226.86437912249	214.313868311436
484	322952.794937425	2950.01161842408	2544.39985455777	1592.42946112999	1394.05343828651	929.235056992634	620.87966583763	854.015962499984	495.348662688156	445.68854677298	344.958910084537	301.770431521206	263.990271766576	262.654402820837	233.849648263364	241.109815832266	299.276213634757	2243.66250675923	3200.26685523338	217.105940967865	233.743081216501	238.615774578066
486	265537.547374797	5515.44579189493	2605.50179039428	1827.38801840653	1379.76877110385	794.1005583764	607.452612205515	798.024104893472	505.774710953859	432.704760774385	349.593937015216	287.301286069046	266.176390062954	260.779769508649	223.396886325714	223.924101025988	262.084848150874	1318.14675553473	4244.76408526235	254.721413051275	218.663586995893	236.155067619439
488	185736.473769368	14055.4290912371	2439.96285235981	1701.94214522629	1473.7692957487	841.394706369664	610.073979590831	741.584998840533	497.457598390229	421.379990321727	332.645212228774	274.650273377175	284.57023385346	253.616040996644	232.044628799624	226.882914369918	254.442801935334	754.822814892135	4948.16216187782	320.181507989635	216.837773161177	219.795633557364
490	103845.541155054	38937.6160993986	2348.76536213117	1713.40153441998	1311.17732120541	856.173594137436	578.722538627537	687.433573027711	486.750222209534	410.595219553555	348.763695942547	266.479340045436	260.254816210704	255.426257051092	252.705870266688	220.405851567347	243.61644527737	495.850180678806	5145.61895212915	444.898307261665	210.947757023115	204.354592699155
492	41195.6285468841	80743.0685536238	2521.63179911065	1863.70704966573	1323.35975525646	773.14019530137	571.755850742154	666.032974367036	504.25499090758	391.42989271913	333.439400624004	264.723433282464	259.547850966184	244.306350392193	224.879887913812	204.644908536585	230.813134862254	379.157545313666	4770.65879795031	752.848461947988	208.027550230268	188.192392800653
494	15766.7167936765	139622.381383739	2523.41383289877	1705.70193576632	1293.72888223907	859.261110058335	521.732103869071	655.714855174923	477.849666095699	398.738734356434	324.827886194235	252.970725769843	255.783505375333	258.430184124255	221.011162687125	221.101840424088	224.29459892849	360.288643120077	3879.47455834836	1246.56202678199	184.634340397731	197.723914963448
496	8289.79435040914	210287.05956141	2281.08976394119	1865.7956956951	1355.67363911035	874.776143452597	572.551098008509	639.423998673246	508.592070716566	399.056159515694	289.719919350428	260.923585813757	237.735459179085	224.846061082742	220.667481808305	213.484784567557	207.650609606579	294.518625830619	2766.42767180029	1955.46397064299	201.642387146193	194.760815893921
498	5217.56125403073	286489.515431978	2311.28720508832	1811.7049538899	1234.25181563632	825.483924603764	533.882095732132	609.971602688291	446.843059854934	363.108912108877	328.020074672475	246.224314008135	232.188197747627	236.96449158816	244.402776600913	222.036985518669	211.462739826967	284.812366484766	1777.56656753697	2763.86875881416	206.25077692987	185.640826413522
500	4963.43379373203	334740.79493071	2581.04295842721	1769.13327761465	1250.40705784405	781.580292176933	553.605057091358	558.977622290203	434.649798649099	375.808375833284	297.283647425251	250.346736949167	223.025367783209	236.585435872065	207.25586820495	215.820492475673	211.491209174445	265.869390923514	1053.63604310537	3537.47304884974	241.466540337435	193.306360780321
502	5084.36920073954	344620.061653504	2396.70010030935	1571.60122238831	1264.36405353822	848.503562095113	531.619041156156	602.322932611895	438.678093485957	367.735710057154	303.364596132963	248.653555750239	235.954365003617	222.832527559371	212.76646638508	214.10455381588	216.366470576329	249.261059717516	640.150345564202	4043.86849705736	305.638495020647	185.533258441142
504	3553.9011268362	307525.037140823	2896.29598087529	1718.34421291908	1231.96045180967	819.343700717128	511.864165757595	541.335929220035	422.293744911252	350.243195363275	313.457263809166	243.084494773815	216.482788228842	227.491554541348	216.351618228781	214.674279108376	228.496789483606	237.999635020743	433.776793955488	4221.81745590503	449.81836532715	169.432535360241
506	4791.69999467813	240845.948174434	4256.00386262508	1706.24912798259	1231.1511859695	747.778210563964	525.319508636971	544.724495615876	402.282799610754	319.61765123103	313.976282745554	230.760412472138	208.601303282969	225.825722614336	224.113668290573	203.471634628291	211.835515010563	218.60953158879	367.257081966513	3908.9479426051	695.356871232319	156.230891352234
508	6493.94990083408	159217.83541948	13639.0546013427	1646.54459073104	1369.28860114127	834.576238538646	546.329131026604	515.378367161723	456.965756533001	373.72865799624	303.350795299114	241.798748516574	213.834160632771	210.449009531976	189.752633447019	201.518390950115	213.884150079673	225.012775715859	335.421959612745	3176.1465455925	1135.73543775517	156.646226443582
510	9281.47253705268	87932.7735677325	38089.1549477555	1746.49652463147	1320.45156418727	796.199556850669	508.910918199907	471.408154545553	422.318517971332	346.792954950015	305.277426251837	225.176307695779	217.859574257465	202.366638826383	190.962273318867	199.998656881746	198.016543035286	234.914543355203	312.299297767312	2271.07281775399	1769.9502730232	173.43181042031
512	13503.9592385098	35094.4002273802	85778.4052726955	1875.18567382277	1335.79549127061	744.731754900211	470.093045557363	471.12550199558	370.737334430408	335.689257888275	281.957341025504	212.025328645968	226.079862947963	191.987611574739	201.601808418355	207.555071970606	205.730726457332	220.591226370001	275.725506071206	1498.55054955239	2433.38590030011	197.129502197048
514	24385.2250888037	12156.5932721468	154531.237712308	1693.48455300888	1391.70141821396	681.14492536938	489.333207933497	461.604512778885	354.584498630374	325.935009927637	276.13244096087	228.120190389571	204.03638694835	190.16887607699	222.374730682468	202.96745184836	198.500674689413	214.495509167499	257.943656531233	901.288196555278	3001.61871386269	218.650293672521
516	35088.5929568483	5907.21842097912	230865.994215161	1802.40645961375	1235.90138169837	770.460790505205	475.926400965496	415.613472152181	367.988917363642	324.855834293484	274.788713440369	209.245045634669	205.381586086027	211.227715389155	209.153216209406	199.104050994436	170.980195179626	218.537974773473	239.282855951068	528.275856252215	3504.99020541697	273.942979974015
518	48788.3738276487	5428.00558618854	311869.589012715	1866.1129446683	1369.88656349123	808.034333254913	499.371333555532	437.363024694925	419.646723135135	281.659794830646	263.31776274751	218.819264413561	180.486018205235	206.370369185587	208.547443535559	203.881274338133	199.775112134444	210.956812934259	227.76715047087	374.209483118527	3599.93027880021	414.586142091821
520	67178.9447727853	4393.54986707572	361151.346233393	1945.03551026874	1255.63998817449	840.090963373884	516.684982526967	415.930437779165	382.999767740534	322.901822499948	281.800830426956	201.400809887354	198.02754968697	188.373840955459	173.72623761703	199.303559145523	197.980986490944	212.609160923183	221.32746093834	345.53570601164	3294.69472049007	697.617424464412
522	78603.4684036781	4378.58947062369	361723.43933931	1875.17116657061	1404.13146829306	775.334442528627	520.991108368699	406.827895588298	408.670994307043	313.211175550085	238.23060249592	194.298330288264	191.465402016819	203.679617664025	196.092316010052	180.157938142963	183.084247233095	215.401919680845	220.182148204483	322.985068754359	2637.46030331975	1051.09662183804
524	93964.1855459996	4547.8166363297	314053.163245026	2384.16787610131	1298.50785347144	787.599247743678	458.370954761983	415.254149213061	369.517367180947	284.582085573842	258.395017723235	227.496535273882	186.108490835169	179.902315229175	184.831367062338	193.538392475395	191.3642558919	195.706921085244	221.836295065441	300.099371041707	1977.68936652346	1538.9795000859
526	90787.1687536183	4477.424543995	241677.076019877	4476.70023382309	1442.1926504004	797.924019308864	505.015672308678	439.695256591252	390.696768923951	332.595325290957	224.893276962777	189.060806068372	188.493334852728	197.635870133859	161.426614037338	190.233096510747	200.120833480689	201.943876689821	213.262215117871	252.272900562499	1245.20166115782	2124.08968419915
528	80715.3259613658	5044.11066399813	158118.498269085	16488.2503978215	1394.38199723325	822.359482320329	447.826365480705	373.173714034065	370.930560639877	305.851955519602	261.061175822838	163.681286672911	178.471771421177	187.183833991911	176.110091423193	177.577480773084	183.897754832649	216.528124856971	199.77216341538	247.029467111997	792.466055885065	2637.654590951
530	68155.598658178	5039.75380676755	82820.7855785214	48044.4145822806	1380.40811216073	954.702597310654	491.145471866518	405.143486587085	372.068690085662	288.292986656825	218.421154904227	164.041234052086	188.072748423563	175.993861801774	166.736338773412	176.604290299218	174.072844967975	196.372530078264	190.708012996444	214.471469975927	492.441767416641	2971.28493648628
532	49844.2340809041	8382.75997960461	33078.9616045728	102157.769390954	1608.9234991585	1039.79440329644	451.447701947363	436.45627045047	351.530854631247	274.89631010796	246.033371822263	186.519321722576	167.081751243827	167.329725646703	187.445238508752	176.739115156572	181.758805269494	190.183035796607	207.982536535051	222.955293805219	328.954377006686	3058.46195086319
534	33917.1372071026	14230.7509602128	11169.4237349718	177452.004305288	1714.45691557288	1057.72333583626	512.533274450832	351.60834558576	317.039100204367	265.701100542536	207.240471766956	160.605289315595	171.807945673806	154.135537869527	176.637630802513	173.094988866959	172.361180227513	186.320513440323	199.755433011938	203.672240792674	281.859498010127	2825.89777145312
536	17834.7378321578	24384.3585893458	6355.0610414363	260337.015351637	1740.9197523629	1331.24270830893	608.507509195127	381.550169693467	359.393694084219	243.974656310162	265.335346135301	185.214488001611	157.669555078344	164.132002199753	158.044469631488	184.655018590807	177.560774488584	168.027454064899	193.758234687385	207.715794448951	264.371318897074	2281.38847297479
538	10001.6850590795	38363.5504833903	5556.44169470113	341300.092256458	1814.38990711233	1574.48723702009	598.186523172902	425.970144811274	372.109757587303	334.123121694947	233.498987783135	201.431504025684	165.118893881643	171.190583545544	152.431671487434	163.200805434301	160.539304213928	191.680043236159	215.437383538104	201.728430989912	243.049199824239	1671.32153826634
540	6327.62141551251	53597.0957843938	5397.8808077615	389519.200334346	1979.25709709908	1782.21801730385	674.721078678221	438.585721524617	377.00108436743	322.993618178791	262.996152158738	151.093267704188	161.017332544235	172.75013830368	136.346032142362	156.161775019162	174.924670515706	165.290775679746	181.988902579883	186.334695105905	237.225036492621	1128.46257419013
542	4941.79171597616	73259.2798223853	5012.4117055156	384247.661678316	2329.98543727752	2118.27841806884	700.863185489575	433.253557086995	415.326074051906	334.194305340245	230.506777347585	189.471946279333	179.428715973835	171.489076155931	162.465192438555	174.208912982564	167.292995500315	168.29048971603	182.108220513822	201.498135234808	223.573340232979	712.119328365591
544	4500.19899740744	88041.4432104367	5026.60332814598	338188.160758891	2985.55861798221	2616.22121671629	827.18588785297	444.986099012686	404.576689178428	328.600568918367	216.752369444413	178.901236451766	165.491341094773	153.502721900372	154.266888165593	147.879672442565	168.059069698342	174.959265636053	186.33296756022	182.061326089019	203.543559180568	449.808286492323
546	3996.60032953872	95935.2605501017	5377.78713704348	257543.777148889	5740.6611041514	3115.64666660784	933.274169573282	509.557873175418	419.813058117799	355.033074828116	270.878413072129	183.621990959041	163.182780840259	179.836458965791	172.82171061943	137.508563352617	176.922907502869	182.09807594007	178.950174922134	190.686015684267	188.19096120895	301.957041265157
548	3813.96095051564	98015.5626767398	4692.86783517999	167774.905764424	20540.4629342812	3561.3151448513	987.005079372196	541.21915622267	435.05837299411	317.746124308722	257.532564467977	190.104323323982	151.739080015433	169.402379466492	164.393758345288	164.35484759016	179.84957128308	174.569757004376	184.110582672125	173.688248521034	189.536859459477	275.512828121788
550	2786.61523366514	96777.9157979694	4595.55087429363	89975.0409892135	56507.9586631507	4227.9427342684	1151.18751681302	563.637378321387	456.594889540968	382.82412037898	251.678532216601	180.979078154369	164.654635002687	179.049480457959	159.178058234472	152.599971285913	159.814400377889	179.547510746919	176.091212206431	180.935851058523	184.951767582135	235.951866274619
552	4429.22613698301	79958.3792856034	5502.59027975732	37437.3091548351	116257.938022749	4942.39769094025	1201.89300734386	599.340421211178	472.116817951171	393.729417916509	262.163590242169	177.232845274477	169.143006991715	179.7429148302	163.474466540941	142.204461734304	174.199634328925	158.311623561803	170.210641805712	183.177824740737	175.420607140793	235.389412670309
554	3432.69038076324	65489.8953515823	7130.57197661589	13778.0861843258	192555.780704734	4984.11508529528	1311.86221599269	632.813655756856	482.39461463659	440.724607200368	258.968207303941	176.840857280067	163.843517729038	176.700085601564	157.676772131115	143.994971928134	163.735318439082	147.094846506326	177.711970591226	175.600576898835	147.07963108283	209.335205693066
556	2559.9953770609	46782.2642030159	11038.0016476849	7399.09269723427	277588.044649039	5690.7768789153	1456.57633034726	673.49294417361	526.906117638057	354.245295097367	264.327556792352	167.140572871211	164.793173281634	175.74032392144	157.036766126024	156.557567986466	152.479560152389	152.011156140431	155.493744147455	172.893464025236	169.257099288162	199.486765047426
558	2705.2983043983	30953.5239626897	17676.5414012194	6450.42555415062	357137.617768062	5959.91854222467	1405.15975166297	721.551556938764	531.333155770415	393.16901902952	272.034316277595	175.381414897042	151.848664591625	194.583074415522	168.985727625248	145.142790194563	149.311617610036	151.665096821795	152.905969310542	149.865911007583	172.961528177498	201.512106745125
560	3275.33801861059	17673.214575323	27740.6394174181	6261.43523033293	400922.820302324	6232.99510794656	1560.15763792385	719.706251172453	511.063642535276	388.773148569483	291.433730534953	193.268120374771	155.867541494076	178.700556186075	149.494432135633	138.887910843458	152.07042971321	145.51486884235	183.753481445316	183.792452604491	176.407360758311	181.520048895578
