EM wavelength	EX wavelength	S1/R1
nm	nm	CPS / MicroAmps
300	240	2182.37964525079
302	240	2395.30369356272
304	240	2489.01109550345
306	240	2676.48497443347
308	240	2851.91635364969
310	240	2812.41125660803
312	240	3187.51237980391
314	240	3278.74790940742
316	240	3560.52683727804
318	240	4497.68744075089
320	240	4134.26391240164
322	240	3668.34785064025
324	240	4284.29117361326
326	240	4390.50060261405
328	240	4389.86573513385
330	240	4094.62072560055
332	240	4415.84861243301
334	240	4041.86898087337
336	240	4323.89744682759
338	240	4948.45483751056
340	240	4603.43869950134
342	240	4748.55091055224
344	240	3812.38425063415
346	240	3959.40463743648
348	240	3745.42176253485
350	240	4189.03097714035
352	240	3786.7456289336
354	240	4082.02833350168
356	240	3599.61408494067
358	240	3960.1403242319
360	240	3640.63808220371
362	240	3802.20699769022
364	240	3761.07743667922
366	240	3761.11183869775
368	240	3640.90486643778
370	240	3131.20311115273
372	240	3667.07779397778
374	240	2997.10365226271
376	240	3198.71859284904
378	240	3265.29041652613
380	240	3480.27862095962
382	240	2849.51349825703
384	240	2944.27048025329
386	240	3451.92767912884
388	240	3333.08474716713
390	240	3318.82809590119
392	240	3199.78131356476
394	240	2891.5189329201
396	240	3160.55669544361
398	240	3132.49318377719
400	240	2716.26190892206
402	240	2932.17944052952
404	240	3627.16282861492
406	240	3185.6939626045
408	240	2986.30858726372
410	240	2638.13310490654
412	240	3173.59325610442
414	240	2666.66809754039
416	240	3132.43593541504
418	240	2624.37719574541
420	240	2905.84460678711
422	240	2476.29372376469
424	240	2263.00688591924
426	240	2718.88089900663
428	240	2570.10294628588
430	240	2678.26227144555
432	240	2395.03360915207
434	240	2584.20379872988
436	240	2596.84035686381
438	240	2113.61377230382
440	240	2489.70322237518
442	240	2357.04634833584
444	240	2611.13509890419
446	240	2370.08325157608
448	240	2318.1624107303
450	240	2503.76854499168
452	240	2450.86593239454
454	240	2115.18912708642
456	240	2517.22985126731
458	240	2209.92932319662
460	240	2315.53999548469
462	240	2142.54943246608
464	240	2517.97776326541
466	240	2717.10418444176
468	240	5021.76797963273
470	240	12013.7325994093
472	240	25459.8114634878
474	240	46769.3367777878
476	240	77110.2502721063
478	240	104503.945157029
480	240	128120.430256593
482	240	135524.442283614
484	240	127771.068449547
486	240	104836.331945499
488	240	73373.579016827
490	240	41306.4561169548
492	240	16902.3343623953
494	240	7029.47138490857
496	240	4128.15941638305
498	240	2935.45893937451
500	240	2827.11849411997
502	240	2852.90960855669
504	240	2263.5641221875
506	240	2705.75054273555
508	240	3306.38844055529
510	240	4286.50895698929
512	240	5745.86532685467
514	240	9507.45215684057
516	240	13101.3136626814
518	240	17607.5968306498
520	240	23567.1121547725
522	240	27087.018832042
524	240	31814.1256055295
526	240	30378.1521218073
528	240	26745.7215336338
530	240	22429.2522070924
532	240	16458.6484723897
534	240	11369.045378612
536	240	6346.91203459499
538	240	3925.23736687892
540	240	2799.68337997575
542	240	2369.86003867559
544	240	2222.43947466307
546	240	2062.31891826841
548	240	1995.60285034667
550	240	1699.51809007271
552	240	2129.43373635761
554	240	1847.22842559598
556	240	1605.93665682234
558	240	1633.40888443038
560	240	1766.51826614586
300	250	1535.3103210679
302	250	1890.64984516874
304	250	1975.1772382565
306	250	2191.86751245001
308	250	2516.99942552643
310	250	2679.7626208931
312	250	2806.29296069392
314	250	2998.2829735966
316	250	3584.4341536202
318	250	3346.29089250527
320	250	3588.10836033297
322	250	3971.44221371524
324	250	3991.692895682
326	250	3861.58683250799
328	250	3837.85127600074
330	250	3906.75573096749
332	250	3943.36448301237
334	250	3956.82442570032
336	250	4037.80236617746
338	250	3733.42920935646
340	250	4137.67105480703
342	250	3733.64859653432
344	250	3896.37472213243
346	250	4115.91970640929
348	250	4205.3722703708
350	250	3855.12049624415
352	250	3688.94711132577
354	250	3786.34858925632
356	250	3662.6701019972
358	250	3597.05359262835
360	250	3140.42102553148
362	250	3109.28467417656
364	250	2917.4441580653
366	250	2796.97597657502
368	250	2917.70053763874
370	250	2951.54677787675
372	250	2525.90884063649
374	250	2466.91377054639
376	250	2376.35289020841
378	250	2440.29561251416
380	250	2292.60938274273
382	250	2314.27583563354
384	250	2096.6423463121
386	250	2006.59709285335
388	250	2081.00129791437
390	250	2201.5775900968
392	250	2280.75721789892
394	250	2154.73186388876
396	250	1826.13402805971
398	250	2042.34370957918
400	250	1905.31529833989
402	250	1836.76019696915
404	250	1942.09987273874
406	250	1884.6951168163
408	250	2059.48049926136
410	250	1757.04150530725
412	250	1762.79169705309
414	250	1624.88533450513
416	250	1736.03438251689
418	250	1687.40124352204
420	250	1571.90958481443
422	250	1746.31876904352
424	250	1687.73200633497
426	250	1620.27199322268
428	250	1742.14502132775
430	250	1688.38361772729
432	250	1551.93695733009
434	250	1704.95810350938
436	250	1604.31159908508
438	250	1588.23006059345
440	250	1768.22400651329
442	250	1539.36861633488
444	250	1635.90174479505
446	250	1524.2911993106
448	250	1466.72806895003
450	250	1577.13244162865
452	250	1614.4316040739
454	250	1565.27556013734
456	250	1588.20947757966
458	250	1513.23143477975
460	250	1418.42026205838
462	250	1593.99531105841
464	250	1561.00453437492
466	250	1366.05212314687
468	250	1439.93157342066
470	250	1572.44441611027
472	250	1523.61609650847
474	250	1371.44627270692
476	250	1307.45719085577
478	250	1481.49857857452
480	250	1546.37945262851
482	250	1572.12287416196
484	250	1667.51442960067
486	250	2785.58441686521
488	250	6502.97637377592
490	250	17301.6329761029
492	250	35365.8406572729
494	250	60690.6942252712
496	250	90810.9007291566
498	250	122874.938878988
500	250	142688.358191036
502	250	145381.991070126
504	250	128456.801493949
506	250	99628.8520217417
508	250	65275.8524401164
510	250	35831.9110228754
512	250	14341.3350357201
514	250	5148.91095649022
516	250	2661.5182380783
518	250	2445.85498357634
520	250	2026.75812852576
522	250	2000.75893817805
524	250	2042.99297071263
526	250	1995.52427010869
528	250	2175.42479602845
530	250	2148.97499878653
532	250	3290.736737769
534	250	5266.04598955879
536	250	8640.45723196343
538	250	13177.9168223381
540	250	17987.9370188208
542	250	24082.8426225313
544	250	28438.6604631593
546	250	30503.3698832545
548	250	30710.0003638097
550	250	29898.416952639
552	250	24386.2075033067
554	250	19738.5894639856
556	250	13994.3149614547
558	250	9247.53753741795
560	250	5363.2592075369
300	260	1714.83873826502
302	260	1904.64542268568
304	260	2182.76939799871
306	260	2285.03681622414
308	260	2438.5828680998
310	260	2675.67372869179
312	260	2780.39206425432
314	260	3048.25342961939
316	260	3400.02604351692
318	260	3230.65670053672
320	260	3230.89868354953
322	260	3469.68521429364
324	260	3652.55172049648
326	260	3748.42612309645
328	260	3681.02394451152
330	260	3681.2848431411
332	260	3522.84876501886
334	260	3322.17379405454
336	260	3417.49757326974
338	260	3551.3795713191
340	260	3465.67982696204
342	260	3161.22412880123
344	260	3185.96862894594
346	260	3066.93084104066
348	260	3100.18839589473
350	260	2880.31545350665
352	260	2910.72733406926
354	260	2638.38598834978
356	260	2709.3882255252
358	260	2532.44658271389
360	260	2482.46473377726
362	260	2404.36708841791
364	260	2071.78979672227
366	260	2023.95889129704
368	260	2063.41841507716
370	260	2027.19171254119
372	260	1897.91213618929
374	260	1881.7578368518
376	260	1865.74876450483
378	260	1873.4068369889
380	260	1737.41763435219
382	260	1678.70109556141
384	260	1587.59010037001
386	260	1642.97483069219
388	260	1639.73580586103
390	260	1513.66423211042
392	260	1524.33875965998
394	260	1559.54776696535
396	260	1518.98436700999
398	260	1504.94661709829
400	260	1232.59147877104
402	260	1251.95364714745
404	260	1284.66079420836
406	260	1402.88308344765
408	260	1364.56066208316
410	260	1202.26185339835
412	260	1323.13530819342
414	260	1180.60756826514
416	260	1336.32821135404
418	260	1237.65579027826
420	260	1226.98125128903
422	260	1141.19233884954
424	260	1201.93013896623
426	260	1155.89621063402
428	260	1070.03904999682
430	260	1122.8653360558
432	260	1109.51963896607
434	260	1158.13949621854
436	260	1106.09433640533
438	260	1244.02086769028
440	260	1111.54253977863
442	260	1114.64099629031
444	260	1150.51648558026
446	260	1106.35017107974
448	260	1010.39061831428
450	260	1152.63178099893
452	260	1128.33859679884
454	260	1133.67611596498
456	260	1029.08995403221
458	260	924.455569691871
460	260	1136.52738126593
462	260	1191.30443527128
464	260	1119.86641285455
466	260	1172.79254404936
468	260	1169.75263499814
470	260	1150.36561350617
472	260	1141.97264633255
474	260	1113.56257558245
476	260	1149.77676723177
478	260	1227.21414715235
480	260	1370.76600881544
482	260	1307.26617987425
484	260	1406.36215509547
486	260	1430.8308037704
488	260	1348.42960565925
490	260	1301.6258219334
492	260	1379.49167108333
494	260	1376.49553654421
496	260	1258.06127830689
498	260	1265.88714762997
500	260	1384.23471701635
502	260	1287.77813805898
504	260	1502.50289149853
506	260	2096.94034799838
508	260	6227.90995924916
510	260	16864.8189303304
512	260	37253.8853210949
514	260	66107.8765393319
516	260	97335.4736481194
518	260	129544.54858729
520	260	147875.095703298
522	260	146276.190271796
524	260	125471.748823177
526	260	95333.235598052
528	260	61567.1703613556
530	260	31896.24627053
532	260	12696.6864908948
534	260	4362.85007150994
536	260	2532.30491518128
538	260	2206.3257847148
540	260	2118.85011293049
542	260	1954.05898441598
544	260	1932.5315041859
546	260	2026.60044734706
548	260	1769.82068713835
550	260	1715.07366169197
552	260	1986.95047447696
554	260	2481.91014598007
556	260	3681.85859160798
558	260	5694.71605175945
560	260	8697.22781327908
300	270	33726.2442703748
302	270	22846.2247774418
304	270	12750.470568224
306	270	6216.8221978992
308	270	3559.67465750276
310	270	2981.2375230852
312	270	2878.06032561643
314	270	2988.16160458445
316	270	2945.71951117743
318	270	2912.48841347197
320	270	3101.83563435552
322	270	2952.74747117691
324	270	2998.95236502095
326	270	3197.54917289258
328	270	3233.28686579828
330	270	3147.1143256607
332	270	2981.59707385253
334	270	3038.6358060546
336	270	2923.60378963992
338	270	2866.16397311288
340	270	2884.45549019276
342	270	2699.31861505599
344	270	2667.68223889882
346	270	2627.81901025632
348	270	2539.33806731763
350	270	2330.75728623289
352	270	2476.04498746652
354	270	2479.96670168265
356	270	2172.95001966979
358	270	2160.40679334287
360	270	2009.87018274558
362	270	1978.9436048095
364	270	1891.33638771426
366	270	1836.2299386828
368	270	1979.30577365165
370	270	1722.59383720728
372	270	1742.89237259009
374	270	1687.94447844159
376	270	1754.60705156631
378	270	1595.21200906218
380	270	1553.95447874057
382	270	1505.3746932137
384	270	1408.85777678446
386	270	1385.14855620635
388	270	1318.77992999093
390	270	1388.7689809735
392	270	1368.88961883915
394	270	1192.19115140848
396	270	1232.72636137796
398	270	1230.59872030353
400	270	1204.17341696431
402	270	1165.23348324558
404	270	1097.27932094115
406	270	1070.29349714048
408	270	1077.82162537897
410	270	1046.98759803342
412	270	1057.28374264452
414	270	1042.10144474483
416	270	1063.48954529303
418	270	1013.05146353595
420	270	1053.67509110134
422	270	945.415249843401
424	270	940.771537442205
426	270	883.033243144514
428	270	874.461546299268
430	270	1001.44629093185
432	270	851.846784719465
434	270	933.2338806232
436	270	962.497605498029
438	270	899.563208820342
440	270	910.839776323828
442	270	920.789669063295
444	270	871.138107527791
446	270	886.114654801541
448	270	916.199261634368
450	270	800.245890903026
452	270	951.074878218873
454	270	906.136513345407
456	270	836.163817941227
458	270	924.674388665376
460	270	888.849740803253
462	270	852.088846852772
464	270	884.014959913318
466	270	898.658094124129
468	270	836.41702238699
470	270	880.012641335375
472	270	841.544405977919
474	270	954.218888986293
476	270	934.680619233853
478	270	990.620480473104
480	270	1102.06763045824
482	270	1061.76014386344
484	270	946.51196224925
486	270	1065.40202791907
488	270	997.347932662942
490	270	1000.35740391935
492	270	1074.81557106216
494	270	990.788787553632
496	270	1068.56308397361
498	270	1035.66214295999
500	270	1008.89624533748
502	270	901.062549316712
504	270	965.60084618101
506	270	950.754804730574
508	270	912.832112372275
510	270	952.044016655847
512	270	1002.08966040173
514	270	906.068666262883
516	270	945.446515429909
518	270	962.553426767281
520	270	985.941004776578
522	270	944.288258216458
524	270	1156.13198498789
526	270	2043.17808756341
528	270	7113.76362362581
530	270	20224.2336514322
532	270	42335.8505469205
534	270	72544.7376070134
536	270	104883.294848949
538	270	135319.922802436
540	270	152048.951514734
542	270	147703.97483618
544	270	128059.171597466
546	270	96110.5610330308
548	270	61743.5904213248
550	270	32693.2724005194
552	270	13459.6297964044
554	270	4951.6448399857
556	270	2673.1600458868
558	270	2311.34349041424
560	270	2214.98031303255
300	280	3620.07432500491
302	280	7962.51708773483
304	280	15977.0633633742
306	280	27171.8926945091
308	280	36647.6300583502
310	280	38859.7676238309
312	280	33472.8761819116
314	280	23325.6352881521
316	280	13060.6555017932
318	280	6368.60167789426
320	280	3536.73730525369
322	280	2644.13207670843
324	280	2355.30702797817
326	280	2420.1219637171
328	280	2266.92300825285
330	280	2298.98690885186
332	280	2371.47736492975
334	280	2233.0907998326
336	280	2209.65378200632
338	280	2131.53842985631
340	280	2176.60675485379
342	280	2064.43232214065
344	280	2181.9282669871
346	280	1908.77167828925
348	280	2059.74429586379
350	280	1911.20967708113
352	280	1842.89769834975
354	280	1736.99594192492
356	280	1687.97765123309
358	280	1678.33428910131
360	280	1556.36513919014
362	280	1549.95123564533
364	280	1478.75183414585
366	280	1455.39024398128
368	280	1417.4947738302
370	280	1397.02116775278
372	280	1313.4264678694
374	280	1292.18889370783
376	280	1319.03220702204
378	280	1361.4452020513
380	280	1276.81165573747
382	280	1183.67453613303
384	280	1237.33527191292
386	280	1186.15037204026
388	280	1078.98056028658
390	280	1148.29882406835
392	280	1104.00780231891
394	280	1109.05616931474
396	280	1031.11798922361
398	280	1069.68135639307
400	280	1037.99047541888
402	280	1032.88816362977
404	280	1062.67011122673
406	280	996.939069381324
408	280	1004.24870174001
410	280	972.98763811584
412	280	978.456904321528
414	280	916.178721599643
416	280	910.12959968956
418	280	901.789166394786
420	280	843.327357392788
422	280	887.888967253307
424	280	806.624420761784
426	280	855.507136758977
428	280	861.856342114418
430	280	855.797817072457
432	280	851.44259184487
434	280	751.684183053768
436	280	815.96412964794
438	280	758.10420182966
440	280	781.474035115345
442	280	805.360402852517
444	280	734.367619352291
446	280	700.302767483182
448	280	790.988116831522
450	280	731.474160210282
452	280	767.379270655549
454	280	732.129765476635
456	280	671.581600498617
458	280	768.755513543217
460	280	672.851533748795
462	280	791.006917857093
464	280	703.27940573552
466	280	805.340896187567
468	280	759.111033689697
470	280	757.878443777679
472	280	777.056594176419
474	280	854.274574560847
476	280	783.301710878963
478	280	765.650111012263
480	280	748.85223292054
482	280	811.794330506755
484	280	830.592438196815
486	280	820.040489398772
488	280	868.288760456156
490	280	778.336330706225
492	280	782.605252187629
494	280	764.484454493311
496	280	794.361629117911
498	280	726.024409832252
500	280	730.729865232752
502	280	731.288727290664
504	280	707.881104015659
506	280	700.823366214591
508	280	763.603053235411
510	280	731.815700672028
512	280	730.881427663953
514	280	749.654171933321
516	280	665.854778072748
518	280	720.714708486465
520	280	658.343351304024
522	280	719.419690468371
524	280	663.492466739745
526	280	720.164678775946
528	280	689.998522777563
530	280	675.401892269292
532	280	766.288508361688
534	280	802.530587015072
536	280	803.371312872278
538	280	822.294545638193
540	280	877.754465215409
542	280	1005.80150234659
544	280	1250.11342462953
546	280	2302.35308903845
548	280	7932.50405198952
550	280	21384.594977491
552	280	43234.2278481554
554	280	70461.486581519
556	280	99990.6562173265
558	280	126661.728925673
560	280	140044.80666448
300	290	2151.0466396311
302	290	1555.57040941232
304	290	1393.57105502459
306	290	1365.14726213104
308	290	1382.21349231283
310	290	1641.45318867733
312	290	2845.90247741724
314	290	6717.87380257336
316	290	14052.1499966433
318	290	23686.5976657978
320	290	32425.3214467771
322	290	35141.6098488596
324	290	30952.710408366
326	290	21814.9381884725
328	290	12709.8740617774
330	290	6118.20917615203
332	290	3158.36955270195
334	290	1967.44716907664
336	290	1708.38894616332
338	290	1600.83056939122
340	290	1462.14416180439
342	290	1486.26741766253
344	290	1467.42107416073
346	290	1379.55542569533
348	290	1399.91849178737
350	290	1281.68854901195
352	290	1328.14497827744
354	290	1276.21591824331
356	290	1222.61066834351
358	290	1253.78932743634
360	290	1254.8994377485
362	290	1187.68071884324
364	290	1197.14730222323
366	290	1142.61085650608
368	290	1074.54247947835
370	290	1093.06940313462
372	290	1001.09990053458
374	290	1014.03157703363
376	290	1012.80653556025
378	290	939.13185366189
380	290	943.963984421987
382	290	999.013573457861
384	290	941.01229784657
386	290	912.520437172504
388	290	883.991269013854
390	290	906.533944622835
392	290	925.486889907601
394	290	938.925748350379
396	290	892.808601626638
398	290	831.379702839058
400	290	855.870634743573
402	290	856.950008938502
404	290	865.816549198477
406	290	847.22443329537
408	290	819.096746045835
410	290	843.594687805124
412	290	770.00024135835
414	290	870.647780627603
416	290	776.739540055167
418	290	762.464866642651
420	290	737.257925886198
422	290	674.442240797829
424	290	742.559672179463
426	290	751.326971701807
428	290	717.596037048269
430	290	693.315419815989
432	290	735.30489593747
434	290	751.928567690157
436	290	652.003044755203
438	290	679.673531801623
440	290	628.877196517703
442	290	658.471915205888
444	290	623.684424863734
446	290	604.971044614102
448	290	576.489973269925
450	290	593.657357183599
452	290	551.49720287181
454	290	600.035927626568
456	290	552.494684179257
458	290	551.407038457587
460	290	551.697810935924
462	290	523.37711018227
464	290	516.838879351982
466	290	518.593024741702
468	290	491.552513251017
470	290	510.856545209297
472	290	503.183798178257
474	290	502.042043163482
476	290	554.330698438609
478	290	532.149247048321
480	290	529.224688039529
482	290	508.536525307963
484	290	564.511608385928
486	290	488.009407249974
488	290	512.573656618069
490	290	519.19339893064
492	290	472.284540210445
494	290	517.877875651086
496	290	524.185837549413
498	290	494.845766502758
500	290	468.772094111461
502	290	499.982803071611
504	290	480.076607437998
506	290	438.359288040792
508	290	478.76511943459
510	290	454.633500256675
512	290	423.582787639443
514	290	387.282747352406
516	290	426.401615207028
518	290	439.124060875364
520	290	448.848972966156
522	290	413.525023799969
524	290	414.73149070657
526	290	414.646405714212
528	290	420.587663716912
530	290	474.318390450521
532	290	506.383627325677
534	290	508.502472157945
536	290	619.038438051505
538	290	712.549630653986
540	290	788.471351537126
542	290	914.351219459251
544	290	1101.51594113972
546	290	1283.81382964713
548	290	1439.85649735292
550	290	1676.47213877173
552	290	1921.69056789548
554	290	1908.47955944994
556	290	2139.54608803977
558	290	2204.97778473345
560	290	2269.84605422385
300	300	170567.664664666
302	300	149762.238183916
304	300	92153.7014767458
306	300	37862.1121082756
308	300	9768.27984452016
310	300	1979.47234918338
312	300	1436.40703486594
314	300	1297.10740424634
316	300	1239.94210797273
318	300	1164.11685894352
320	300	1094.32117535277
322	300	1369.64014790341
324	300	2368.54395409247
326	300	5422.28563767883
328	300	11724.1329100954
330	300	20046.4096065428
332	300	28283.6165096266
334	300	31645.6676399858
336	300	28561.0111638563
338	300	21056.894994584
340	300	12594.2472152679
342	300	6188.99599941565
344	300	2819.17161468013
346	300	1531.18504844993
348	300	1100.96526772352
350	300	985.744755865432
352	300	888.49738828613
354	300	856.09971933436
356	300	883.483054850185
358	300	857.419295386513
360	300	829.979679969675
362	300	844.177071060334
364	300	821.672947382954
366	300	803.120613065516
368	300	792.698076117481
370	300	836.870665919194
372	300	816.741701819918
374	300	841.184110783791
376	300	828.699579778915
378	300	816.378610638915
380	300	780.75966999252
382	300	818.512185806438
384	300	782.887547869623
386	300	802.657073297528
388	300	744.305194772701
390	300	763.991930238112
392	300	719.252160322201
394	300	736.967386120918
396	300	752.711936276493
398	300	696.516848370099
400	300	742.027058667988
402	300	711.878412593698
404	300	727.305142343345
406	300	696.768837822172
408	300	712.124288318543
410	300	748.087194273676
412	300	706.317396937091
414	300	676.60352631365
416	300	731.091984839467
418	300	653.063825993284
420	300	663.427061379862
422	300	661.191992939569
424	300	622.234892510234
426	300	631.977732316461
428	300	587.687577114531
430	300	637.295145212678
432	300	626.469351336568
434	300	613.539892268296
436	300	595.678051405594
438	300	541.141524687833
440	300	540.726538176386
442	300	545.868751400389
444	300	539.138452730964
446	300	528.993834594184
448	300	515.149522094253
450	300	492.010067278536
452	300	509.297551982229
454	300	488.983723998956
456	300	471.542245093152
458	300	468.867379606198
460	300	482.602621880109
462	300	446.966568538898
464	300	448.615566100689
466	300	435.733225158407
468	300	435.823610598952
470	300	422.390671238435
472	300	397.796128712395
474	300	416.493038997509
476	300	433.033509469283
478	300	391.778537827544
480	300	383.096137254718
482	300	424.539351302961
484	300	386.822882590041
486	300	378.023908856214
488	300	378.356154696882
490	300	359.80310082368
492	300	354.889942350247
494	300	326.216694325132
496	300	352.908387573968
498	300	329.917175322513
500	300	338.981436313174
502	300	324.036742353791
504	300	310.571823687906
506	300	314.794095573158
508	300	322.74448816468
510	300	300.362026405468
512	300	277.14848038854
514	300	283.731700405951
516	300	273.764784216893
518	300	281.877120680133
520	300	286.804558047836
522	300	285.771588069905
524	300	253.268443776821
526	300	272.12105313995
528	300	242.628150229977
530	300	259.38977265681
532	300	238.870347343152
534	300	263.2563860738
536	300	301.778982406626
538	300	293.240002716503
540	300	321.52216477989
542	300	328.033249610135
544	300	375.261622435385
546	300	412.921677800073
548	300	428.807897036196
550	300	487.344972539981
552	300	499.846679887579
554	300	534.380422818979
556	300	580.733249854768
558	300	553.600472128529
560	300	601.884919614783
300	310	868.944599381919
302	310	8779.68229514707
304	310	37778.4765073376
306	310	96845.964518132
308	310	161130.267539967
310	310	193052.197477287
312	310	163805.052317859
314	310	98999.0808885046
316	310	38904.5221947165
318	310	10003.5595957002
320	310	1880.5511626274
322	310	1309.73670857788
324	310	1150.90864222814
326	310	1101.50204216082
328	310	1003.19608593364
330	310	955.101266476961
332	310	906.420757343737
334	310	1044.07410706985
336	310	1929.21954166818
338	310	4530.00534053695
340	310	9940.15062291129
342	310	18031.6373286813
344	310	25827.5012398847
346	310	29986.4831783931
348	310	28508.6328488543
350	310	21710.3746368386
352	310	13255.0971180385
354	310	6732.22854144546
356	310	2972.88264612608
358	310	1491.47260139121
360	310	980.168059128944
362	310	817.528498213471
364	310	737.451290803611
366	310	678.373145228979
368	310	684.559810302174
370	310	663.265915757854
372	310	676.195059260751
374	310	674.085170776361
376	310	684.918464537121
378	310	690.774857957788
380	310	669.572388540744
382	310	711.690975997653
384	310	701.270731965252
386	310	713.447502241297
388	310	704.156754997903
390	310	703.946491187259
392	310	676.658805980896
394	310	713.491356260055
396	310	700.579945913247
398	310	702.891538768909
400	310	675.51208759109
402	310	668.076333250199
404	310	651.813367473141
406	310	607.639457829516
408	310	631.71560710489
410	310	602.233805803341
412	310	603.725195581107
414	310	604.395788658837
416	310	575.498307698668
418	310	621.675820831707
420	310	600.603546666466
422	310	588.055913749746
424	310	603.034411491747
426	310	540.987985119778
428	310	554.613432047884
430	310	569.402725739491
432	310	513.159544912383
434	310	556.439059855373
436	310	530.101895421775
438	310	497.421029860045
440	310	528.341914014578
442	310	523.364943488633
444	310	521.232453409136
446	310	494.242434280752
448	310	474.871491916952
450	310	477.860445381952
452	310	481.285973277372
454	310	465.969399142428
456	310	468.356715798024
458	310	443.337792771684
460	310	468.645333294978
462	310	458.488993488675
464	310	432.416269109844
466	310	471.217450114333
468	310	500.810968269508
470	310	558.94601716873
472	310	620.311265677794
474	310	680.231773734755
476	310	680.935360157643
478	310	658.730369479369
480	310	596.717164635145
482	310	544.794922684082
484	310	544.201932779646
486	310	508.86372001101
488	310	473.732265613145
490	310	440.134653101556
492	310	426.191680923755
494	310	418.849372984057
496	310	407.533606493241
498	310	388.18808367304
500	310	356.580536090562
502	310	378.12777995155
504	310	339.94824067624
506	310	338.621211552303
508	310	318.986331746342
510	310	291.697187115953
512	310	288.218079879241
514	310	279.841657322213
516	310	252.154446762638
518	310	260.342478407976
520	310	246.116255609215
522	310	238.858842487678
524	310	240.534161955319
526	310	249.916982887272
528	310	214.396305576448
530	310	227.263936404899
532	310	239.700068412043
534	310	197.298659387428
536	310	208.844022097087
538	310	226.319162044588
540	310	228.979684510868
542	310	223.647760705149
544	310	225.861113219421
546	310	250.671731034337
548	310	260.886596512125
550	310	266.960896008437
552	310	277.921802155182
554	310	287.66464777872
556	310	299.896767035788
558	310	314.615697869393
560	310	309.671245596251
300	320	131.948821468066
302	320	155.555245283981
304	320	165.530073271735
306	320	224.968069590077
308	320	292.10741906299
310	320	970.732582768686
312	320	9805.76592337824
314	320	42088.8506349236
316	320	108240.240571109
318	320	180296.509476751
320	320	214632.220145239
322	320	185749.125252958
324	320	115828.382976903
326	320	47511.7005962203
328	320	12306.6980813766
330	320	2184.41681248061
332	320	1297.34134990873
334	320	1163.74587109132
336	320	1067.83750782173
338	320	1034.60347202407
340	320	954.845358805432
342	320	905.331538044037
344	320	873.186347475592
346	320	938.684045187946
348	320	1577.07110505411
350	320	3789.37595299672
352	320	8497.19677524274
354	320	15933.358760303
356	320	24111.9961841252
358	320	29058.5551579812
360	320	28567.0047387291
362	320	23039.5525753681
364	320	15030.9074115015
366	320	8198.20510563972
368	320	3780.59353852916
370	320	1768.4718130086
372	320	1165.34567852953
374	320	916.844508529036
376	320	750.899766828292
378	320	704.739882180903
380	320	662.563315781039
382	320	672.717067657401
384	320	664.94036672441
386	320	654.754751610853
388	320	651.912279794427
390	320	616.866538950873
392	320	649.87852937571
394	320	601.735900926154
396	320	619.351254228513
398	320	642.958089192875
400	320	576.968140868063
402	320	602.450783024835
404	320	611.35082525754
406	320	619.16269518356
408	320	614.266655851169
410	320	590.973807507304
412	320	629.408723492632
414	320	590.161627468193
416	320	584.763107654311
418	320	617.036584566437
420	320	586.814258898365
422	320	537.674033825629
424	320	569.454342160163
426	320	516.297673771934
428	320	537.903307386619
430	320	521.409161469301
432	320	499.675416370212
434	320	525.563812191579
436	320	521.46071235536
438	320	540.724165320444
440	320	487.719875824231
442	320	479.905383228598
444	320	458.527637891407
446	320	476.547850198946
448	320	479.088189136894
450	320	485.383546725453
452	320	438.158531928764
454	320	453.592676402222
456	320	454.231168502416
458	320	425.8128784943
460	320	428.802428115121
462	320	401.830958829447
464	320	414.245348393863
466	320	418.560237682053
468	320	397.905966946781
470	320	395.398697548381
472	320	387.112101374136
474	320	388.831694513354
476	320	360.376847260782
478	320	375.942237461342
480	320	358.730747169798
482	320	329.064392396987
484	320	344.999711612732
486	320	350.455129378923
488	320	344.126757793873
490	320	336.347412701865
492	320	346.38496557246
494	320	328.785628419287
496	320	346.644893189185
498	320	306.474187095477
500	320	297.358264546888
502	320	297.073500425404
504	320	284.412139668012
506	320	269.776063049908
508	320	299.525432896833
510	320	276.329084938643
512	320	243.335541000461
514	320	231.395408727134
516	320	236.180578129493
518	320	261.891421733152
520	320	238.541978402711
522	320	249.82933380498
524	320	226.2290151757
526	320	234.774211927893
528	320	221.64052259989
530	320	219.56138057514
532	320	206.792926829578
534	320	187.367391708652
536	320	206.002933744507
538	320	209.417331606219
540	320	208.974272404722
542	320	224.231275963953
544	320	216.311855270768
546	320	220.501028961865
548	320	224.565031187431
550	320	231.327013738971
552	320	234.924696909997
554	320	236.176414700607
556	320	251.815706358826
558	320	250.270413490382
560	320	238.623441459899
300	330	86.5333437928069
302	330	94.0377025944268
304	330	108.360651919355
306	330	96.3375150537529
308	330	114.695741642615
310	330	136.211316261998
312	330	143.428685022271
314	330	170.783526769771
316	330	219.525658958707
318	330	302.104721900266
320	330	855.950594543673
322	330	9192.95573695412
324	330	41241.0898211537
326	330	108294.140924254
328	330	184828.207532009
330	330	225670.174143559
332	330	197832.464402043
334	330	126079.759604804
336	330	52504.5785808421
338	330	13706.698891822
340	330	2392.13559216042
342	330	1366.4233550013
344	330	1108.08937086971
346	330	1017.44217266911
348	330	986.277472440618
350	330	936.632875104444
352	330	877.069783841486
354	330	796.311175660607
356	330	790.185749014489
358	330	846.193074496943
360	330	1290.77072040366
362	330	2999.28362897448
364	330	6803.2622973173
366	330	13236.3119095334
368	330	20596.2714080248
370	330	26209.7631692137
372	330	27650.2811064899
374	330	24176.1241595595
376	330	17269.1718839454
378	330	10297.1126825064
380	330	5169.05820980967
382	330	2515.46341286779
384	330	1333.13549385585
386	330	931.199945477038
388	330	803.196004769771
390	330	697.647822672108
392	330	621.117223658811
394	330	599.556681115698
396	330	610.964378453071
398	330	569.201659921019
400	330	612.192507051538
402	330	544.000943167355
404	330	567.184946514921
406	330	579.912136871859
408	330	537.038672214779
410	330	565.260130938851
412	330	546.350083618142
414	330	540.675544147702
416	330	542.691656839354
418	330	516.908265555194
420	330	543.543619360944
422	330	539.309477155864
424	330	513.17523468417
426	330	531.228881337781
428	330	536.856367499134
430	330	530.383127405102
432	330	500.701980723179
434	330	492.416748817976
436	330	475.431218721663
438	330	477.542442808454
440	330	466.167933043765
442	330	456.102064800968
444	330	436.223425643226
446	330	432.811733274719
448	330	469.228127642783
450	330	426.092644905169
452	330	437.013970053307
454	330	431.629425853458
456	330	409.090309070985
458	330	413.894309407522
460	330	401.888078026152
462	330	389.299702327017
464	330	406.069627537589
466	330	380.531244384594
468	330	350.4111047837
470	330	363.66479089259
472	330	351.093702621674
474	330	347.011400910612
476	330	346.036701434555
478	330	323.622002695512
480	330	344.761356895981
482	330	340.20833120001
484	330	333.4370825421
486	330	323.392590937959
488	330	314.670315662034
490	330	306.377213184447
492	330	292.452367606643
494	330	296.547826627271
496	330	295.562479706753
498	330	269.904831343639
500	330	276.970770240751
502	330	269.068253484096
504	330	255.177498201566
506	330	232.978850699271
508	330	265.323732512528
510	330	245.720242916295
512	330	235.961394065904
514	330	227.276843024501
516	330	223.904340463369
518	330	195.181480849584
520	330	217.193838576261
522	330	209.159194326982
524	330	190.433860791118
526	330	215.577505350418
528	330	197.936029262782
530	330	185.849694271438
532	330	176.54934200557
534	330	169.722291352633
536	330	156.153265674616
538	330	201.318550462374
540	330	192.869567125803
542	330	196.033229720208
544	330	190.672958707942
546	330	201.274394138161
548	330	180.647816878394
550	330	209.570401662738
552	330	211.851898741186
554	330	230.813400086425
556	330	188.182134840879
558	330	203.21218280934
560	330	198.593251787247
300	340	65.6511418389522
302	340	73.0689133550933
304	340	75.5488774937616
306	340	79.7255365045317
308	340	81.1995916703954
310	340	89.2529241731236
312	340	91.3397318474768
314	340	108.206774930784
316	340	108.213122107592
318	340	106.75325546276
320	340	120.145359719085
322	340	155.310091702373
324	340	174.916909909794
326	340	216.106137532572
328	340	285.318300771467
330	340	807.130530603475
332	340	8985.06604760965
334	340	40548.2015098537
336	340	108394.059492908
338	340	187053.554026231
340	340	228721.026608499
342	340	202629.903362379
344	340	130681.940442358
346	340	55612.661415616
348	340	14457.010638554
350	340	2376.06167359874
352	340	1310.99538817006
354	340	1063.74298270787
356	340	967.115067872739
358	340	941.842916956895
360	340	917.516623178419
362	340	841.170069573729
364	340	792.955201935864
366	340	736.780291273784
368	340	683.876142873467
370	340	739.068590786482
372	340	1079.90561443251
374	340	2303.17738320559
376	340	5149.84087969232
378	340	10158.0690376182
380	340	16777.9979341732
382	340	22626.7983552001
384	340	25859.8854353297
386	340	24163.9605798231
388	340	18946.0901994382
390	340	12264.8453201981
392	340	6647.18110294203
394	340	3149.61663757251
396	340	1593.52680372181
398	340	1023.87706557385
400	340	787.889050870923
402	340	673.52024607577
404	340	593.859691028581
406	340	553.347608828915
408	340	533.572752262125
410	340	525.887477986529
412	340	500.153506416922
414	340	486.189838700576
416	340	471.522761489804
418	340	520.549589774744
420	340	468.564411288637
422	340	486.87915631109
424	340	469.128978974467
426	340	455.947893913771
428	340	474.982305673315
430	340	457.082838258849
432	340	471.582111163636
434	340	445.24421367353
436	340	448.595945589631
438	340	431.582641791289
440	340	443.081708367051
442	340	431.923753271594
444	340	460.186412411292
446	340	450.345372734044
448	340	422.662323698843
450	340	426.680217261201
452	340	400.426642005605
454	340	404.716622231498
456	340	381.018823449127
458	340	384.817762771878
460	340	395.346168727121
462	340	368.282070300665
464	340	374.940662330772
466	340	355.999806890471
468	340	339.243364536628
470	340	348.149513465884
472	340	340.548808373625
474	340	355.93318544981
476	340	324.435427963294
478	340	338.48030144936
480	340	312.34558576498
482	340	304.667052163058
484	340	294.872498403088
486	340	297.497464087479
488	340	283.419125863448
490	340	295.08007871541
492	340	282.361143668769
494	340	274.893202191287
496	340	246.848551986726
498	340	274.793609748338
500	340	250.044724829967
502	340	252.305511273667
504	340	257.475783584631
506	340	255.411330027376
508	340	245.176947963503
510	340	244.201436244383
512	340	224.806570710662
514	340	218.179349332545
516	340	214.627294405468
518	340	204.097269416095
520	340	213.994492737943
522	340	182.741168052618
524	340	194.02708926577
526	340	170.134255512082
528	340	191.152949304174
530	340	162.044879708557
532	340	177.463146883558
534	340	151.770889601876
536	340	185.113438863521
538	340	163.650616697279
540	340	178.810489163467
542	340	157.699289556364
544	340	147.881694562354
546	340	176.38439176666
548	340	166.802066143061
550	340	161.592404019604
552	340	165.065810814945
554	340	161.227475056008
556	340	161.917002782938
558	340	163.778225966869
560	340	171.448565579282
300	350	59.6495178347021
302	350	68.4824878244154
304	350	63.3962373762566
306	350	57.5653266833466
308	350	61.6726623722636
310	350	63.0028161391333
312	350	65.4033784655591
314	350	73.9383012959411
316	350	69.1648976806557
318	350	100.135627295428
320	350	95.4007106108597
322	350	90.9071211470083
324	350	97.4267383358889
326	350	101.83153603352
328	350	113.412167919738
330	350	118.141685455884
332	350	136.575660568693
334	350	153.934622800117
336	350	204.832133879863
338	350	313.247608120843
340	350	811.40018881968
342	350	9197.88075804364
344	350	42845.9481283647
346	350	113369.09543628
348	350	193269.7822406
350	350	233762.883708256
352	350	204597.33269342
354	350	127326.196453888
356	350	49937.0772880223
358	350	12184.667219774
360	350	2111.72975731832
362	350	1287.80500825526
364	350	1024.13263614202
366	350	941.514935395218
368	350	912.356187686444
370	350	858.912734737517
372	350	914.99518578497
374	350	826.289444928875
376	350	776.584479830825
378	350	740.759014119969
380	350	685.005950227941
382	350	688.863442718256
384	350	887.687168294493
386	350	1597.97175534705
388	350	3543.15052003112
390	350	7220.25714100923
392	350	12479.5175805218
394	350	18458.6948742071
396	350	22360.6006332979
398	350	22718.3689379061
400	350	19264.0641442952
402	350	13468.5502368498
404	350	7940.55426108232
406	350	4082.99844760178
408	350	1946.66987312979
410	350	1081.86411169092
412	350	785.291098788981
414	350	639.051710964437
416	350	546.488455174925
418	350	490.249700648896
420	350	479.558379067171
422	350	448.575677946494
424	350	423.731474475241
426	350	464.174860258495
428	350	453.056899718939
430	350	417.361537483097
432	350	419.485184521856
434	350	422.382541100664
436	350	421.630672897397
438	350	412.418582570785
440	350	395.516966840145
442	350	399.819673238138
444	350	410.147158085181
446	350	378.706200873428
448	350	395.922120513626
450	350	385.961680610528
452	350	386.948087662911
454	350	388.754277355389
456	350	392.62831316777
458	350	401.728792554163
460	350	391.879994451338
462	350	359.080374405114
464	350	382.247500346403
466	350	358.72223652391
468	350	354.137947019165
470	350	334.161418701112
472	350	349.094616264633
474	350	329.822664639857
476	350	336.910919380898
478	350	323.082111438649
480	350	303.224215418645
482	350	283.123810550556
484	350	299.320276228946
486	350	285.149326248302
488	350	272.825059651524
490	350	264.63157919663
492	350	262.279959919999
494	350	250.960305843432
496	350	257.043302683326
498	350	242.669342069628
500	350	245.059982182824
502	350	241.305943689798
504	350	234.289103425925
506	350	221.505610430875
508	350	228.714185782989
510	350	212.574162883537
512	350	199.259703363396
514	350	210.167391923664
516	350	192.442875120452
518	350	197.647673778042
520	350	181.556647951373
522	350	174.120424752345
524	350	197.631133777439
526	350	166.402375266699
528	350	145.540262992665
530	350	144.113805820184
532	350	158.888475240423
534	350	138.684254483728
536	350	154.4207268988
538	350	163.630832315608
540	350	127.097424066407
542	350	151.336714055898
544	350	142.40799189734
546	350	143.73166584347
548	350	146.170298211432
550	350	138.629559797096
552	350	134.493528220537
554	350	132.576391336304
556	350	125.035667191589
558	350	128.392164674605
560	350	137.33171634077
300	360	52.8389087374754
302	360	50.7100827144357
304	360	69.7998411851731
306	360	64.2860808895625
308	360	65.9702489110748
310	360	67.356727039924
312	360	62.878691761782
314	360	61.0969323198372
316	360	56.6149495707521
318	360	61.1433883442952
320	360	61.8080014899563
322	360	72.9200650189257
324	360	81.2805849048325
326	360	78.0725709820787
328	360	89.2737396194788
330	360	87.8600873122277
332	360	92.0346970205152
334	360	120.922758417563
336	360	101.812494385045
338	360	134.368048488531
340	360	127.114790817472
342	360	137.801111640296
344	360	176.335675748429
346	360	233.360234484918
348	360	341.602423846469
350	360	987.367605516464
352	360	11068.8364076609
354	360	52180.3831483303
356	360	135944.723566074
358	360	221607.465201994
360	360	260764.491901353
362	360	218913.354176635
364	360	132014.308590195
366	360	52971.3528349261
368	360	13249.0674968622
370	360	2275.02758658941
372	360	1375.15862079708
374	360	1068.64976139042
376	360	957.222018499357
378	360	939.566508546657
380	360	901.841633569983
382	360	873.465285365299
384	360	858.144490999998
386	360	785.842632636778
388	360	729.29368224535
390	360	682.661613956035
392	360	636.721699361226
394	360	618.263584618027
396	360	673.354195481245
398	360	1149.25293032762
400	360	2494.75690411007
402	360	5334.3473970337
404	360	9775.2273666543
406	360	15196.8674108936
408	360	19591.1726488518
410	360	21269.4853747269
412	360	19201.3247495354
414	360	14569.0412057399
416	360	9252.80846176957
418	360	5033.26471326525
420	360	2522.21773340125
422	360	1328.59555026052
424	360	875.799248170396
426	360	651.340944701477
428	360	582.518394352443
430	360	491.50800900958
432	360	465.037599025374
434	360	426.692096428246
436	360	400.674047431868
438	360	393.092926507208
440	360	400.843157824157
442	360	410.354122197877
444	360	388.861821290315
446	360	382.623414721319
448	360	385.324699030978
450	360	397.330077998795
452	360	376.353151137456
454	360	364.502321255901
456	360	367.121190738388
458	360	369.138259005843
460	360	357.705740915646
462	360	360.705765965391
464	360	335.661447761708
466	360	344.092047584735
468	360	340.839824899003
470	360	342.041735140894
472	360	360.679361109782
474	360	345.45567956144
476	360	345.378564353079
478	360	331.382026806222
480	360	346.803888533019
482	360	310.546292179081
484	360	296.737637196654
486	360	297.987497189868
488	360	315.930149250304
490	360	290.141113391658
492	360	288.582267190624
494	360	283.902425242618
496	360	264.511070375757
498	360	257.557315979405
500	360	247.066142628619
502	360	257.562519656474
504	360	236.153023730722
506	360	226.279563455311
508	360	229.101998229965
510	360	230.701098631459
512	360	235.74215376265
514	360	212.68619819324
516	360	211.37082755431
518	360	186.350764983308
520	360	199.598426150645
522	360	191.703387878259
524	360	185.019923096684
526	360	184.928132059854
528	360	174.276094544029
530	360	180.155341428824
532	360	161.026038290585
534	360	163.158356820102
536	360	149.945563110503
538	360	153.836402855787
540	360	148.689557127367
542	360	160.776730139367
544	360	148.292239129052
546	360	144.746589323502
548	360	134.680150497222
550	360	142.365700058665
552	360	143.678063236228
554	360	138.17254354468
556	360	137.068062211964
558	360	126.622649643613
560	360	127.771411923927
300	370	60.0676631759206
302	370	50.5541473332899
304	370	60.4396042510326
306	370	53.9446300981226
308	370	53.957967046132
310	370	61.4125355415149
312	370	62.7333434887184
314	370	62.7673856153184
316	370	62.1149093215744
318	370	57.3672994798464
320	370	60.7899485194824
322	370	66.8874482236948
324	370	63.5097936606001
326	370	71.6080392517449
328	370	68.5539955416302
330	370	74.9705626447269
332	370	72.608608884488
334	370	72.9368913698758
336	370	96.3945124099411
338	370	75.3253696213357
340	370	94.0206560612658
342	370	92.6424231019975
344	370	86.2105473925803
346	370	89.9538400820647
348	370	116.412802365542
350	370	135.10386666752
352	370	154.000341440008
354	370	165.61029480198
356	370	219.256924432443
358	370	352.13762091236
360	370	1145.72739157266
362	370	12454.4163117711
364	370	53502.5257021262
366	370	135709.872799126
368	370	223086.069282985
370	370	261154.090435984
372	370	219194.430695686
374	370	130975.954153201
376	370	51023.1515229515
378	370	12835.7226591954
380	370	2259.86503308166
382	370	1332.79083985541
384	370	1025.40652222599
386	370	871.025189465895
388	370	769.445733856714
390	370	780.896058195593
392	370	773.812620976848
394	370	749.875076409297
396	370	708.532777096514
398	370	626.46087324274
400	370	562.092285230821
402	370	574.290259485308
404	370	526.161198474479
406	370	502.350481527927
408	370	532.069663770248
410	370	807.235910032234
412	370	1733.55056368482
414	370	3687.25701285644
416	370	7017.70861669409
418	370	11325.145936979
420	370	15518.2676476263
422	370	17892.410422695
424	370	17668.4707110217
426	370	14624.0365582611
428	370	10361.8150202961
430	370	6267.82032327504
432	370	3364.76870949713
434	370	1706.14606110614
436	370	970.570874518838
438	370	692.14735416918
440	370	585.212883051829
442	370	501.188197020208
444	370	438.069338186124
446	370	370.244438135763
448	370	392.511904528677
450	370	343.985725142242
452	370	349.129792221412
454	370	351.652784873029
456	370	353.569442778219
458	370	349.388339585719
460	370	350.335615055405
462	370	332.217757412815
464	370	340.624075671073
466	370	327.275411777618
468	370	343.328201382654
470	370	320.449406395699
472	370	317.809094157782
474	370	319.259460467124
476	370	319.61746750418
478	370	305.318776911011
480	370	302.624324232425
482	370	298.350889377418
484	370	304.438428122167
486	370	301.399429078397
488	370	292.890516223982
490	370	293.930246827001
492	370	281.338473376613
494	370	295.362212101282
496	370	259.013638550496
498	370	270.267825314122
500	370	268.456278370259
502	370	251.871170740631
504	370	254.272432154768
506	370	250.17556705046
508	370	232.467123715733
510	370	222.300403467825
512	370	209.684033207149
514	370	205.572820436197
516	370	222.9796603489
518	370	215.633151549242
520	370	196.417655813494
522	370	208.152049352948
524	370	184.63088078537
526	370	198.154002437915
528	370	186.622246675407
530	370	174.780121592882
532	370	165.536855287045
534	370	152.762435622317
536	370	159.194027852965
538	370	162.790625422207
540	370	161.921968588908
542	370	158.812525242488
544	370	142.831606678208
546	370	161.19561001966
548	370	151.346102341805
550	370	156.663300403517
552	370	155.120298032753
554	370	150.890271308384
556	370	148.280746454431
558	370	159.529200328696
560	370	146.56878167588
300	380	67.0929515037423
302	380	57.4398327195275
304	380	62.2480854348032
306	380	59.8318939064163
308	380	58.9501557670138
310	380	61.9764917503475
312	380	62.5368274370522
314	380	70.104857351635
316	380	61.0049712722257
318	380	79.1493254447222
320	380	68.924897386078
322	380	64.0301940108896
324	380	65.5740421877848
326	380	67.7135027968043
328	380	74.3172532268867
330	380	69.5293342678276
332	380	70.4322736123792
334	380	78.256640581268
336	380	78.549208665315
338	380	91.5459937918964
340	380	87.294909837608
342	380	89.165088685563
344	380	90.0618781308185
346	380	81.580279956883
348	380	103.408106337837
350	380	94.9207384950937
352	380	108.492701046897
354	380	111.221704217078
356	380	108.238919600528
358	380	139.308319608529
360	380	163.501589553902
362	380	170.179619437952
364	380	209.186738375146
366	380	284.803397005529
368	380	438.652454234394
370	380	1474.74771853253
372	380	16987.6038381768
374	380	79293.547994038
376	380	195228.213441094
378	380	294428.088693498
380	380	319047.225122991
382	380	248681.962045489
384	380	138956.293858454
386	380	53458.9100146748
388	380	13225.349671298
390	380	2238.93513474619
392	380	1199.86570189306
394	380	910.861474055189
396	380	767.880616392014
398	380	626.637754970129
400	380	640.069041421681
402	380	607.396007926776
404	380	615.028576121937
406	380	600.325257858449
408	380	557.894722923947
410	380	508.826161829727
412	380	472.201831267105
414	380	428.518390815584
416	380	426.498807175404
418	380	380.400485367672
420	380	383.206822511129
422	380	505.598412410596
424	380	964.042111778399
426	380	2016.94224410509
428	380	3926.7688778836
430	380	6917.52798977632
432	380	9980.89776023001
434	380	12735.7959716164
436	380	13865.8712745487
438	380	12997.8788282484
440	380	10354.5200201326
442	380	7150.30538843282
444	380	4191.84006380773
446	380	2162.58675455029
448	380	1118.08021787424
450	380	685.279854602156
452	380	547.578407384243
454	380	467.662242777108
456	380	385.349257015278
458	380	347.020912488381
460	380	301.949447344476
462	380	295.589742244359
464	380	291.312971251684
466	380	297.319189873515
468	380	293.353142718875
470	380	280.998503179062
472	380	270.865594865648
474	380	276.625529543795
476	380	254.585219916114
478	380	253.957795140191
480	380	268.534814926844
482	380	270.913395607234
484	380	260.850240223467
486	380	249.279479397544
488	380	257.351728789475
490	380	277.532523458588
492	380	248.583119462507
494	380	243.947629389054
496	380	242.619297901146
498	380	264.996185170512
500	380	226.775024046859
502	380	230.067896065124
504	380	231.410643952355
506	380	236.671855155835
508	380	201.663456276282
510	380	200.840121482883
512	380	208.436228320701
514	380	225.06477067066
516	380	210.35937979368
518	380	207.126356767511
520	380	173.9107978931
522	380	191.428787805541
524	380	179.698576410105
526	380	157.798242059629
528	380	168.142865897501
530	380	158.392145376096
532	380	173.493305006777
534	380	162.939067789994
536	380	146.229411179961
538	380	139.910183648104
540	380	125.760817455002
542	380	143.882156139164
544	380	135.925406129235
546	380	147.84521437795
548	380	139.911388089813
550	380	134.506885770731
552	380	135.755648538993
554	380	129.993973034197
556	380	127.896519356935
558	380	134.263571178363
560	380	119.716463756331
300	390	32.2769176752329
302	390	36.8108698871516
304	390	33.3294143343393
306	390	35.2326365241892
308	390	38.6676739215917
310	390	40.2858036702364
312	390	33.6351059994014
314	390	37.3484191717008
316	390	40.5522220795536
318	390	38.7128044984508
320	390	36.2668094564015
322	390	38.9487365009424
324	390	37.3640647453473
326	390	45.8683252886383
328	390	39.4719230378262
330	390	38.9393801403246
332	390	46.9337057715817
334	390	45.3076097069604
336	390	46.7148189139396
338	390	43.7578144036038
340	390	46.9427264832101
342	390	52.8495841838733
344	390	42.4160513249874
346	390	52.0187125774879
348	390	55.4868165375296
350	390	51.4846107181799
352	390	56.8465198429024
354	390	60.296435628865
356	390	53.876985307739
358	390	55.4909795566565
360	390	60.0404446042543
362	390	67.7501939423385
364	390	81.3849928039032
366	390	73.3743112279684
368	390	86.3993906785066
370	390	89.1131066503422
372	390	100.007767003996
374	390	129.880241417256
376	390	173.887066208109
378	390	260.878605715609
380	390	679.728502937929
382	390	7679.65806461054
384	390	35949.5787093676
386	390	93313.1180008234
388	390	160902.807313497
390	390	194824.460012684
392	390	171316.769465031
394	390	107345.73648654
396	390	43401.6932998324
398	390	10851.3187749501
400	390	1752.24242243581
402	390	937.383974295432
404	390	734.500746907645
406	390	611.15441509907
408	390	541.449433711189
410	390	492.54641825356
412	390	463.133945572559
414	390	464.836258034922
416	390	478.899762213086
418	390	477.124714717362
420	390	412.837818368657
422	390	375.2633948746
424	390	372.636788875548
426	390	333.446702703161
428	390	319.059465950633
430	390	295.099964676871
432	390	298.102935083509
434	390	351.566054611105
436	390	546.864919900392
438	390	1054.6940389238
440	390	2033.41016460299
442	390	3671.49167727083
444	390	5945.90593112444
446	390	8336.69352536902
448	390	9934.39789359092
450	390	10293.6583133196
452	390	9266.11267898808
454	390	7162.19969677954
456	390	4683.193757982
458	390	2669.40087565223
460	390	1445.50238309443
462	390	778.557738111711
464	390	529.114748580219
466	390	424.18799075241
468	390	354.540083014036
470	390	316.518186712733
472	390	281.472055679366
474	390	261.290923733293
476	390	251.05835081608
478	390	235.470158962975
480	390	240.938174951271
482	390	241.944788770729
484	390	254.24296351391
486	390	236.642134317249
488	390	238.802145787871
490	390	231.8196903243
492	390	215.958447963939
494	390	231.132387455035
496	390	222.874037110735
498	390	229.856820856781
500	390	222.759271570048
502	390	219.059174259516
504	390	217.556745065093
506	390	205.190655479753
508	390	201.389353684596
510	390	198.079189295855
512	390	202.436268189268
514	390	196.09184672583
516	390	190.376461647922
518	390	191.95540333518
520	390	185.693914006493
522	390	167.78032336584
524	390	176.895522074745
526	390	172.158228028271
528	390	159.954399089828
530	390	157.234954712503
532	390	155.597914993148
534	390	151.12320215176
536	390	157.970210435539
538	390	139.878041142851
540	390	132.859912871822
542	390	144.111566609139
544	390	123.561776657873
546	390	114.773038850394
548	390	131.856827105603
550	390	122.266907893188
552	390	113.706305497089
554	390	113.421897765264
556	390	120.10837386282
558	390	111.278972120939
560	390	105.962864272468
300	400	31.3778017658017
302	400	38.5124754322569
304	400	40.4027872808139
306	400	39.0183649739712
308	400	37.805940325779
310	400	32.0891193848661
312	400	38.5230769014302
314	400	40.6514535699162
316	400	37.5376469938482
318	400	32.8225987433905
320	400	46.0861361981017
322	400	36.3895840993878
324	400	43.2765427492895
326	400	47.5560721178031
328	400	34.4754290192406
330	400	40.8673316073963
332	400	40.6372229095402
334	400	37.5506121388492
336	400	46.8254936779601
338	400	35.6350187124912
340	400	43.2773497978487
342	400	40.8625186946269
344	400	36.6163837284599
346	400	42.7969480078236
348	400	46.3773091868892
350	400	42.0788015358237
352	400	48.9916493676111
354	400	53.0362938304135
356	400	41.1253082919689
358	400	51.1375950996209
360	400	44.9275540561711
362	400	58.4974626467666
364	400	59.6837102115463
366	400	56.3417085372053
368	400	56.2907463773593
370	400	55.1777165515249
372	400	62.7551300738638
374	400	63.96792782029
376	400	65.3820450243649
378	400	68.9537100225235
380	400	80.3501509412478
382	400	86.5712037595492
384	400	115.357368432339
386	400	150.495390332783
388	400	214.440171995108
390	400	520.681139567184
392	400	6320.26347812862
394	400	30714.702526688
396	400	84873.1187022538
398	400	146924.72014138
400	400	175237.951307707
402	400	146987.322507238
404	400	89179.8740080451
406	400	34609.554768964
408	400	8053.32644152806
410	400	1317.0609016153
412	400	803.451071475673
414	400	603.703738147398
416	400	484.928655791181
418	400	412.271370669682
420	400	378.323179118162
422	400	374.171545017178
424	400	382.083207066522
426	400	405.759193043863
428	400	364.119635882248
430	400	359.689047660506
432	400	325.418262528204
434	400	315.192143067479
436	400	290.578389909331
438	400	290.669919764565
440	400	264.321481725435
442	400	256.33156601467
444	400	240.664519575384
446	400	260.547087529883
448	400	320.810535640091
450	400	545.275487344636
452	400	1097.86643888393
454	400	2128.1470935514
456	400	3534.80033017621
458	400	5241.21732083199
460	400	6836.83880477019
462	400	7721.55793314313
464	400	7505.3641919228
466	400	6414.6291284322
468	400	4731.09099321075
470	400	2953.9702104731
472	400	1652.94372460721
474	400	904.579476281122
476	400	552.255120428956
478	400	424.657478291976
480	400	342.207401351254
482	400	323.546508085653
484	400	296.063376376133
486	400	260.421558817159
488	400	252.555168504002
490	400	241.778923018576
492	400	229.270704955374
494	400	222.60518305569
496	400	206.473280043748
498	400	208.844881612394
500	400	207.76096648317
502	400	210.157504924355
504	400	218.922669251237
506	400	202.19604822665
508	400	201.977232299233
510	400	186.377176963587
512	400	190.71769155995
514	400	182.445404137638
516	400	157.534143200326
518	400	178.902619917155
520	400	175.189487290795
522	400	161.451864668635
524	400	166.139769153044
526	400	170.927887406947
528	400	156.440643817783
530	400	147.144482007631
532	400	151.197283235949
534	400	142.665633351861
536	400	144.653783994071
538	400	130.576119480542
540	400	138.86861202136
542	400	131.756803478751
544	400	130.541930581236
546	400	134.769695594959
548	400	134.977346587317
550	400	120.303939600197
552	400	127.861816267108
554	400	119.583465212802
556	400	111.045834036217
558	400	107.667434224241
560	400	107.964300162504
300	410	29.0427821040834
302	410	27.0153959734445
304	410	22.9221248624901
306	410	30.639539280727
308	410	31.9980483330087
310	410	27.4598132871062
312	410	30.3998410380135
314	410	30.1881082220146
316	410	28.1484538091744
318	410	31.9931952508558
320	410	32.6721695977716
322	410	30.8701651536879
324	410	29.0382241977095
326	410	25.8700203928881
328	410	32.2320620558028
330	410	36.9792184657066
332	410	32.2246881811064
334	410	33.1227831191907
336	410	28.5922117932019
338	410	31.3141813887386
340	410	35.8684615511201
342	410	32.2294128053568
344	410	32.4696732719955
346	410	39.0497467490422
348	410	32.2485875659239
350	410	33.8218725096406
352	410	31.3260172737801
354	410	30.8763487968149
356	410	35.8745253809754
358	410	39.2460552614153
360	410	31.7933349379038
362	410	39.935253839486
364	410	37.696690624742
366	410	38.3744636033221
368	410	44.0325241049747
370	410	41.0936090277736
372	410	46.9863243954974
374	410	43.326359743255
376	410	41.9862136702574
378	410	44.0375441492875
380	410	50.6213790310772
382	410	50.8473728983622
384	410	55.1283185065448
386	410	52.6442266166048
388	410	58.0999539702038
390	410	63.7657004706354
392	410	76.4844610692931
394	410	92.2008229837954
396	410	130.310697563389
398	410	208.607044067221
400	410	481.19294954917
402	410	6151.88347682153
404	410	28344.706192941
406	410	73645.812781258
408	410	124722.504898324
410	410	146311.232226619
412	410	122737.589902799
414	410	71751.7695411761
416	410	27431.1166361253
418	410	6340.89593665221
420	410	1049.91424424516
422	410	662.546145631606
424	410	521.225045789384
426	410	432.467856645777
428	410	371.290745018057
430	410	316.011934319573
432	410	290.267091572204
434	410	310.054708982524
436	410	307.086692023975
438	410	330.19397438362
440	410	319.124580698379
442	410	299.218221326098
444	410	277.405091114575
446	410	261.462633988849
448	410	244.877493639876
450	410	246.14419769809
452	410	236.412198989515
454	410	232.762023201778
456	410	216.316476392597
458	410	203.777388273358
460	410	252.493562278729
462	410	346.225139963786
464	410	640.033618180528
466	410	1197.36638168201
468	410	2053.27755633399
470	410	3220.1560636559
472	410	4492.84415126073
474	410	5480.38747467696
476	410	5905.93889685025
478	410	5592.73156950795
480	410	4534.6177991018
482	410	3195.72702832627
484	410	2056.16563070995
486	410	1210.09872831159
488	410	697.521798048251
490	410	462.219019862569
492	410	356.096539708475
494	410	338.131246483373
496	410	278.126955206476
498	410	268.033852664376
500	410	249.907973493992
502	410	233.045885784078
504	410	221.118087032988
506	410	202.427326627173
508	410	205.803340340451
510	410	212.03744285159
512	410	197.701312556379
514	410	190.425275546293
516	410	191.305799096737
518	410	182.814712523747
520	410	181.738097127609
522	410	181.843508680558
524	410	164.830169441223
526	410	167.556173067985
528	410	176.233479053308
530	410	159.291272457652
532	410	153.041818682111
534	410	148.577388803238
536	410	133.879332878106
538	410	148.37893914765
540	410	128.383831773857
542	410	128.685572708987
544	410	131.387997065939
546	410	134.321964764288
548	410	127.785605345205
550	410	129.323088003733
552	410	114.351714273434
554	410	105.976132018691
556	410	107.559885208391
558	410	105.952862879644
560	410	101.011235180817
300	420	25.7984113984794
302	420	25.5829725735762
304	420	23.8468563947346
306	420	29.9145867129501
308	420	29.7115290352713
310	420	26.0192383005
312	420	26.6769444730119
314	420	28.8637226000151
316	420	25.1690935023648
318	420	30.3729771801531
320	420	26.4628257055063
322	420	30.9981445018024
324	420	27.9774293615151
326	420	28.3877683828813
328	420	27.7608436327696
330	420	26.6694496695423
332	420	28.4109760049941
334	420	25.3808610203623
336	420	34.695523517877
338	420	31.2336255480321
340	420	29.0505027998666
342	420	32.0937867962983
344	420	20.6009903916738
346	420	28.8363311119365
348	420	32.7384735650827
350	420	26.8944891399542
352	420	33.6136099784728
354	420	26.6782089954568
356	420	29.2884929866479
358	420	28.6257282081708
360	420	28.4049086744422
362	420	32.3048346943667
364	420	27.335946551321
366	420	26.0165796359404
368	420	34.2728294361398
370	420	34.266417558707
372	420	30.5698251079362
374	420	37.2988198939516
376	420	38.1823342635004
378	420	39.6852280729404
380	420	41.4303247520739
382	420	42.7370430394175
384	420	35.1320688154784
386	420	39.2454122703222
388	420	45.9970208393609
390	420	40.7765836647686
392	420	49.9096395091969
394	420	48.1588872340095
396	420	52.7101089383045
398	420	56.8296012427467
400	420	57.4621177160881
402	420	67.0037606005225
404	420	94.4069797634425
406	420	118.826151414288
408	420	172.728948640017
410	420	517.260943835938
412	420	6153.77253703729
414	420	27568.927270533
416	420	70967.7389524581
418	420	115871.145105798
420	420	133749.272079036
422	420	109184.204903456
424	420	62688.2863751411
426	420	23360.7391145733
428	420	5176.61410498352
430	420	858.573158911094
432	420	586.608042252685
434	420	453.818379718121
436	420	397.223000494898
438	420	315.977989421165
440	420	297.267102264935
442	420	269.308596704583
444	420	257.474931917132
446	420	270.001120425471
448	420	272.233639806831
450	420	299.338578624232
452	420	285.437533845869
454	420	261.654273141411
456	420	223.257332423011
458	420	229.391350310488
460	420	220.197538309342
462	420	226.18791259637
464	420	214.663822950573
466	420	212.812676038967
468	420	196.75000756366
470	420	202.244663320077
472	420	218.559481934298
474	420	270.437049262854
476	420	419.51543943245
478	420	690.317119111083
480	420	1190.22853365811
482	420	1921.5062050366
484	420	2824.15684453789
486	420	3727.05806812159
488	420	4328.00928536663
490	420	4485.50547091104
492	420	4146.43646899458
494	420	3363.94641310441
496	420	2392.46388418722
498	420	1533.92289802216
500	420	910.276772895287
502	420	553.437260356223
504	420	376.21842218349
506	420	317.645054886217
508	420	288.435849779132
510	420	266.865275298933
512	420	234.527985012764
514	420	217.783453603775
516	420	200.56709783002
518	420	189.130954936073
520	420	181.840716982069
522	420	178.915760053094
524	420	178.13403039272
526	420	169.790115378187
528	420	157.978010458283
530	420	149.630917468339
532	420	159.955937360863
534	420	152.501977729232
536	420	146.52089341963
538	420	158.93400717364
540	420	134.748586424287
542	420	132.999192949517
544	420	133.925570155144
546	420	127.526805276495
548	420	129.09432276711
550	420	122.57572024385
552	420	117.372497889108
554	420	120.241908349242
556	420	105.707760358029
558	420	102.836722923371
560	420	118.932853502353
300	430	19.0238743135167
302	430	28.6509073044467
304	430	24.7150267465101
306	430	29.0912226066884
308	430	26.2338500674511
310	430	29.9532948643587
312	430	27.0955021162923
314	430	26.6750664353381
316	430	23.3907957383081
318	430	24.9298635554398
320	430	22.0697710048743
322	430	28.1977737160547
324	430	28.1974307753584
326	430	23.8181296273603
328	430	29.5072323246779
330	430	26.2381010890403
332	430	26.0224362253602
334	430	28.2060755400376
336	430	25.8134088134124
338	430	27.3359593091114
340	430	25.1461285090922
342	430	27.7601152369721
344	430	26.2327836224122
346	430	28.430214845457
348	430	26.2372281137956
350	430	25.138866871578
352	430	29.0902447379634
354	430	27.982549574813
356	430	32.1402658363559
358	430	25.3642751349361
360	430	27.5467082016757
362	430	25.5697486387105
364	430	27.5429853560584
366	430	29.0733659292697
368	430	23.1737580557417
370	430	28.8362352994922
372	430	25.3526526894385
374	430	32.3588663796664
376	430	35.6496738274188
378	430	33.0221085397732
380	430	30.1713102929683
382	430	31.7117993241603
384	430	36.7364346610555
386	430	32.7965306342654
388	430	40.0064877655062
390	430	39.9838005656905
392	430	41.0874269352173
394	430	33.6436859889759
396	430	35.1817915141735
398	430	36.7277507957618
400	430	44.3453137608809
402	430	41.7407007794522
404	430	45.4622418615971
406	430	47.6150944084733
408	430	53.118060322885
410	430	56.627209213623
412	430	71.0400368085045
414	430	75.4166765596014
416	430	106.028682213874
418	430	172.879264923593
420	430	452.767642763689
422	430	5331.72053611415
424	430	23862.785773055
426	430	60954.4564670491
428	430	102622.232489088
430	430	117025.736959578
432	430	97026.9444366478
434	430	57840.7239092436
436	430	22294.1902302757
438	430	5478.63672214882
440	430	870.750771155542
442	430	500.121751040598
444	430	421.693711240771
446	430	337.629835911117
448	430	296.262821571279
450	430	252.69145163001
452	430	229.699101356012
454	430	219.009750575288
456	430	245.850334860522
458	430	237.977860867551
460	430	234.340908671167
462	430	267.800047557257
464	430	242.045385654746
466	430	226.329798740115
468	430	196.792672361001
470	430	206.589295388501
472	430	209.034591226932
474	430	215.290280394386
476	430	214.016457540238
478	430	208.969001617521
480	430	203.880114603214
482	430	202.849667477247
484	430	199.092228127328
486	430	230.125889677203
488	430	284.447087096952
490	430	388.038284987682
492	430	643.995475732099
494	430	1052.92856787651
496	430	1635.67330151717
498	430	2292.36784766681
500	430	2913.02861336056
502	430	3293.79066548732
504	430	3403.2297288263
506	430	3119.14828087443
508	430	2509.90553087381
510	430	1779.89192675902
512	430	1164.63868638248
514	430	697.764252560433
516	430	409.918179633412
518	430	290.850715965468
520	430	266.156105600819
522	430	246.878817684171
524	430	227.852411820539
526	430	191.626996923314
528	430	185.548374347879
530	430	161.074789652345
532	430	164.932110821656
534	430	150.301357002469
536	430	151.05870346764
538	430	145.080527433935
540	430	133.344387829073
542	430	140.998727335684
544	430	127.162823378423
546	430	130.739549451685
548	430	118.927394190206
550	430	121.696969528349
552	430	121.345710909915
554	430	115.393642482867
556	430	112.343933392976
558	430	98.1416586130344
560	430	115.350708351019
300	440	21.5106400598053
302	440	22.7496684038847
304	440	26.9325911726745
306	440	20.8845468882707
308	440	23.58242566598
310	440	21.4966398642534
312	440	24.6365461692721
314	440	22.5413293307965
316	440	30.6813896124248
318	440	23.7987410466141
320	440	26.0832610495693
322	440	22.9576308679398
324	440	25.6676766334861
326	440	26.0846371592197
328	440	23.5792359087956
330	440	25.6845464405891
332	440	25.6710620363544
334	440	28.3783071042024
336	440	25.8883682278235
338	440	25.8622219013041
340	440	24.4115849696748
342	440	27.7516932885497
344	440	23.5784983703055
346	440	26.2966705518551
348	440	23.3717669869211
350	440	26.2905802519086
352	440	25.0445330767614
354	440	26.9162509146317
356	440	27.3343867766326
358	440	28.591128659601
360	440	26.499073722249
362	440	26.7212542949459
364	440	27.3439502024327
366	440	22.7460924859424
368	440	27.7573214138257
370	440	30.0576991547956
372	440	28.1554871337379
374	440	26.0926972463304
376	440	25.2469731287562
378	440	29.4175400276304
380	440	27.9638860985946
382	440	31.727404572922
384	440	29.8280416275116
386	440	30.8906958527451
388	440	35.9053830845163
390	440	28.3696259107007
392	440	32.9771847170302
394	440	32.3201182261484
396	440	29.2065021525885
398	440	34.8682622012107
400	440	31.2917056807198
402	440	34.2213598463767
404	440	41.0952512236551
406	440	31.0751660818251
408	440	35.5038807762499
410	440	36.5430737780125
412	440	37.6033550740099
414	440	39.039801574724
416	440	43.4281863860121
418	440	47.999294417241
420	440	56.9918868584377
422	440	56.9828749359863
424	440	75.9635788830689
426	440	90.4057281125706
428	440	150.040871086638
430	440	373.372640023962
432	440	4194.19170391775
434	440	18996.7317882113
436	440	50832.2205115655
438	440	88410.0753782657
440	440	106164.131901521
442	440	90507.4474486945
444	440	55366.3008639716
446	440	21958.9374039585
448	440	5367.89103095292
450	440	795.308671886371
452	440	456.235179530243
454	440	357.928288621034
456	440	299.988076337945
458	440	255.030963687014
460	440	211.557366791351
462	440	195.327016867035
464	440	190.023235767101
466	440	197.488737423748
468	440	195.659871262476
470	440	206.437048919813
472	440	219.94695070438
474	440	218.655773518596
476	440	224.634082411527
478	440	198.678046804507
480	440	195.708323902609
482	440	200.803195164817
484	440	205.632022530367
486	440	192.65769740772
488	440	190.596658882098
490	440	185.25007712578
492	440	182.349350760591
494	440	163.020696068092
496	440	175.960731164067
498	440	178.700232762349
500	440	205.609684863314
502	440	253.875903353589
504	440	363.135593012812
506	440	547.69845297971
508	440	875.823927731779
510	440	1342.29487427887
512	440	1816.387523035
514	440	2208.7944326302
516	440	2542.07941721913
518	440	2573.45177816621
520	440	2323.50845350064
522	440	1840.0203186839
524	440	1366.64487910615
526	440	854.70932372137
528	440	541.790850252359
530	440	337.693984175394
532	440	227.741646900421
534	440	194.973392976814
536	440	181.411400990541
538	440	165.570071157565
540	440	159.685265036175
542	440	149.252244282263
544	440	135.360809956192
546	440	124.595505459766
548	440	123.776753047068
550	440	119.615331548557
552	440	112.642260780221
554	440	95.5491273982266
556	440	106.343679448241
558	440	106.912001947479
560	440	107.335993429342
300	450	22.2364947412401
302	450	19.2175776709807
304	450	23.5351026564757
306	450	19.7809502505565
308	450	21.4846146333736
310	450	19.9807835986374
312	450	23.9586813122233
314	450	20.3483789497858
316	450	19.0174944157233
318	450	21.666715382556
320	450	22.6027502787149
322	450	22.2326221075353
324	450	22.2303801862259
326	450	21.6719085539771
328	450	21.1010874427995
330	450	21.859577852393
332	450	26.0098714156454
334	450	18.8470801757708
336	450	22.0382498324526
338	450	21.2913112701576
340	450	26.9590920651988
342	450	23.746042747003
344	450	22.9808428898383
346	450	22.2235630474987
348	450	27.683158996337
350	450	22.9802872131121
352	450	23.7335147993535
354	450	20.3604938119759
356	450	23.5369200682762
358	450	24.6855510145628
360	450	25.046635074116
362	450	23.9130002773749
364	450	25.616166336762
366	450	27.7046657559386
368	450	25.6128018269619
370	450	22.0365334365652
372	450	25.2530813358418
374	450	27.6799356059317
376	450	22.0390992241596
378	450	27.1374951203488
380	450	23.9264402495417
382	450	25.638447908982
384	450	29.0254652740327
386	450	25.8104328464507
388	450	26.7507371967648
390	450	26.1817408456228
392	450	27.8801815153856
394	450	29.5812243669839
396	450	26.3754946353328
398	450	27.3139217642744
400	450	27.6862817372451
402	450	27.1215035962594
404	450	30.8992629771831
406	450	32.9549558964495
408	450	35.2231071742497
410	450	30.9110934360822
412	450	34.2886658393774
414	450	27.3202689437723
416	450	36.9075088125533
418	450	36.5371631495828
420	450	35.0243408571583
422	450	43.5011428741891
424	450	37.6738173432132
426	450	40.8448436367222
428	450	47.8404646184976
430	450	47.7647111735398
432	450	59.25143990282
434	450	73.6528765341861
436	450	102.821421241076
438	450	149.995014606577
440	450	325.900614504842
442	450	5218.12543621762
444	450	22289.6127065194
446	450	56703.3138382474
448	450	89332.9309480926
450	450	103597.335031331
452	450	86028.7233277434
454	450	49319.0423684357
456	450	18573.1428590321
458	450	4150.19566414786
460	450	652.82585326685
462	450	390.133040643302
464	450	308.557125988701
466	450	247.525964261227
468	450	230.830026182634
470	450	193.533205241378
472	450	180.407734818389
474	450	170.635023491414
476	450	164.350430323789
478	450	165.231861305516
480	450	167.083034909776
482	450	182.742427484616
484	450	201.172728919841
486	450	198.542339748537
488	450	185.13894758694
490	450	172.542619017799
492	450	159.481024221484
494	450	166.390862669231
496	450	163.42232224316
498	450	155.571426674754
500	450	160.595425321029
502	450	153.213044583553
504	450	139.757212749192
506	450	128.673129930292
508	450	127.722150393371
510	450	138.62755885786
512	450	153.926826835778
514	450	167.298263968145
516	450	203.647498466017
518	450	297.303096825633
520	450	484.488389752222
522	450	714.483236855878
524	450	1027.40854461701
526	450	1394.60097043053
528	450	1704.55662333374
530	450	1892.17948257743
532	450	1923.03997359851
534	450	1755.96430182184
536	450	1400.40948032679
538	450	1013.5950139698
540	450	678.276184986266
542	450	426.49966372527
544	450	270.343099214986
546	450	183.27708372441
548	450	166.132405032148
550	450	142.312222653943
552	450	139.989754248449
554	450	124.234669668905
556	450	117.385532132399
558	450	116.838906825885
560	450	105.156605571183
