Wavelength	240	250	260	270	280	290	300	310	320	330	340	350	360	370	380	390	400	410	420	430	440	450
nm	CPS / MicroAmps	CPS / MicroAmps	CPS / MicroAmps	CPS / MicroAmps	CPS / MicroAmps	CPS / MicroAmps	CPS / MicroAmps	CPS / MicroAmps	CPS / MicroAmps	CPS / MicroAmps	CPS / MicroAmps	CPS / MicroAmps	CPS / MicroAmps	CPS / MicroAmps	CPS / MicroAmps	CPS / MicroAmps	CPS / MicroAmps	CPS / MicroAmps	CPS / MicroAmps	CPS / MicroAmps	CPS / MicroAmps	CPS / MicroAmps
300	98357.6356430227	72901.383668676	104652.066641058	780591.784805833	144109.647739069	64523.3607295523	6006744.68683488	27249.4094004748	3121.88434978137	1648.80400312306	1100.12269907388	847.560777083093	515.927409850591	517.140118613857	492.514037157738	388.752889436636	368.106717159156	416.921239240385	338.184384408922	240.459663314794	262.45424379947	258.544929145966
302	97919.49466826	92662.0689061586	109105.732415374	544307.356089203	224456.446825936	47710.9546127194	5113476.70197906	267470.888792762	3509.08203962077	1714.2702044347	1300.88334622893	782.798907956885	633.245336713976	528.141928149208	472.145398907687	445.484963765598	333.674739473631	371.009851819386	344.382509573553	239.936170306728	226.875669219102	197.629532316018
304	123111.747848533	96857.6988709736	111653.89510784	342949.413400772	373217.122411267	45130.3283314621	3116165.25503405	1129846.33451063	3662.73203625721	1842.64164629558	1298.41048466336	861.617862464681	723.827262777307	486.632066416836	349.112764000127	409.797478651881	344.410565620507	409.390956465445	240.630341216001	231.184051488844	203.174314190986	171.337678938068
306	126259.232527506	105037.072270999	126599.163152718	220433.846124399	556883.263065542	44444.3472989599	1259647.87214911	2800663.51451709	4820.27529317835	2049.30834995293	1302.51524903016	865.75550991969	626.976606935538	521.579029588082	478.750974107495	369.945005535126	320.730051753431	254.847934534891	249.791862562328	246.472608006291	231.618593181584	235.034243993742
308	133343.279872388	125424.06724083	129794.783891605	163330.410219953	688596.020339709	45694.0950345987	299421.918214266	4449798.376999	7034.4670313398	2133.99062840734	1219.89245400491	943.45297447095	632.787569386673	513.176540069065	478.897076079735	373.668455513544	336.680352635662	305.052803268468	306.58018215396	249.538869326081	221.391846606314	215.742790478299
310	138236.414425659	126319.09906478	133632.443307623	147733.21314234	703828.79465469	50131.7399790675	46418.7608718117	5045083.05017193	24137.6867745333	2272.18762472248	1379.49828219131	870.972394366648	647.7319419408	525.422065301055	459.45248313762	325.283650345319	316.644224717348	399.525596581677	249.281491243234	222.40596113984	204.305855483809	184.931833696501
312	143681.784164105	130469.801745907	136341.997013536	139228.762662123	580392.952205805	67639.6038010334	29634.5540878987	4067169.2941645	246241.347760094	2469.54002917305	1271.16222565825	999.503563678477	684.933329285427	504.297853713378	446.58292091615	306.695389909991	283.691386675843	308.551177556541	202.840163313923	237.317867945795	224.306866704622	223.430281299867
314	147058.817831409	131705.583339779	131125.601814739	135464.444604888	395179.887166418	115275.968703631	24602.5556904978	2354688.01055192	1000442.58938234	2882.94491439501	1247.19511180993	859.104930510084	617.363855742645	469.041429536513	390.846308323308	386.615360504482	250.593110550903	349.521887229103	211.432482067305	224.767312425117	168.258982483083	180.915453985792
316	154931.525817248	136430.227435466	127483.39609075	126757.35926992	239292.020759891	202533.918528815	24462.0164939281	897669.875831416	2362999.5580705	3732.37026938852	1313.1477765073	825.335075455659	500.852476187327	425.266073253353	449.150687316028	294.547940281028	254.664025610153	256.841079770439	208.319407563053	138.464505227601	153.414057934604	158.833021569274
318	144408.238194742	140915.327308736	128370.686897953	123430.394837934	145761.307909481	318541.477655679	23514.4761315246	207928.222124506	3729401.0586902	5087.89167594164	1449.01605045517	856.795061477622	580.987796531026	462.679172885994	396.946924254493	313.248445258162	262.184132740211	294.780455694702	179.868755921562	221.66246231085	208.762863387115	177.361421229093
320	146594.085971614	133795.645614588	129888.22490583	119141.013487503	105891.860163586	409470.192206007	22320.0971434059	31314.4140819829	4284138.16836865	15316.9567251954	1652.85606289583	907.865696775844	623.874637862203	431.425624380978	384.603490682076	334.514793131999	239.772601896812	299.143579063398	164.617511723582	214.248910117997	180.144974441113	152.660931292733
322	153372.013464884	140954.035893379	131829.837509309	117270.146409413	93052.2679188545	426679.468204978	24975.7765741323	18331.4700714563	3778822.68259987	165255.543143599	1691.17792767131	941.066305340476	598.166990680762	525.702065436735	431.506190681218	317.901243943613	178.149793964466	230.214456566353	238.880271737627	152.934696437636	138.142172402758	171.918754063874
324	138838.383106984	137064.265730551	124152.13968419	112409.791349255	82844.4549120935	366520.780829163	35596.2926481114	15787.6741142347	2413808.9929907	707721.846759053	2162.21696295164	930.170925986982	606.001517712656	428.875868290603	428.993273548726	363.71799498145	226.550978275032	225.082474314779	222.878805247056	194.952352087445	186.509347960536	136.479906995991
326	139171.904097491	127211.724881046	120111.568684286	106722.070363925	80290.4558231761	258439.377000998	67973.7758688729	14618.8062601082	967860.003469352	1753022.44026645	2708.23457138061	957.178560270229	661.520396047204	426.09663398138	376.346947350069	304.96352209158	273.955893108296	186.352096777909	186.126581823976	164.006344432937	138.151404268395	158.770873087846
328	139936.11567899	127193.067170045	117225.043313303	99488.1405594079	73614.1813651761	151765.231592418	125732.675630766	13163.8429648291	228182.787406527	2791576.98322346	3757.54394239572	1154.05895426794	698.0154679225	447.521498457	336.400467051444	241.140842962057	246.175660099942	227.370543122236	135.469430902019	164.539514348531	114.20995239226	141.65123273974
330	130613.438972941	123031.659032946	109908.303579887	93057.1100752872	70099.5805591048	83297.0800220656	198556.400793093	11965.4192852142	28769.9467876785	3204713.906933	9946.27446187642	1134.21278406696	589.287309187513	407.616672047256	378.368963322719	256.360796540371	277.906990157617	201.071254800342	157.155471262691	154.539153830694	151.608232563565	133.078677867585
332	118760.951360761	114064.964323452	103488.093914877	86130.7066390678	64863.8719256474	49547.955617337	258596.86670472	10879.0495010702	13798.2959682175	2705249.34942144	114167.321949587	1250.10163439131	651.979308205993	495.704688909833	351.941894447389	291.545550008192	204.341243956931	201.516660773197	179.768191528633	176.019135252996	112.733088691463	103.058704274469
334	124024.833962892	109805.360383324	94463.5318704751	80190.4955075418	60530.9623874704	38075.1952805276	275168.620075778	11823.6427018351	11119.6336840586	1689027.23821543	492951.918472642	1576.85846457508	649.881269400258	557.437249629109	355.396179312787	294.31776869407	209.40395035928	180.519737907338	162.344186753123	170.824531900922	90.5860608403447	114.187416335727
336	110526.241824358	96789.0296824553	84840.88187272	72259.5072931443	54576.750385113	33114.6502142751	235832.052894617	17728.1336252972	9106.99893322103	689896.376568484	1223803.78955075	1971.27907776428	750.824100003213	482.377445720149	356.766057647954	245.397787097775	204.884229359141	132.183965526707	118.725673808296	137.758566844625	150.995839432217	125.527986917346
338	102884.746662477	87735.8881726118	82049.0803897494	65508.4348750806	48631.3690120096	29656.8811113955	166454.81496088	35084.0244997385	8161.79484807362	164334.255211415	1949727.9867965	2641.40287218743	686.22828347474	435.560373163828	302.901572645323	221.190547619953	196.728644274988	164.659631331843	122.818042931544	131.662104919895	133.309870434119	106.7870941009
340	93109.8561063576	83831.1901898802	71971.239792223	58985.4788457147	44584.3562773869	27360.6497062011	95149.9100600733	67462.3408341087	7645.05521128238	20840.1759058404	2168652.70961751	7014.80696373157	798.1607147306	456.861201671551	377.584920958276	255.764997654713	198.65607400326	170.580938006312	155.325948234031	106.923107065968	123.563109018913	87.7487524721254
342	90907.5486432961	75067.0087617414	66088.8102337403	54736.6535992094	39994.5276112193	25892.2608109222	49131.0822784816	112458.20559946	6977.8555747558	9162.3057297114	1843041.7442257	83918.8443841381	921.262699401907	479.763084283719	308.473678340253	211.483830448986	199.987435603276	194.173754975607	144.111488212673	107.109395079286	104.034596138353	107.912545331319
344	85670.4593205012	67646.8902504344	62577.9962355489	49539.0599220728	38236.4897812949	23049.0635699475	24890.9102971945	149933.500412818	6280.49585224034	6950.07667818108	1102816.15999434	380915.388752248	985.182187399257	493.687063100852	380.993515732934	260.82641147066	175.030699141701	135.530988440075	135.904900259461	105.651253415783	102.749124118482	98.555317549121
346	78563.097220443	66398.6968102527	54781.9535367741	43291.0299059922	33825.1926378486	21795.1920878459	16236.2344954581	164200.51126997	6434.33573839561	6232.73291657788	443894.803909495	869900.618332556	1200.23968377931	519.16045031691	323.244230098439	190.146740377697	166.670656734347	144.82547469722	125.800585483264	88.2209040224328	76.6257813729219	77.9410415228416
348	74526.416988344	59082.9427737053	50224.2029977898	39798.1099903926	30522.3357309607	20610.8752462103	13332.3149246349	145605.953802246	9629.49618399041	5575.60749605131	101229.177608308	1312939.06719722	1787.68235494954	505.952373404972	310.311099278369	226.876828345747	159.79178644926	144.501238920452	120.640391952161	106.396424393737	89.0511865886732	94.2730645629096
350	71210.336718941	53362.4112389679	45667.6276008246	35775.445131283	28129.9082473861	18601.5054071706	11590.3912419469	105354.623736935	18961.539190351	5098.49074810529	12380.6386443933	1458107.67374031	5400.32937153471	582.105736077446	341.855207273507	241.17365580678	128.754375038598	127.61938326413	117.211366496482	96.7909430448965	90.7069399621517	69.9658015890634
352	66606.4419030741	48156.2363518262	41247.6621094476	31426.4268816549	25190.7990439438	18019.0499390794	10750.4812725681	62279.3837963542	38379.4085368725	4918.30359721947	6081.6138963331	1220351.15115178	59870.8404377182	625.945292746763	335.308819027045	242.309282742127	162.459191371664	118.431476466263	108.637474363239	93.3292170374148	82.8234329825863	77.5668164900725
354	65972.4513168618	44765.6393535939	38569.9409438985	28737.1686238053	23122.4134818516	16144.2076777002	10150.0323166728	31146.0567358639	64670.7333508579	4410.99426694433	4685.52785496028	738899.394325391	256291.012911968	740.579589382386	384.522864052297	228.538018854895	162.99884800127	104.432163187583	100.265521499083	88.4418761582449	73.4105737141781	72.3537558046276
356	62030.8057233345	40456.8753569335	32757.6616355617	26633.6864531603	21523.8853792622	15021.3259609136	9564.90097137915	14977.4275423653	92225.4019181193	4150.44729982784	4025.928154219	283302.042084739	627528.98892144	943.974029723933	355.502203715336	201.398633325706	182.895698649031	124.540387353078	98.4517756845029	72.7051596984058	83.5174987307325	71.9187734763795
358	60448.0835058719	36176.5519850758	30879.9236680683	24942.5867957525	19618.7532062128	14577.597107455	9233.2113743958	8984.26214205119	105937.991199822	4358.7453796767	3628.86957903686	63003.2492294823	960761.36603888	1432.94299866585	339.839268485129	213.97711072669	146.639507541393	117.63356969437	78.7766873720173	83.4479438077721	83.1782063581302	66.4237586472776
360	63067.1837090681	35862.8048365717	29104.9480705845	22198.4322184476	18001.5375640856	13484.8672297071	9151.38931604053	6880.74039391912	100041.315466918	5840.74156679312	3515.3543627903	7807.83792510798	1054948.79416208	4763.49686027591	427.120793199935	216.685561916831	170.011043627368	109.847774265604	88.9030200108883	96.2150012571772	78.6311898561376	62.7033201363717
362	59887.3841192313	32011.322239568	27659.2607902965	21543.4950380856	16654.9803523193	12726.2564214645	8670.61513287136	6292.76080908223	77144.8600898	10997.8822679146	3243.34410531104	3994.52938828522	876475.339229749	52130.8258777303	443.361930506474	228.988469559749	167.708636328197	108.737634382843	105.591697235382	99.0763828781644	71.7628065619893	62.2093382475377
364	52006.9374126865	31042.2799390437	23744.6701974579	19320.8720742594	15351.014898457	12207.8533148056	8461.07149620311	5821.93575782258	49247.2499151611	21664.6954265636	3164.23132536457	3013.14754995269	521683.443312998	213360.900739366	546.287057885	265.408344668191	143.477741700216	121.394750815391	94.4621671070653	84.0080536643349	66.6613433420536	55.3751690188121
366	49775.4179838869	28626.9902635832	22601.0027248177	18014.0587893686	14182.5236855625	11398.990772503	8110.5083536833	5805.14727777846	26792.4723718607	38225.2795318114	3039.17495920916	2701.08692499687	199197.911627589	497798.654530394	770.857963656037	259.189109796481	139.675329318591	107.917073800474	78.1520449407903	70.5583239217138	61.2310824279564	43.9097181067304
368	46668.5382803638	26886.1455913369	21466.723223121	16480.0667942659	13644.5708565296	10592.2749264755	8215.89875804662	5853.15935066592	13655.7101279677	55678.3251843224	2969.30736901353	2558.10670503813	44716.382512269	755246.984471495	1103.52492360183	272.555377902534	153.998105865063	108.926561988771	78.9508958597878	68.1434942883364	66.048328663154	57.0908843859866
370	41858.5142971144	25279.3943054118	19774.4958495329	14786.8761208228	12947.2675860527	10323.646026184	8106.53254931592	5983.74998071386	7898.4386374088	67653.0136230351	3020.47961390341	2504.81864354272	5230.68069543769	813037.89857268	3535.42911196095	285.263059254392	154.844446462141	116.164035529077	95.0963720037691	79.3599478210367	68.4305091511809	56.266451520577
372	39635.2788988529	23904.9381522564	19163.049517525	14736.2024855857	12636.0426763136	10214.8617788139	8043.28634915135	5986.15412525099	6058.94590527689	68717.7776615098	3875.47800832007	2440.97546353793	2937.07843468991	671317.905600971	38628.4914352663	334.002155241609	152.614249404228	120.498776356013	93.285387722479	74.1972281829295	51.1706554211988	48.7033027711621
374	35822.2886312194	22490.3713603121	17054.0386700292	14308.5157446213	11400.2462137856	10058.3666412686	7887.95999677785	6017.6325947384	5344.58402742491	57379.1400996443	6006.25236794082	2302.07959697191	2345.4738427316	400450.510341843	160862.101235526	376.44895085483	165.036625427957	116.037222325772	82.7874367056324	75.53191019538	51.9726141859109	43.4180226598082
376	33985.3088626015	21149.0720094355	16528.3355152633	12909.9470549143	11372.6013587314	9461.46950678607	7917.3563439923	5977.12874664557	5033.65354902314	40299.7776469002	11528.3006964498	2221.23602764332	1960.07622245728	150254.677323279	376477.249779006	478.827202723357	170.513454148513	111.229500165203	74.9441853471366	81.3278639628445	63.6555733465081	57.4291557114591
378	31854.5485440797	20379.1115686268	15135.4111174133	12391.8603814018	10784.9554395796	9277.53585749374	8064.23111479134	6179.47369345919	5005.43145311089	24434.5980674182	20616.0024596149	2141.78563110426	1862.36401614711	34459.5030083354	580130.466746507	730.11069798358	185.224965802522	109.227599263487	104.522884044634	71.0473310357547	64.0302851303514	54.0742114503738
380	29614.6908262269	20456.1724264709	14981.0070771906	12143.632272941	10413.8119557621	9093.91024538593	8109.93958657342	6230.5334489275	5157.11003979803	13133.8407658671	31426.0647931712	2154.02509223066	1860.05611156069	4399.82904928684	634801.21756659	2042.83777268952	199.906864053563	110.862435786695	96.6512055523817	65.9743536529859	57.0788517279916	43.463134140944
382	28878.1012845176	19593.0343084797	14140.2743679254	11453.5684029491	10195.2493228283	9053.24953950663	8099.1748308523	6410.91214563372	5303.32458803698	7854.03826317448	41119.2958073962	2177.13332967842	1756.67251977225	2416.15144109386	548659.285893965	25397.365831347	237.169618472288	118.549732824157	95.2826710073581	72.0040864249556	59.4803251035822	41.4564613186983
384	29072.8113793641	17852.2878951362	13897.8362618521	11093.4869558037	9856.31035669102	9104.48745589057	8096.98377309153	6611.61493215085	5265.46467872957	5565.13416618885	45027.4547492741	2407.96623754931	1756.63142703823	1761.69150349586	335883.582089222	112799.380539281	286.583054387824	117.419418857322	85.4669550632883	79.838788879203	47.5496068508417	41.0895902880206
386	24963.4174284503	19541.3996452666	13603.9254938541	10622.1351873427	9412.06595490714	8964.32475005523	8151.93149423611	6549.67704101267	5566.06049224588	4862.56975837578	41616.3245614315	3436.70657149047	1741.59473793393	1440.92634782569	138573.527534373	282751.13116529	368.40426049157	122.2806335619	96.1487709556631	73.389281834877	55.403471091551	42.7286977209333
388	26815.2687711718	17675.5226295523	12550.3940485364	10497.781232691	9364.38785177795	8966.39128134074	8305.31130495699	6776.53452933588	5440.86919638986	4673.7555127818	32535.8778355037	6062.57070663018	1696.27669655696	1395.23108258631	32327.6351122494	451512.181704341	593.259220232205	143.066962977621	78.7068373523292	84.7983791631483	51.398808905414	45.4307228492225
390	24307.2799437868	17428.1452834076	12973.1033367746	10365.8321339522	9367.10512372054	9001.82713770745	8322.36481670101	6768.57773100687	5535.35673820895	4480.72990640333	21282.7615629227	10986.6615736421	1665.86341940714	1388.02138845364	4019.84522346453	521151.337600738	1576.29971063427	170.84453889247	96.1094571104149	74.1864792979898	50.9164528949824	42.4494078072994
392	27675.566672287	16999.6483906578	12479.6722195408	10335.5650511183	9084.2575813418	8905.90394906678	8402.27666918229	7100.26752294822	5540.4642695384	4568.84296619715	12754.7995962291	18220.5049223315	1691.635227718	1417.61187857749	1838.12753785866	463494.427261425	21508.9103806078	185.757878514107	103.940966840945	75.8741706552059	51.6920749375048	38.3092073118714
394	25155.8124632952	17219.4665852132	12629.1589434162	10265.5820136411	9076.46553801427	8873.05250026069	8671.24413313515	7166.97374237302	5720.85167000684	4628.38983838281	7400.29608839127	25715.3211883416	1724.71609859455	1406.08483357463	1466.3451707028	298059.86071137	101754.122799258	237.276753696783	109.599693259625	76.2533905472645	55.4588032298884	43.7136239512178
396	26095.8111256573	17466.0016670408	12584.794554776	9787.05481371332	9345.66769676373	8911.49170556633	8656.68885551574	7327.15442183647	5894.92966211158	4569.8350417715	5015.16295767371	30491.9031991779	1845.71755322353	1417.93425372288	1261.22532309571	120750.982599169	253865.068941105	343.270082181122	106.30378870544	77.2295156174471	60.62750333724	48.9324076778262
398	25378.5175702622	17920.5380956315	12402.0550691849	9968.50904098784	9125.2106052864	8697.96506176693	8879.33318057125	7478.96874625317	5966.3215688739	4734.81758272502	4128.767603945	30699.0104162391	2441.28333362864	1399.99984987514	1118.08806772396	28874.2824781504	404839.2550779	525.069896029691	132.523709437147	90.828143781528	69.8030745577971	45.5264541157106
400	25909.0380332391	17872.5331329673	12309.7956998332	9733.25292075687	8909.58527290169	8713.71608309452	9213.8553974338	7590.40047392721	6080.56320675116	4830.28823737517	3966.0654545983	25661.5394267693	3877.71335211996	1342.9566869834	1107.28272770387	3526.69957323557	457255.784261521	1284.12520154348	148.405279663206	99.2410807819086	61.945959322766	51.1932815510488
402	26400.2786503964	17064.6337041016	11424.2248500078	9468.66246371468	8920.28348234624	8797.83882739789	9903.69846210235	7493.35476076765	6166.59418464413	4896.18916203755	3773.82058451859	18689.7380595443	7011.44643272751	1418.29401066427	1133.57499630207	1610.06304069077	385005.548600182	17346.8468980699	180.837098752777	87.1797457605489	72.5126780772742	46.7279430687932
404	25249.5695482647	16486.0858915638	12059.3771464168	9496.19317282452	8932.85328641111	8837.04643839327	10387.7962158093	7546.27394592223	6286.8899010244	4942.60785954919	3832.96411479155	11727.5314453995	11819.0287053204	1424.13265118052	1199.40433251566	1210.57061259153	239100.828583499	82213.6083000766	199.824294722492	101.413577071062	71.5253221412352	64.0596403061638
406	24589.5335228152	17064.9047916853	12169.9034955147	9245.43257131199	8765.28036362832	8818.27833489587	11145.8983660283	7762.98046878908	6353.68773740233	5144.27766498235	3730.8683650343	6908.23268968504	17421.6135330146	1453.32664661685	1184.47411801721	1057.73964275863	95975.6797123566	211045.335840792	262.555863697854	109.138346616067	73.7487802815247	46.0274572691143
408	25713.6522572064	16392.2776382856	11890.5495455951	9331.20128424905	8492.97296931088	8572.16390533848	11693.8876899125	7843.50321446977	6526.09449969139	5152.57303791988	3866.80247268777	4358.63886243239	21815.111473771	1514.3049046223	1167.62572255915	930.837018788586	21507.3720494713	339374.068134823	442.13786312484	110.11857365101	68.4745258409802	54.3061034193617
410	25343.2091379348	16773.1117675152	11522.4409863038	9051.58776846711	8383.38499010529	8506.27214774823	11517.5963963999	7857.75184488949	6554.06145239141	5203.98647406644	3944.67638371298	3562.87815289985	23293.9602066565	1893.44280250173	1159.27566214313	979.627677821525	2598.02167087577	386188.596517022	1337.68869991848	134.862992582246	73.4155878259529	55.7256929917757
412	24830.526983827	17295.6947997306	12508.8736221646	9499.74559721086	8502.28729703776	8721.42897626017	11519.7297471185	7865.45403064858	6650.00294536582	5351.32871302019	3924.13476171104	3261.82155653036	21451.5702810307	2797.45247733906	1174.98158357885	965.464295518665	1310.84806278145	322357.066722722	17350.2247542269	154.416206302805	86.9506347772061	60.4193305395942
414	25543.7906478287	16330.5738644152	12152.0214866835	9682.32984902283	8730.04256079039	8659.35904678454	11115.495862314	7898.70537519312	6591.20809482457	5229.4481625252	4109.29792643768	3048.50728570238	16610.5954493637	4824.98481451119	1193.19926015102	964.731243166452	1013.33548461146	197437.86741907	77183.6409252967	195.729442249111	75.8944604265249	51.7650127513187
416	26160.656825275	17703.5251555766	12260.3625972365	9508.29126993026	8595.37215816345	8662.02875653503	10832.5648604233	7800.3550346422	6732.11473582773	5378.62488401857	4045.76275388191	3060.08476533848	11110.5410586957	7967.67117071132	1222.27306164582	1019.56902645011	918.745589381054	77347.9410422463	200338.106042467	284.162943799645	78.6990377727954	54.1473064262892
418	23148.6294721796	17373.2152020883	12045.4689262601	9738.14141147421	8348.91468850709	8604.34116790038	10408.4830747621	7787.46371813747	6644.97082754588	5498.42060372587	4064.84661279614	3076.48036024066	6898.76941088547	12182.8736418381	1286.79919769488	1033.06362381346	829.981880874988	16637.3510668115	311015.741827746	414.545253318051	87.374641243565	60.0484873057122
420	23122.604275896	17564.6986398287	11869.0316658816	9273.1469381749	8331.01408197788	8354.8428295203	10167.4520946544	7746.0475061945	6675.54239325525	5568.498512904	4171.96293636119	3068.3110648225	4411.8715988527	15987.6281719568	1324.77900402896	1038.58188317439	775.637221281666	1936.1400269564	350709.877267014	1200.92629020275	123.040137690017	65.8374003019872
422	22853.3702729029	16947.1544810714	11777.9558118058	9250.25512880619	8148.22960235968	8362.69410277699	10101.5855904263	7794.06496252035	6775.21761258427	5506.61968627751	4227.69753813302	3095.82375636394	3292.44143479517	18387.022021762	1496.16120262297	1021.38645098906	822.455123969902	1109.25309087748	296823.459179073	15139.1303239789	132.856870618631	58.1753525309092
424	24894.1553885395	16268.1689908037	12059.5554232086	9274.95090212946	8017.07080640135	8186.81707281567	10004.7634699019	7568.53216050415	6594.02798025547	5555.02462965232	4218.4858228612	3170.71129955466	2806.37194420775	17738.865906526	1942.46054385807	1051.87043715451	848.793004445459	876.82738132523	172995.898091557	71446.7572258794	167.796683805944	67.3784760520285
426	21730.0171884704	16377.2915038377	12026.0451706091	9264.76107740343	8186.20102085305	7879.14228025985	9283.5562479064	7590.71498928508	6665.24005759414	5586.42558377178	4263.27499738333	3242.31363464706	2724.85201085944	15124.1780512313	3021.14239582954	1060.91370508918	882.339405359586	771.162340018437	64202.8109608621	178338.524390961	235.041074636542	83.0449717821672
428	24494.7678277452	15508.9701096272	12065.4280562525	9250.03595282264	8092.66589256828	8045.17448051089	9220.89804638649	7506.53546418593	6670.33170533116	5634.84909312138	4208.51274026179	3185.50737842267	2686.97894069582	11098.60093552	4906.11194594355	1116.40062266003	927.945323635351	717.868662105416	13167.1678550741	282591.635931011	365.569507684037	83.4062589935306
430	22893.475323703	16835.8250497617	11837.3410461092	9364.62488939881	7935.91330644636	7730.17423093606	8878.50874316289	7458.93337295434	6540.35787665963	5635.43324683651	4338.36251168498	3330.06750360872	2664.39760591448	7245.83497315058	7601.76726988741	1135.15016504255	936.238407672868	683.986003778089	1629.78649516921	317896.417545372	983.737772590061	95.0534053186946
432	22600.1185062106	15907.7576054128	11634.0933777698	9432.50639850155	7969.91242687633	7685.11610747522	8771.82371172007	7357.53714486926	6470.72141914062	5449.51937537172	4330.6009481267	3275.107657809	2700.9920227849	4753.78976352126	10716.003180245	1184.43030412254	896.590182226461	700.033733614534	984.987573787821	270439.475467276	12409.470038611	111.292354170965
434	20629.9289053532	16335.0449847024	12338.9555081357	9289.6325821691	7811.71584062806	7646.60789719497	8488.38762166821	7339.10840961349	6602.9895334529	5589.10518374889	4347.86982437486	3356.61847485221	2678.32131418865	3247.9735992648	13047.9102897258	1303.19041520288	938.012352119151	733.006396191387	782.35755234481	174625.499724774	60403.3673964815	147.434471036286
436	23404.3508719369	15763.4981450645	12169.3930028852	9064.14823862706	7734.06839922062	7450.57439356302	8320.50308451583	7084.73123274317	6392.32819244798	5456.53237862774	4354.52683458428	3266.88672405494	2756.33844419171	2755.32170975797	13941.2239806582	1476.19599113255	992.188589291375	748.568808456327	724.723981675412	73234.3647996748	160120.500333447	174.084788841252
438	22501.2960872349	16303.1175902207	12224.5982450177	9288.77437753159	7656.72056010649	7217.75467826705	7928.35835606091	6954.12465018717	6250.08542790609	5516.95495254715	4381.08185240009	3365.86106136272	2697.56184676953	2556.63691328545	13255.176527408	1988.38832465881	1005.71670985542	797.425499396237	665.364024949693	18714.994919263	261798.85094096	295.549326832759
440	21549.2787930489	15221.2256369488	11835.6937157407	8642.19618851044	7645.57320896278	7140.72103875442	7679.02389554307	6907.68350663704	6291.82183602052	5451.58813887801	4371.42777847978	3406.86693851374	2772.02837376233	2457.03181625354	10763.4035715368	3009.04716212294	1040.11698302912	815.8263514462	626.63460873963	1890.44703849393	304768.532144366	638.568332739032
442	19246.6349175012	16367.5572771287	11675.8348178225	8614.74160434239	7472.31635658387	6890.18031616881	7410.93100091666	6789.42732062972	6183.39334796553	5383.8034256653	4236.55747708265	3364.53455389049	2716.05040635939	2378.60317239969	7711.78706199893	4661.35854692201	1063.72614666435	826.512826683962	643.117327826409	908.771524281389	254947.306339481	8653.43256414917
444	19532.9284825619	15308.0820822309	11712.6584713229	9013.6064988576	7408.04801413926	6833.13208864873	7262.68429392728	6625.3896788551	6087.77090854493	5386.12115641393	4303.59657390627	3371.7434235344	2746.39000687761	2432.22014781381	5235.99768556384	6589.71645712435	1060.74528939246	862.682015885157	637.847119450008	725.504939739123	154796.470910537	43398.3044104978
446	19590.9497935637	16051.4121910223	12093.0609377317	9006.33931701064	7376.42421991853	6752.61749722179	7002.55757157017	6458.51845748532	5931.28091509381	5264.11784426709	4223.88318307776	3368.31645364333	2781.27599315105	2372.89805763859	3510.7301601565	8804.2542092632	1134.31508430968	851.090979334416	681.007574248954	638.427279710238	60524.379711622	128602.507574246
448	18350.8678357026	14752.4251745348	11966.8829793479	9284.24307748436	7395.31322941044	6719.34139353071	6763.22296856348	6474.07724421108	5933.65299628547	5193.42541614033	4312.41045230832	3370.19811714359	2811.3124179745	2380.04265112818	2609.72140220407	10334.4949011318	1237.57889985162	894.280821707821	730.716706611085	585.757209933065	14416.8040515392	227798.251100927
450	19120.9822216369	15524.4501407506	11568.8531295244	8982.73930231014	7244.65060492807	6496.49741414795	6605.82702813618	6222.86028573926	5915.28147277252	5259.56181125742	4248.12912268202	3408.95614227235	2836.27593414479	2399.90227225998	2281.81121825038	10725.0578029474	1566.34550345435	933.594014730315	768.375162973947	584.234072717974	1763.95178531142	280739.632333057
452	20088.1890900126	15292.1225880819	11289.9787514762	9153.07290708258	7325.00207648898	6531.13761670725	6321.0183559735	6282.66400176178	5812.74246943598	5130.8794035192	4199.00390029455	3391.35057867115	2843.32875519892	2428.80539862291	2137.88526774966	9892.59855428995	2105.89662941801	991.430882106395	806.002576172316	584.806230002305	794.477558994811	243301.559131137
454	19718.1057495413	15424.3632059168	11978.3912872038	9404.15609143711	7138.16091992591	6211.32746382006	6324.39099847545	6125.07855522385	5841.42162550642	5206.24325028643	4117.24544883624	3460.27174699648	2888.59191872165	2489.56006774808	2186.76611234663	7917.80901564193	3058.24245514387	983.036390129966	783.866518434559	607.998766101993	651.915901678271	148585.776845588
456	18652.9387183619	15343.025768463	12368.0875793263	9326.81175303505	7196.54652576489	6219.48289069546	6120.37205951056	5942.99132882887	5846.16634896702	5122.33399988688	4196.76630105814	3402.71412888397	2867.05740699724	2479.1851836499	2090.06236617605	5650.81327483348	4552.9412767113	1002.39373688867	832.54833979365	647.216013714355	585.607744437747	56024.6119197671
458	19222.9410783644	15336.477734226	12360.436778091	9333.30016176744	7454.70580384608	6099.64406716256	6119.6362975269	5996.33627964071	5764.51637180765	5017.00882557346	4164.21200903958	3392.34452921252	2907.35131230369	2434.14606384596	2108.89218934933	3967.88894203225	6329.49056617089	1050.00469182098	863.949139648816	693.985245717188	569.960301847184	12037.5231127763
460	19349.2419279951	14748.8171363987	11979.2006739068	9418.09863803372	7418.21901478024	6123.71434731822	6012.10237792996	5920.51396209748	5723.69231416127	5011.97989175835	4152.99640432623	3336.73196714541	2920.31477970435	2535.07123022352	2133.59500132339	2768.45245323377	7971.19159058872	1168.14750462477	913.795498168085	715.407696238135	520.390937457344	1440.98798750928
462	17539.3113307469	15167.2907156458	12224.9990163075	9411.71907385749	7339.9005414439	6127.12489656892	5947.33250857466	5916.43207073404	5596.26149063101	4915.24131226306	4119.35192239011	3378.78919978382	2880.76254440413	2515.92637725337	2149.46639081147	2224.46944513332	8826.53489609187	1301.01734188341	937.357414888491	767.154037141259	539.572928134856	741.166299151957
464	18320.2673610378	14866.0150718088	12624.5203391423	9429.15077554451	7445.9079051877	5900.51209704949	5864.11481617558	5817.9517117126	5513.11663968421	4978.05180728057	4066.60577841926	3319.54316942813	2902.85127810395	2592.39683344035	2127.99183061879	2021.17614400995	8753.67568069089	1605.76087391616	953.011354674873	777.162977612753	553.581099985586	627.310993435479
466	19808.0023992445	15558.2018148882	12155.460356093	9566.53489355016	7684.97914661111	5834.56185476375	5783.19558070541	5651.86691254753	5428.84262226109	4811.12313282245	4067.25523228749	3352.7392811884	2911.02293018941	2502.50864562139	2180.32156817773	1978.90237554793	7653.23978814054	2189.00390517694	986.817796644087	801.987313010627	586.726182420942	585.157585439708
468	25335.9876742496	15366.5766761857	12295.2950291482	9720.60405601031	7446.13895531396	5800.55193631873	5666.76622822395	5449.56380237894	5409.65455384959	4820.18585430476	3998.16359094793	3255.77214920657	2908.07291588951	2567.4079182539	2245.29449745628	1987.05973897297	6052.11772935045	3097.01744557802	1002.38758046912	813.776252539034	603.43303287993	546.53040672184
470	47952.6643182013	15109.7651033048	12685.6288469316	9794.66645386449	7484.01350963665	5723.21324334543	5238.03554512656	5343.36975108224	5342.67798215775	4749.32074099467	3859.06603296696	3292.20967757525	2865.78294498453	2602.5300013745	2194.83282918964	1891.72983861445	4348.82165413917	4392.51918255464	1021.44929613362	813.204894415582	645.869243500008	509.85498133898
472	92288.0634126782	15378.6244319615	12602.3414294241	9699.61929623892	7713.86519484956	5710.86436733428	5280.8009387078	5369.69044320301	5279.58755542126	4578.89807535271	3807.15745866395	3145.40179191755	2825.35739923439	2490.20438955697	2188.22869528165	1940.95025262195	3099.67467800141	5806.76452122361	1108.44792598289	873.15934518082	701.178175549827	517.236960120144
474	163288.105202603	14448.9121625487	12434.9426643286	9787.30407413049	7409.94475909927	5793.58616366679	5216.79689150768	5138.63484294406	5121.38075584655	4512.69919008345	3839.79590139322	3233.70311458052	2814.22052360743	2572.68766690777	2207.22218305545	1889.62192885886	2321.50268105468	6934.14203361258	1145.63787666431	911.523323049497	727.124073253313	505.147342690114
476	269514.918316102	14193.0784836594	12289.4468353813	9428.39260609523	7725.8705960919	5707.99273623202	5091.88174109245	5047.77710950262	5002.81217882918	4551.6561933298	3786.43489058686	3210.99333187759	2764.55161251228	2539.18296988834	2198.21587570144	1887.65824790774	1958.55457909315	7458.6864624767	1314.95864438624	906.922860102427	726.845700943265	527.559525010771
478	385070.156056399	14604.5482654594	12971.3345706915	9868.71414659362	7459.22668301279	5344.92165920791	5210.69257019882	5017.65102923924	4871.59379860297	4364.697373453	3826.01254464715	3153.90504435948	2735.29662246617	2532.1516666091	2143.56793363043	1849.03712407181	1852.04064872479	7130.82414944554	1710.22836941236	950.75701506942	710.761214551801	577.678939099435
480	471951.887045557	14978.7310226266	12843.589650589	9980.52581013411	7480.49685117031	5194.13222576667	5033.21801367664	5002.9227572301	4864.87665636438	4535.15143051202	3651.67428921745	3066.19388397623	2729.81012081181	2524.6834928168	2204.82184516042	1893.63010720225	1802.04922309749	6144.9940380388	2319.74160329821	930.208651716669	726.928273280767	583.228117107496
482	501846.383096137	14495.5801905485	12676.7898347244	10048.6999278379	7481.59404417035	5404.27715507989	4916.98266576097	4847.03862066865	4668.97547738707	4204.0388901978	3535.01323488319	3075.53493820106	2693.83980572836	2442.78019083557	2160.36366950249	1887.05775602915	1747.92516754731	4693.15003304299	3186.57458674072	969.845944401357	776.608480093326	607.178711385042
484	476784.295904351	15418.2959059692	12863.5818387891	9645.33330822721	7536.070763247	5480.91314289593	4753.99813639308	4906.68900381888	4745.40709560506	4044.31090583757	3523.87224043776	2982.87397083284	2694.46308289263	2385.01782148847	2160.60866801656	1873.40169087681	1713.52162750709	3461.07872922576	4213.18937825055	963.362891461534	770.791917296293	626.183343782972
486	388925.133947764	16536.4604938591	12288.8975080896	9785.31503939017	7470.37318476186	5170.8752955353	4678.43930685749	4636.08806473629	4446.40484517511	4077.02778975619	3443.78244293514	2858.82117654778	2657.47833646024	2421.63675322521	2150.7978806042	1884.74114921873	1701.89557943367	2498.15277744943	5206.44236328137	1031.55607015089	815.379876369184	646.485144737747
488	272416.807967979	29841.5253072362	12764.9777086843	9946.86783955033	7454.01901426642	5172.64757751388	4606.19481462839	4518.83206561285	4379.67661915571	3943.70001868333	3426.40698643031	2904.33649273676	2567.43636725658	2435.99539513846	2125.72975087209	1874.96716648738	1695.52177911299	1989.1958980791	5950.15873783356	1144.90849198975	823.720951260784	677.578591220494
490	160559.548953462	60592.1713747234	12464.5450348889	9844.91820287239	7190.5734117752	5161.42408120083	4474.0216157768	4432.46085175275	4207.65416327429	3828.11165141598	3330.67978668784	2812.05526850202	2535.62954431086	2365.57671140446	2092.33087957795	1833.33964277374	1699.20553675222	1728.95610574384	6116.50850354935	1319.88699274768	824.964812380197	664.523912940369
492	75105.6413535047	120080.002898008	12434.8985745325	9673.31198745774	7410.34764999855	4826.31916179375	4416.29748631531	4280.78744706191	4209.46249856125	3856.90771115535	3192.04708116259	2756.08063824015	2538.3128295671	2394.29864897205	2121.58327708677	1878.85940360197	1678.61518219529	1639.43857779884	5825.94641378173	1615.05768365761	854.399308205579	691.569224175189
494	34121.3946394526	209294.150598027	12339.3387083129	9311.94095094007	7428.5153145081	4879.33599524305	4255.72311932116	4221.02615896575	4106.8057447004	3666.06337424833	3194.06843070945	2662.64194046671	2491.25794683586	2271.57990584732	2030.43754472526	1847.76008315463	1658.02970260058	1601.85490462473	4956.62675560383	2156.80834131253	872.697935642493	698.089964293645
496	21144.4207582963	313709.30231308	12646.0020042167	9833.35169569412	7096.66228391302	4826.31292957977	4304.01836909747	4052.53219569857	4005.85129473068	3632.18738356509	3050.11417195721	2575.665832387	2473.67836223834	2276.7482002751	2079.6495118757	1833.90976600709	1648.56825338493	1555.55713696345	3874.58459595829	2842.98770207497	896.823637606369	735.738533552655
498	17526.1042429032	420542.924204795	12629.7515360884	9682.90087075143	7192.89647610039	4772.44638776306	4108.87771164469	4067.68158733243	3863.05388460069	3533.64602157907	3089.48296064761	2607.62538986322	2336.52423398452	2270.31231492518	2058.54969451186	1840.98309397346	1665.67273059833	1575.4745119205	2869.50956762177	3620.93166223234	928.231353461682	745.992580778146
500	16148.0112325351	496776.287394179	12598.7534925248	9667.455734	7195.57668784828	4716.98625820445	3899.38554048701	3962.03468385403	3771.42081791974	3360.35459057665	2949.10233316253	2541.13098929514	2344.04607989424	2218.00649785367	2023.42348178746	1820.61549247711	1658.39999286092	1549.10329754105	2166.55552497167	4440.03581089964	966.770898495372	785.435228112765
502	16637.8376650004	514014.157636295	12985.210611618	9852.88127834598	7232.61419985019	4639.98871312019	3934.89377761723	3891.64080308658	3889.49060241756	3430.29712105407	2900.81350182719	2451.09063996718	2305.82690987407	2182.6423882518	2005.61167954147	1778.72107570739	1663.8398845746	1519.38941451911	1823.39964028897	5016.03365126434	1065.64696963456	799.462224823468
504	15269.6498068012	460466.750618145	12525.1602832804	10229.4747762214	7372.78613682262	4723.52459873646	3698.85477905329	3918.67689733838	3646.60026030693	3349.65748462758	2851.46879915335	2436.33613809949	2291.1661140348	2197.30308935222	1968.64533695155	1785.02737245953	1677.70354032102	1522.1490871073	1626.02042730215	5220.1393837473	1277.29129854633	815.072472163569
506	14958.4280801411	360777.075359514	15474.919284097	9746.96490006654	7598.0054369971	4568.27801971553	3799.63558990558	3729.62225529557	3594.28411477861	3314.83921162681	2916.15586861105	2337.43483105855	2232.06146898015	2152.28866715239	1983.88524700441	1782.06535077785	1616.50389935834	1544.13672836345	1544.70875763902	4985.36764527271	1500.03167335398	879.037286396877
508	17332.0774403159	244900.09076699	29113.4370965331	10348.3515760946	7642.68980446913	4737.95909560188	3703.44559199942	3586.97504799212	3508.38317804796	3156.62141502949	2722.70133984127	2299.3346286704	2219.62379593119	2121.53530185858	1940.02252435025	1778.4240128892	1653.15437033474	1540.19122671374	1554.52201559723	4289.76742906477	2040.95023419947	873.876612163937
510	17555.2088855502	138307.370923689	66246.1407176241	10379.1145149898	7944.63566811996	4491.57694280523	3683.29672567238	3680.65806154565	3427.85065814812	3073.92172493381	2685.22192038121	2286.8471418492	2136.76746034267	2064.33265423306	1937.76998894037	1766.82579997244	1671.71412329278	1565.47308493041	1532.19626031054	3491.93547860089	2653.06531850966	956.330618232612
512	22634.0275584511	63053.0696512258	131222.027416945	11239.0532228281	7654.94308266409	4617.54924817409	3635.11081879464	3590.68345077564	3354.07562088909	3078.93710729568	2641.79890783177	2302.96820847274	2087.25330262765	2002.81995522111	1899.50807661144	1791.25963284593	1673.5643701344	1562.91678060996	1597.12531524673	2673.39705711976	3370.76460398054	961.319751608816
514	35465.3039268883	27359.2685570844	232621.983126727	10992.268726956	8272.59803626303	4733.17616444935	3515.45434060984	3372.61224646106	3380.17926188886	2982.12459470933	2556.38371861663	2225.18843473437	2030.23648599157	2025.45523938897	1877.74032367968	1765.50776169001	1648.53349013002	1568.78470358513	1577.26299645795	2059.3660231717	4037.25926353859	1055.98594376299
516	44317.628826594	19288.1577655643	346064.718650826	11417.3028844544	8654.17062030313	4682.66988903893	3466.21217849622	3246.62594150507	3362.68009499705	2964.21826949902	2517.06252543376	2189.38189846104	2063.8819995258	1951.51271563232	1870.51214214274	1738.93808962073	1695.28911826072	1588.12611905446	1573.13097390871	1790.26797694863	4475.28619877881	1188.17445096973
518	60668.5097895142	19242.1169106562	470857.056274492	11751.3040201874	8466.04742568317	4721.14520659612	3361.88150768232	3334.20444663521	3157.90664644372	2792.40890663219	2522.00149054818	2161.02880033927	1914.05269412619	1973.25045925841	1805.40612804136	1767.78607815614	1651.80918278833	1603.42479254829	1577.29129444995	1661.062401238	4595.07119229846	1360.94658431117
520	74891.6854179465	16795.0802298917	543599.624230786	11980.6186880423	8929.81784123485	4534.20846139694	3209.68638973525	3286.7060891592	3337.70108062018	2928.73362553827	2444.90637162616	2097.09991706133	1915.44597984525	1936.58978259564	1841.92457045265	1758.89320254946	1662.57848297036	1646.64931179957	1636.40638837899	1622.7388781706	4440.79713406592	1623.39554006596
522	90211.4264281438	18416.7435277951	548046.478624044	12490.3944579447	9007.72560547285	4572.99701841027	3187.02060793109	3226.91411864051	3111.39626421315	2779.15979461294	2399.92853659647	2062.03907089868	1924.14187150895	1816.13827819209	1811.78770647423	1691.39713657619	1690.2506639841	1661.4649349161	1658.37793455881	1645.94458492807	3840.79589943147	2055.5691011163
524	98676.4063191154	18017.5055729845	487747.607553621	13116.1865093266	9464.42379309465	4741.52932974298	3244.90403032205	3159.28171861144	3040.11468432842	2682.28309395229	2371.29781389676	1961.45929691328	1846.52541423042	1849.25281483868	1731.82786773608	1700.12865172403	1661.52099927507	1679.52060673809	1677.72458162019	1650.22370128157	3125.77363555955	2621.62804568191
526	96367.6609960186	17766.0442855822	381898.773671192	17244.6333472999	9950.07029893722	4640.09615153906	3145.34557025742	2954.20981676111	2936.56849974545	2690.83008632832	2313.23212117285	1969.93607106891	1812.57473056699	1823.04844954841	1748.79768956736	1686.50883311215	1707.36960474317	1678.3708285992	1653.46932861562	1713.28481898206	2517.79702680355	3238.00592065562
528	89993.8602966736	17753.4652049073	253064.899085731	34801.7472127403	10168.1439190203	4647.25746857891	3065.9383259331	3023.47505879787	2972.60976930037	2644.3227995899	2235.27319797361	1851.62311749003	1833.06860760592	1786.55764230039	1757.33255342252	1680.98428916965	1680.46461367362	1646.99384489699	1677.7231197276	1667.56044689351	2017.4098821816	3714.63720790023
530	78221.6349392102	19392.509588054	138304.183808574	83936.1074286037	10143.3206108779	4661.25942364947	3032.22629090178	2886.79162878421	2818.31780877289	2574.54477782187	2247.58357686945	1848.90945685335	1774.30345370979	1764.34894253234	1661.42946193762	1665.83124817204	1688.57007542586	1677.55274867853	1720.65333752742	1702.36007365445	1755.68988826044	4073.23102259053
532	61345.2441024542	21587.6500759525	61889.5101828196	168766.887659775	10210.7944052558	4522.92285656237	2874.18600260184	2881.4897870606	2887.94100950482	2489.01787235278	2197.10111925537	1773.10210673796	1722.07879583379	1691.10482266518	1707.1999359731	1682.37773588711	1663.63288351847	1688.05815319157	1748.21679847329	1715.10217246931	1654.02492205752	4267.49565421023
534	46564.5775426207	27823.7105163549	30153.0573075661	283337.688559001	10564.6255159084	4635.36833611694	2923.43267263013	2903.96646384291	2780.39607682691	2507.64139667303	2177.36508853528	1764.1129856095	1680.89708087519	1692.29655343402	1594.55138309464	1594.65268728392	1684.66995597152	1695.56134046129	1784.40041906533	1752.9497109802	1614.46810300241	4084.24666238101
536	31066.8207299909	37905.2853615704	23232.6376127224	412971.562026119	10859.4747804617	4713.3101211027	2947.83558461378	2741.16177125406	2715.23009130401	2403.7909956487	2106.46934909508	1698.69978169803	1684.75471841892	1688.46608498168	1637.07526028601	1591.85541904409	1703.81717750526	1707.04077005028	1742.14479508873	1754.72666249936	1623.11237861388	3533.05280278447
538	20167.0160562431	49265.2799254373	21833.6673200325	536905.664357333	11066.0170792584	4897.04057241549	2857.98890627355	2693.95044552499	2654.90000259194	2349.49769597749	2027.28831587155	1636.31901736379	1590.66357739044	1641.09597232111	1566.2829937316	1605.5423564056	1647.9853422836	1655.01846683656	1758.63187927055	1788.24138867321	1642.76132317009	3016.61396176036
540	15606.2043915036	66487.4697323186	21818.6728903671	611478.630546252	11352.0461738893	4946.3851128233	2840.62852833539	2667.32736945098	2662.11258265412	2366.53953359757	1987.07775560528	1681.09632542457	1580.11144197608	1577.2223188125	1580.95152961179	1559.82709193361	1628.53883340153	1642.65470294312	1830.5358224078	1818.75309265021	1675.97002685715	2473.671829304
542	17390.41722481	86506.9881143331	22702.4064791007	603113.752556496	11688.9164699951	4811.68696178545	2799.95072905396	2572.23427709617	2598.29605628873	2288.65031537775	2005.82681449626	1605.09009457826	1541.2448141038	1603.83022877021	1529.81216430139	1547.70145248476	1665.43406020345	1668.54378400102	1803.93943597367	1834.7643867962	1681.55784349244	2066.67572729134
544	14177.788205228	99588.8289736808	22255.2159241104	523924.667765202	12588.3415412651	5097.22895481496	2744.06562878878	2681.30334440582	2516.04644619073	2183.28063260306	1952.03940511962	1502.98767668721	1571.33113956099	1506.39799636698	1542.36334362596	1540.4455118433	1673.69821265765	1669.45873499851	1835.99341347582	1903.07156059749	1665.03110708312	1798.36527581037
546	13875.9673683245	110323.030280251	21683.81485096	404533.611611743	16099.0351884965	5089.42636589159	2707.62670708992	2494.85467501556	2502.96808020024	2188.9948102676	1883.31102421988	1526.4959633421	1474.69795679098	1507.59461736881	1501.44803880422	1540.09409375567	1687.75164043937	1683.98002839502	1838.40179378916	1878.14843471416	1622.96333081788	1718.18168773376
548	11707.4940312239	115079.116269416	21706.0774110655	269907.633761925	35245.8380204659	5231.58714958082	2556.83508629929	2496.49046993619	2469.87481354893	2098.09972086102	1926.36095075927	1508.98707448859	1392.84794713856	1427.90337675703	1458.32340518313	1480.15592108903	1597.1278684849	1684.40192540574	1872.67852559853	1894.97125340367	1690.00178793514	1707.5681765037
550	15611.0624604269	105249.650690719	21667.1455853761	149728.979122739	86103.5190884017	5074.66030777338	2633.30764487142	2412.00339885182	2375.90238324206	2019.80851862788	1819.24515587387	1404.40699650706	1409.57023135961	1377.57843043386	1477.58704726548	1505.87741407812	1633.21715356376	1683.66547137439	1767.69462430194	1860.89148996273	1673.92798984476	1654.28726087039
552	12671.6223004674	95139.6830715638	23040.5490154601	68010.3531801578	169855.357860178	5155.48905951855	2619.49747981053	2349.22344776741	2177.93115140241	2111.75930293356	1804.97449509263	1386.24321924577	1363.41769421214	1434.7359607172	1414.44145973906	1421.71656075096	1637.26125774065	1672.12516045036	1812.24856766122	1895.29471229349	1671.74331239519	1686.9360749644
554	12156.8292230805	79303.6036339237	24699.2781802881	30386.3887465217	294112.550816088	5157.87273345436	2529.66270659439	2304.62473597896	2342.44280185761	1998.97196896573	1750.86648004102	1351.49051746466	1309.83896545639	1369.65261525832	1382.34959453582	1450.20586502286	1622.12735639049	1655.37852523893	1823.03740378475	1846.06017754316	1698.49525306219	1642.74967981516
556	15281.1477323851	60562.109648901	27671.7159403099	22830.454222819	432529.119555099	5143.10965453126	2443.06114990064	2262.88888837817	2267.00025943763	1974.76403781887	1774.06765553183	1340.74186165817	1318.7143173673	1375.35141642637	1391.95375697072	1406.48630956565	1578.08413228037	1646.53448276436	1817.79346245652	1848.87400798943	1681.03753550353	1654.41011171246
558	14157.5133023084	46438.1785327207	35225.6582008373	20226.2671039657	560119.672061673	5396.6985117395	2540.0437010105	2211.78185830796	2137.85517697859	1954.83264278023	1645.7599052537	1269.08591430715	1281.43578193437	1298.64743600296	1342.60871730668	1384.37232021251	1592.88945816633	1658.2241970671	1757.65651376561	1856.35965068385	1679.16169452308	1656.74014809929
560	12084.6740562182	32077.9107285831	46565.7301992977	20424.5799469245	643504.73841753	5466.85398815902	2552.38156566473	2318.21154179403	2122.02580765314	1956.71082506081	1648.3615006186	1287.14896102569	1211.61350078424	1291.62693299071	1314.34117472076	1396.57392307615	1548.0469534107	1620.96438363048	1749.17818440176	1899.00991766152	1703.43968772033	1609.32244750449
