EM wavelength	EX wavelength	S1/R1
nm	nm	CPS / MicroAmps
300	240	3113.10139882868
302	240	3662.74443575831
304	240	4303.08964465966
306	240	4622.56948624025
308	240	4786.11285869749
310	240	4811.6483832568
312	240	5495.80534393695
314	240	6165.54743603555
316	240	5794.05677655211
318	240	5445.56163775809
320	240	6273.56332127247
322	240	6821.62796948774
324	240	6377.09343173536
326	240	6098.90866016724
328	240	7434.7302093082
330	240	7420.33677790176
332	240	7178.32639323687
334	240	7210.76462878799
336	240	7327.25938459654
338	240	7637.64601580871
340	240	6973.64647102254
342	240	7073.68311275926
344	240	7115.63456029653
346	240	6647.27743797805
348	240	6808.90415596888
350	240	7557.21984221171
352	240	6702.4240241733
354	240	6472.90703434132
356	240	6686.45444365472
358	240	6153.97541598232
360	240	6735.43848196133
362	240	7141.59965097225
364	240	6642.81821916189
366	240	6014.93662144839
368	240	6044.15776736926
370	240	5708.03654677062
372	240	5611.66614429933
374	240	6000.1927948242
376	240	6027.30856878905
378	240	5771.57103891185
380	240	6178.64354127
382	240	6550.86647918072
384	240	6427.80184140454
386	240	6174.17665803742
388	240	6120.47287447944
390	240	6303.25603496198
392	240	6280.46791213519
394	240	6362.57637976594
396	240	6172.70650211238
398	240	5639.20764375612
400	240	6279.93636299078
402	240	6481.27059003718
404	240	6788.56774728629
406	240	6279.35308037131
408	240	6118.87938731086
410	240	6933.81280904009
412	240	6199.76859398412
414	240	6697.2548780627
416	240	6295.52766016461
418	240	6159.27750297955
420	240	6457.17575350824
422	240	6137.23224883204
424	240	6068.3520648451
426	240	6428.21372136092
428	240	6295.60479712461
430	240	6696.69297559183
432	240	5906.1964645507
434	240	6082.78130461473
436	240	6412.98511376135
438	240	6185.16950523321
440	240	5479.15580286518
442	240	5719.68233975648
444	240	5910.82431852675
446	240	5468.02104338243
448	240	5787.59268117969
450	240	5870.17706605138
452	240	5022.932757651
454	240	5797.83698267316
456	240	5197.78846325399
458	240	5143.47534491927
460	240	4276.92906886355
462	240	5199.140380109
464	240	5290.66723678318
466	240	5144.3126625144
468	240	7096.21686849269
470	240	14842.4035705601
472	240	30115.1440549686
474	240	50787.8744392005
476	240	84124.4902439509
478	240	119447.393808236
480	240	142513.541383829
482	240	156236.419856162
484	240	141841.578886586
486	240	117953.2314111
488	240	83651.2145037983
490	240	49507.4395331857
492	240	21840.2463471936
494	240	9393.36849252783
496	240	5544.21902656587
498	240	4728.57987803387
500	240	4792.72826737736
502	240	4029.57429946468
504	240	4393.2496307231
506	240	4448.85742254286
508	240	4662.33700429526
510	240	5398.89086708062
512	240	7800.58301120786
514	240	10763.3045985148
516	240	15746.7218840268
518	240	19307.717538145
520	240	24193.2226653579
522	240	29456.385530412
524	240	30341.5663867362
526	240	31491.4393069595
528	240	28117.5768573207
530	240	23783.257833511
532	240	18941.7578384154
534	240	12191.2524116494
536	240	8236.52187296027
538	240	5489.04245936733
540	240	4046.92532777977
542	240	3806.97761444577
544	240	3741.18879396923
546	240	3432.08653397364
548	240	3446.47678988328
550	240	3842.42103473842
552	240	3044.27401730643
554	240	3349.50468670935
556	240	2736.59902632186
558	240	3404.42993801941
560	240	2856.97451974764
300	250	3070.87844350327
302	250	3353.13720749104
304	250	3610.25123926365
306	250	4228.7605268889
308	250	4292.24209558113
310	250	5013.27344176871
312	250	5178.39689906806
314	250	5760.53636547103
316	250	5911.12774010576
318	250	6289.60377956528
320	250	6547.00204418564
322	250	6772.29753844435
324	250	6675.12481188453
326	250	7505.51893912362
328	250	7170.53044108787
330	250	7591.38444130861
332	250	7399.9075350562
334	250	7029.63660188156
336	250	7349.05480884575
338	250	6856.800053409
340	250	7161.03690103046
342	250	6776.66500983863
344	250	6602.29809954645
346	250	6091.46032731956
348	250	6457.49214486386
350	250	5994.66582133957
352	250	6321.35434739194
354	250	5734.45128253132
356	250	5543.36463698387
358	250	5438.04549542279
360	250	5314.68408927487
362	250	5376.51324956131
364	250	5246.63689866505
366	250	4829.4191570161
368	250	4722.80040842994
370	250	4633.35662211301
372	250	4861.53140610419
374	250	4735.07029604332
376	250	4702.81030240998
378	250	4968.45238399772
380	250	4862.29056909726
382	250	4421.69650020602
384	250	4506.01305136846
386	250	4378.99258358989
388	250	4744.27108457814
390	250	4496.92938946272
392	250	4399.4457502591
394	250	4446.90031026315
396	250	4660.6641650786
398	250	4538.60319190237
400	250	4634.76036466007
402	250	4487.84171777518
404	250	4790.54428406945
406	250	4748.20390651486
408	250	4601.4143445195
410	250	4615.61926548587
412	250	4658.21518874042
414	250	4979.92771843145
416	250	4881.28958703619
418	250	4544.15016598775
420	250	4697.87624368923
422	250	4513.11218521378
424	250	4954.99855281443
426	250	4917.30766342815
428	250	4893.8859000034
430	250	4481.82998319691
432	250	4809.99238411637
434	250	4804.87091981685
436	250	4645.26347421464
438	250	4828.10227978345
440	250	4312.93595069167
442	250	4275.76943455779
444	250	4500.04052907842
446	250	4313.42040114002
448	250	4403.75338929129
450	250	4557.7016109988
452	250	4344.74736451548
454	250	4292.21764887991
456	250	4584.57132710226
458	250	4283.50059806297
460	250	4219.65469607453
462	250	4300.60873866493
464	250	4258.54734741523
466	250	4518.50187972521
468	250	3829.16639474217
470	250	4120.07122325473
472	250	3548.05685672272
474	250	3865.30391674599
476	250	3840.69741549004
478	250	3770.41772868373
480	250	3581.66714594608
482	250	3712.48166499951
484	250	4104.29265053175
486	250	4541.14110361391
488	250	8763.56119290744
490	250	19064.5115972638
492	250	39669.9915442979
494	250	67239.8257199755
496	250	100188.39859166
498	250	134470.816519362
500	250	157146.295679318
502	250	159655.942665353
504	250	143119.072181461
506	250	112080.569853921
508	250	75622.2179969337
510	250	41857.9700040285
512	250	18368.1039626415
514	250	7788.58191737582
516	250	4999.20414663335
518	250	4928.68076703717
520	250	4795.36760221803
522	250	4497.4941274329
524	250	4422.9259286173
526	250	4443.31507237783
528	250	4993.56957292496
530	250	4834.41091542356
532	250	6054.50947527263
534	250	7848.89675034539
536	250	11556.4411130721
538	250	15401.0221027338
540	250	20564.0549168612
542	250	25875.1393241117
544	250	30304.6625313415
546	250	33890.9866167877
548	250	34628.9178708919
550	250	31533.4402654689
552	250	27979.319497457
554	250	22732.6302878228
556	250	17814.4097023694
558	250	12676.1797729415
560	250	8426.28775658174
300	260	4151.79880658926
302	260	4337.70959672086
304	260	4804.52244405514
306	260	5050.53788627728
308	260	5554.61173992558
310	260	5899.38360948259
312	260	6127.46489718795
314	260	6755.0558580775
316	260	6954.91356948076
318	260	7002.46090526015
320	260	7524.11149672726
322	260	7160.52037867648
324	260	7540.08001795525
326	260	7721.90719793073
328	260	7260.23473769924
330	260	7362.15364460372
332	260	7462.81079561412
334	260	7216.13680351281
336	260	6787.40036979588
338	260	6718.25420600297
340	260	6749.17633040162
342	260	6262.49661319143
344	260	6135.74253107533
346	260	6068.98204547516
348	260	5927.59284991987
350	260	5696.88205642428
352	260	5357.04357953327
354	260	5270.86229624057
356	260	5053.37669578011
358	260	4866.85889360051
360	260	4786.69356676455
362	260	4331.1728540268
364	260	4482.00856451728
366	260	4224.56594078556
368	260	4217.93963578218
370	260	4208.42658905796
372	260	3969.52571543177
374	260	3685.0103611632
376	260	3581.52803201629
378	260	3631.4347402935
380	260	3581.95923404182
382	260	3702.56212061369
384	260	3481.55217327892
386	260	3802.04222395051
388	260	3356.52781203259
390	260	3277.63053846972
392	260	3265.98755648139
394	260	3500.90910877599
396	260	3474.3402840083
398	260	3432.32535998389
400	260	3290.56215670874
402	260	3313.45967245511
404	260	3296.94634073224
406	260	3357.68821024861
408	260	3423.52102219455
410	260	3317.22338910279
412	260	3367.29969401524
414	260	3355.76778489964
416	260	3350.7469618621
418	260	3118.73002632368
420	260	3600.29984209289
422	260	3499.30067491089
424	260	3300.45852170678
426	260	3627.23514648781
428	260	3319.51648704915
430	260	3614.45711665114
432	260	3495.81496495127
434	260	3608.37057295417
436	260	3581.94054729183
438	260	3490.41490384548
440	260	3624.72082033961
442	260	3368.70738893185
444	260	3486.09040237297
446	260	3367.77165981524
448	260	3406.72018723557
450	260	3576.38695297333
452	260	3246.24905683586
454	260	3265.04274144957
456	260	3481.06612811616
458	260	3558.21004583231
460	260	3290.29548121337
462	260	3191.72281647269
464	260	3375.16236267391
466	260	3291.25843228943
468	260	3515.41402441454
470	260	3578.97325031638
472	260	3350.47997008649
474	260	3190.92309397531
476	260	3343.53874832973
478	260	3340.08161992181
480	260	3379.17435959323
482	260	3288.5544773474
484	260	3212.48157073495
486	260	3426.9337384307
488	260	3346.04562642639
490	260	3338.64721305546
492	260	3498.46318140301
494	260	3437.02795417874
496	260	3343.66810858602
498	260	3437.77495489975
500	260	3377.43460346604
502	260	3522.98286592501
504	260	3758.47883122719
506	260	4369.33606118544
508	260	8911.23743910201
510	260	21245.5306186734
512	260	44328.2717898397
514	260	77160.3462742456
516	260	112991.815447961
518	260	147236.028852346
520	260	168516.839340101
522	260	168519.676915169
524	260	144403.98858067
526	260	110408.90681675
528	260	74026.5975209683
530	260	40498.5988527788
532	260	18039.2392943847
534	260	8533.24858293588
536	260	6325.01820759261
538	260	5787.70213574074
540	260	5541.45406971437
542	260	5622.21826772917
544	260	5823.17392397029
546	260	5593.87360600965
548	260	5679.83773650256
550	260	5409.62205970226
552	260	5653.49893694918
554	260	6039.61643348561
556	260	7466.02228207554
558	260	9399.04339509093
560	260	12279.2428819985
300	270	37527.4416201877
302	270	26680.7769616175
304	270	16628.1894841131
306	270	10554.9852621976
308	270	7467.8318399707
310	270	6999.74611096196
312	270	7046.68758288778
314	270	7019.99193967462
316	270	7102.09103758531
318	270	6902.33660692443
320	270	6991.97088026717
322	270	6815.14272415555
324	270	6933.45836021344
326	270	6823.53659737499
328	270	7124.15918694297
330	270	6809.63875990052
332	270	6591.42068371275
334	270	6493.41873744872
336	270	6327.68509665062
338	270	6023.75958504363
340	270	5794.5275728118
342	270	5615.48379496207
344	270	5327.91933782547
346	270	5243.57427434017
348	270	5243.42902090864
350	270	4900.9997202981
352	270	4856.02207928501
354	270	4528.06937755365
356	270	4256.24230028229
358	270	4024.55222146331
360	270	3933.28465831578
362	270	3644.4040222067
364	270	3670.42676579629
366	270	3525.79636929248
368	270	3388.45714021118
370	270	3550.12971523314
372	270	3183.64756250609
374	270	3189.11762990787
376	270	3279.85625964792
378	270	3079.32707757429
380	270	3145.51181761729
382	270	3014.96223862638
384	270	3102.24345784236
386	270	2926.73789427916
388	270	3111.48812706965
390	270	2867.57595115161
392	270	2951.10752429194
394	270	2966.72566938402
396	270	2848.79933319492
398	270	2741.26789206205
400	270	2946.14827603352
402	270	2866.20203297176
404	270	2987.46608808602
406	270	2910.40986396473
408	270	2784.87861075691
410	270	2790.63205760241
412	270	2856.09891244949
414	270	2769.57500938354
416	270	2896.30575878908
418	270	2874.9008632957
420	270	3035.06907053402
422	270	2756.73340980683
424	270	2966.45942376928
426	270	2902.93165840615
428	270	2964.7492351932
430	270	2937.44511179466
432	270	2891.77579517582
434	270	3012.72969787768
436	270	2638.54662459395
438	270	2938.40528907201
440	270	2895.51757930893
442	270	3030.46634724268
444	270	2826.67349954533
446	270	2806.41487123468
448	270	2795.45621623091
450	270	2714.06039379094
452	270	2796.60894270112
454	270	2811.94852453836
456	270	2906.30623063108
458	270	2881.02757568249
460	270	2880.89720216817
462	270	2842.25473583478
464	270	2931.41427075443
466	270	2873.31294116777
468	270	2798.48427196854
470	270	2933.86467605489
472	270	2920.81617981082
474	270	2793.55548692595
476	270	2855.28004799844
478	270	2750.54262447186
480	270	2828.34354445668
482	270	2867.99524594912
484	270	2758.58802872635
486	270	2714.77845199737
488	270	2810.76873469474
490	270	2882.16537272461
492	270	2843.5749135339
494	270	2845.90807391739
496	270	2710.44758465392
498	270	2828.36529580048
500	270	2819.95754883432
502	270	2916.24370036187
504	270	2967.43966968231
506	270	3027.08720190918
508	270	2831.05031825743
510	270	3018.89537053837
512	270	3111.8239279659
514	270	3211.45420282238
516	270	3259.55512096648
518	270	3345.78954741376
520	270	3459.00642911278
522	270	3547.65501716925
524	270	3799.72125575063
526	270	4926.39046624802
528	270	10720.3549792934
530	270	25324.5280376985
532	270	51420.2766789467
534	270	86317.4867214049
536	270	124532.349575769
538	270	158828.682013116
540	270	176689.691674893
542	270	173542.693549858
544	270	149333.417802985
546	270	114198.666918516
548	270	74871.9379144186
550	270	39916.3040372372
552	270	17819.4457080307
554	270	8148.6196900083
556	270	5821.83386821432
558	270	5603.77788290841
560	270	5449.6985934674
300	280	5676.83708588853
302	280	10106.4945729945
304	280	18702.5023294479
306	280	30172.5274941854
308	280	39823.8786710999
310	280	42411.2458850839
312	280	36849.0256340392
314	280	26547.2294498986
316	280	16198.6327625569
318	280	9334.26888080814
320	280	6286.99476090097
322	280	5388.16881423231
324	280	5145.74056549421
326	280	4935.91176881448
328	280	4846.10956632094
330	280	4782.14435643854
332	280	4607.73981659623
334	280	4441.95052181891
336	280	4572.41658859447
338	280	4351.24180270866
340	280	4208.44960000059
342	280	4223.78761260331
344	280	4060.05499289289
346	280	3905.54834333887
348	280	3750.02075173029
350	280	3516.84687956387
352	280	3525.20160262081
354	280	3351.83256958502
356	280	3176.43816287677
358	280	3156.96401916921
360	280	3089.71424126
362	280	2958.62894216548
364	280	2881.93378829071
366	280	2787.26256211469
368	280	2842.50251935086
370	280	2748.92637606475
372	280	2657.58056513575
374	280	2648.43474455115
376	280	2716.10353767199
378	280	2748.59978564586
380	280	2742.87035783047
382	280	2632.52799860565
384	280	2782.92347771728
386	280	2789.93696181855
388	280	2690.98666984189
390	280	2767.97545904931
392	280	2774.63393508478
394	280	2657.9757704486
396	280	2613.18387878977
398	280	2758.5535542296
400	280	2782.82031808287
402	280	2779.98883945272
404	280	2776.2960975765
406	280	2751.40524008125
408	280	2710.77403326114
410	280	2679.7924639728
412	280	2741.4543597619
414	280	2824.39412580267
416	280	2734.52204629208
418	280	2667.27678771867
420	280	2872.64072759306
422	280	2790.90623793023
424	280	2745.92177846351
426	280	2656.88472517608
428	280	2694.11312974334
430	280	2745.76039434936
432	280	2754.61389758604
434	280	2653.55220004113
436	280	2566.22258950233
438	280	2524.37892905005
440	280	2475.19981855146
442	280	2581.70302505722
444	280	2528.8849598187
446	280	2437.0636986931
448	280	2424.05231699773
450	280	2436.83036440659
452	280	2409.74128253116
454	280	2418.38960111443
456	280	2311.60228889571
458	280	2319.80509698742
460	280	2352.79172389727
462	280	2358.33344832571
464	280	2260.86075741583
466	280	2327.01863015125
468	280	2288.67464670975
470	280	2257.41259419684
472	280	2188.87490418684
474	280	2169.7297908039
476	280	2187.94606888377
478	280	2231.91733351649
480	280	2155.95165687813
482	280	2202.79415064276
484	280	2197.82143543478
486	280	2241.12462114978
488	280	2139.07766725629
490	280	2102.54397579789
492	280	2151.74795367216
494	280	2195.56247444534
496	280	2081.58804162922
498	280	2067.3307293179
500	280	2110.94673320934
502	280	2208.01739439298
504	280	2191.08690061927
506	280	2161.40430614174
508	280	2267.55620413817
510	280	2401.45343728865
512	280	2440.21489239916
514	280	2372.9194114332
516	280	2518.71638189105
518	280	2509.60393793584
520	280	2503.21898805637
522	280	2604.28619881658
524	280	2690.76277612439
526	280	2844.26204790419
528	280	2885.33420750292
530	280	2835.66753452003
532	280	2913.84643073408
534	280	3083.66371484951
536	280	2987.09139648681
538	280	3062.45492403613
540	280	3177.42226253457
542	280	3243.60945451422
544	280	3458.77544488254
546	280	4396.86681165371
548	280	9784.33705931191
550	280	23740.5389297729
552	280	47282.4385330527
554	280	79357.934054755
556	280	115400.619482652
558	280	145585.631315929
560	280	162496.69880952
300	290	2755.85741251189
302	290	2047.28302348478
304	290	1965.8956794529
306	290	2000.42115731174
308	290	2054.97417598442
310	290	2397.82966372482
312	290	3708.96828276939
314	290	7443.72309758989
316	290	14998.3104396028
318	290	24932.6436652156
320	290	33731.5916891085
322	290	36443.4079120202
324	290	32268.4828678288
326	290	23287.7644462725
328	290	13950.2793878918
330	290	7325.5054856626
332	290	4068.50741424637
334	290	2944.17245366947
336	290	2675.90051958904
338	290	2493.84712441634
340	290	2459.27071603248
342	290	2445.44152352858
344	290	2322.1484348209
346	290	2392.37669457836
348	290	2378.91229492938
350	290	2282.65445890141
352	290	2305.39473262098
354	290	2218.14976780413
356	290	2272.98121317545
358	290	2348.95756774903
360	290	2267.07563637876
362	290	2237.73888546126
364	290	2207.47541414724
366	290	2262.10595825165
368	290	2158.21134238478
370	290	2193.68520703463
372	290	2178.98613654982
374	290	2217.11944308171
376	290	2265.07932300233
378	290	2275.68399516208
380	290	2264.65642891927
382	290	2357.56305540367
384	290	2395.91392559709
386	290	2423.18599562884
388	290	2461.06987060433
390	290	2457.39071116655
392	290	2471.35465957721
394	290	2574.60898607761
396	290	2497.43315180857
398	290	2691.65185549676
400	290	2675.33879181916
402	290	2761.19385079561
404	290	2577.64553353386
406	290	2724.39636547245
408	290	2672.42015752698
410	290	2662.70272404167
412	290	2745.74972801218
414	290	2738.14278986147
416	290	2671.30912457163
418	290	2724.07138559266
420	290	2678.11084779389
422	290	2729.87989107438
424	290	2664.23968408186
426	290	2692.37963833799
428	290	2612.77873967991
430	290	2546.28284138087
432	290	2619.4857652412
434	290	2574.40129640562
436	290	2455.62907328753
438	290	2408.01798534161
440	290	2364.31780487261
442	290	2323.02291160341
444	290	2275.53341077764
446	290	2305.00751524104
448	290	2104.35350262947
450	290	2144.78833196174
452	290	2040.49312857284
454	290	1942.52497631519
456	290	1990.51091070571
458	290	1837.99216283244
460	290	1857.9042914447
462	290	1845.81057329874
464	290	1800.11035248965
466	290	1786.06730812759
468	290	1729.62589029533
470	290	1697.57201401453
472	290	1608.56120452586
474	290	1658.23007461895
476	290	1597.41926465024
478	290	1565.30685403161
480	290	1502.25150276422
482	290	1407.95984505141
484	290	1517.27973117428
486	290	1446.36224391399
488	290	1409.7823418113
490	290	1402.22276105797
492	290	1302.65587280173
494	290	1351.22006706371
496	290	1271.69582249012
498	290	1287.86043029673
500	290	1253.27748547782
502	290	1214.63287162185
504	290	1242.90788995516
506	290	1249.66218632738
508	290	1212.59118004409
510	290	1213.23935120346
512	290	1171.53452864499
514	290	1210.11143785344
516	290	1145.2014784695
518	290	1228.6386633312
520	290	1149.08713568144
522	290	1147.92117305292
524	290	1177.69737831943
526	290	1170.44860582704
528	290	1146.87965418431
530	290	1209.39328227115
532	290	1209.11620277173
534	290	1167.83843402644
536	290	1183.71623764573
538	290	1193.0339074345
540	290	1195.44067477119
542	290	1220.99476350288
544	290	1225.15302091636
546	290	1254.80611705494
548	290	1234.97813895166
550	290	1275.93738645308
552	290	1330.94709709023
554	290	1307.61363967604
556	290	1285.31537014169
558	290	1340.80466872148
560	290	1286.63040386381
300	300	207476.236905296
302	300	183540.841261707
304	300	114442.43485927
306	300	46626.9731707885
308	300	11823.5941587217
310	300	2387.06699979745
312	300	1592.2343624654
314	300	1436.42599180928
316	300	1382.04661265304
318	300	1352.6620689378
320	300	1382.16134670463
322	300	1601.15101267102
324	300	2702.87446897675
326	300	5802.95499207871
328	300	11964.4166947708
330	300	20585.74371834
332	300	28804.279296429
334	300	32630.1493499565
336	300	29891.163233294
338	300	22159.4864274128
340	300	13516.0862531387
342	300	6815.73041939529
344	300	3392.58646153389
346	300	2004.14482666624
348	300	1597.39575814458
350	300	1537.14396650701
352	300	1513.5762358088
354	300	1429.95041703052
356	300	1443.08286346851
358	300	1410.40812191925
360	300	1448.2770864641
362	300	1470.71730816297
364	300	1451.03608610823
366	300	1572.91374656725
368	300	1589.70765022984
370	300	1661.16356564978
372	300	1642.00157253107
374	300	1755.64889101586
376	300	1833.17117685597
378	300	1912.39235931675
380	300	1899.79233020309
382	300	1970.27160277313
384	300	2043.51216614295
386	300	1990.13245936614
388	300	2141.99919540534
390	300	2213.27230969715
392	300	2157.98882691496
394	300	2267.00474968439
396	300	2259.66834168292
398	300	2318.66960292498
400	300	2368.67236109405
402	300	2466.67907405139
404	300	2469.5206211567
406	300	2446.48866334954
408	300	2532.85913082903
410	300	2460.39589566291
412	300	2512.89553014095
414	300	2516.7691543862
416	300	2572.06325507532
418	300	2592.02882058368
420	300	2489.8016101304
422	300	2570.81411249404
424	300	2468.39455777538
426	300	2443.08394661899
428	300	2412.19322989896
430	300	2434.78267723859
432	300	2394.64773453343
434	300	2340.88488059118
436	300	2314.55869630166
438	300	2278.40531651444
440	300	2204.67540796774
442	300	2139.17297247991
444	300	2161.55899304471
446	300	2111.34531979734
448	300	1987.61641728416
450	300	2018.80005287175
452	300	1899.19197821493
454	300	1825.93427308716
456	300	1801.88478412104
458	300	1766.69498219198
460	300	1729.95186728166
462	300	1627.1208050225
464	300	1574.07006889782
466	300	1575.56896939251
468	300	1533.99333017669
470	300	1499.180083395
472	300	1415.49128997514
474	300	1404.49241568274
476	300	1357.03390353769
478	300	1281.95577956648
480	300	1247.87455762288
482	300	1212.62875325601
484	300	1168.30095170059
486	300	1108.33242870301
488	300	1117.07323067357
490	300	1097.12123519238
492	300	1111.12194307836
494	300	1036.49633769395
496	300	1016.73576299616
498	300	951.983838100424
500	300	934.982852027758
502	300	892.268920740161
504	300	861.150604737144
506	300	865.457050953869
508	300	871.698924130654
510	300	838.44318865239
512	300	801.101765461171
514	300	757.929779424628
516	300	738.915695792749
518	300	724.232097107769
520	300	680.866888981509
522	300	679.29050984639
524	300	675.540956117324
526	300	679.306340957029
528	300	655.810624481806
530	300	609.544629237477
532	300	577.403103240401
534	300	635.783244319591
536	300	551.04594411105
538	300	536.426025609838
540	300	631.078766721348
542	300	569.161137413716
544	300	577.617243045313
546	300	559.188186488294
548	300	546.826340117368
550	300	556.406081116298
552	300	543.718690161624
554	300	531.030976254796
556	300	516.942457884916
558	300	527.842104833256
560	300	528.58667354948
300	310	1036.32057412405
302	310	10964.7058674854
304	310	48014.557652948
306	310	122868.875316448
308	310	204328.897707926
310	310	241490.573398078
312	310	206203.563862372
314	310	125397.578466598
316	310	48784.6827926646
318	310	12362.7918235201
320	310	2275.62999184281
322	310	1417.45443211207
324	310	1301.27786491111
326	310	1165.23311583623
328	310	1184.80224894815
330	310	1081.54382013443
332	310	1086.51009163511
334	310	1243.27295414219
336	310	2033.09671940383
338	310	4669.72668872186
340	310	10117.7327487343
342	310	18324.6599709376
344	310	26470.1620992307
346	310	30988.6495556426
348	310	28966.5891996437
350	310	22376.6437138976
352	310	13892.8558313701
354	310	7188.96033172787
356	310	3337.07244848675
358	310	1829.2792392748
360	310	1375.87826386762
362	310	1216.35037772838
364	310	1182.70772481359
366	310	1251.86575412079
368	310	1225.80016995006
370	310	1277.14051914258
372	310	1334.05943470628
374	310	1379.65090070383
376	310	1438.92635453515
378	310	1558.15389386891
380	310	1619.37005886314
382	310	1672.62114219884
384	310	1740.87590557666
386	310	1823.58727281604
388	310	1946.93128313335
390	310	1979.59194440622
392	310	2086.92473636075
394	310	2194.02675853487
396	310	2200.40993747916
398	310	2229.78123528445
400	310	2268.25639293494
402	310	2261.82733407115
404	310	2375.45683218206
406	310	2360.02805853128
408	310	2370.82075874227
410	310	2445.41234307161
412	310	2367.65388472629
414	310	2466.08274725234
416	310	2421.3177251219
418	310	2407.26812511811
420	310	2485.23586344865
422	310	2441.21747184601
424	310	2469.79316043366
426	310	2352.52133082155
428	310	2370.22854873541
430	310	2437.76755432039
432	310	2302.36318825364
434	310	2382.63440886568
436	310	2376.02608267116
438	310	2267.17870501603
440	310	2211.38708974517
442	310	2149.09591309572
444	310	2154.50613028632
446	310	2041.58092511059
448	310	2065.71895216262
450	310	2016.27793010706
452	310	1882.93851711216
454	310	1912.50426315483
456	310	1851.46125561377
458	310	1722.28928205047
460	310	1702.74374091925
462	310	1633.72651050535
464	310	1677.42386469833
466	310	1598.30546918367
468	310	1562.75350522769
470	310	1501.73030158593
472	310	1394.22411179845
474	310	1383.39919448167
476	310	1342.29206156138
478	310	1345.20271218076
480	310	1230.06470422235
482	310	1220.31205329244
484	310	1209.67904458221
486	310	1171.2062080847
488	310	1100.4054206314
490	310	1108.19078554162
492	310	1081.77620789897
494	310	1014.02590468073
496	310	996.494966145988
498	310	969.034074413633
500	310	935.067676374525
502	310	904.820364976231
504	310	867.476208493684
506	310	874.752820518487
508	310	823.674012796201
510	310	831.868778319474
512	310	747.256209778041
514	310	752.640024911999
516	310	714.234955251005
518	310	697.0444720138
520	310	685.122258942451
522	310	657.616076843723
524	310	607.889918605499
526	310	628.108882248295
528	310	600.427845937836
530	310	615.729093893148
532	310	568.493972356058
534	310	584.291362183913
536	310	549.126257098108
538	310	570.023624545992
540	310	551.485777479007
542	310	484.817808095993
544	310	498.808226751854
546	310	513.484672541886
548	310	479.158812278875
550	310	448.544047159776
552	310	504.690721200156
554	310	479.471939224812
556	310	450.916380081544
558	310	438.286274310873
560	310	411.175537155774
300	320	154.385771681604
302	320	159.687164855627
304	320	202.561600334133
306	320	262.627085882304
308	320	355.472186959048
310	320	1180.89515766829
312	320	12444.8906145605
314	320	53017.7715250976
316	320	135630.822582
318	320	223563.461608576
320	320	271316.081309106
322	320	238832.774239799
324	320	149613.22656653
326	320	61366.9667779615
328	320	15761.8245501107
330	320	2546.20884116621
332	320	1483.16788566414
334	320	1290.50528909503
336	320	1197.98369463397
338	320	1097.6381962348
340	320	1072.5874126295
342	320	1004.14533249124
344	320	972.881664274226
346	320	1105.51700386215
348	320	1758.3674056615
350	320	3951.93545383325
352	320	8752.6434304004
354	320	16382.8357526277
356	320	24288.0382596276
358	320	29714.1183552144
360	320	29472.6079209912
362	320	24072.0556585614
364	320	15781.8774050351
366	320	8778.65931008147
368	320	4385.73469208037
370	320	2303.1218219009
372	320	1640.20740801583
374	320	1517.91589328465
376	320	1431.12319207488
378	320	1411.19109074755
380	320	1475.40773632506
382	320	1532.08400107481
384	320	1598.64294304806
386	320	1634.4352935409
388	320	1690.51791805865
390	320	1767.0605625407
392	320	1849.36206669833
394	320	1893.69902883575
396	320	1949.49401809969
398	320	1991.40934231071
400	320	2162.08437431502
402	320	2133.09971991978
404	320	2134.29864890083
406	320	2153.54025689318
408	320	2268.72314283643
410	320	2280.35350761622
412	320	2332.93053539277
414	320	2389.61899779302
416	320	2383.71083240238
418	320	2333.98410148789
420	320	2341.60578957772
422	320	2382.65362323084
424	320	2300.4961967979
426	320	2303.67224602096
428	320	2342.23908139468
430	320	2273.29624581827
432	320	2296.9087387906
434	320	2296.61818889767
436	320	2283.57807866885
438	320	2167.62116549765
440	320	2190.53761417914
442	320	2231.28502848551
444	320	2103.69233038127
446	320	2074.69452845519
448	320	2064.20943600242
450	320	2006.12012561712
452	320	1960.39240506337
454	320	1897.06897890827
456	320	1842.06699447911
458	320	1775.25840705436
460	320	1779.763633712
462	320	1793.72450460928
464	320	1656.10334785015
466	320	1611.89433830039
468	320	1570.77019516351
470	320	1525.70291770903
472	320	1534.7833996429
474	320	1473.62069550988
476	320	1321.08075963846
478	320	1302.2684654533
480	320	1323.29723186453
482	320	1182.23846328061
484	320	1184.08985610005
486	320	1202.08381330968
488	320	1115.13840670259
490	320	1138.39093889536
492	320	1112.13249183735
494	320	1036.62111712841
496	320	987.781135768272
498	320	956.564375363963
500	320	953.673440658
502	320	945.59384752249
504	320	895.35164728513
506	320	846.741695501504
508	320	851.360224475152
510	320	820.066944156381
512	320	761.286275778778
514	320	786.341218136854
516	320	747.668071955137
518	320	742.609410500085
520	320	721.283111036025
522	320	721.181363552936
524	320	688.108574203633
526	320	656.812242749559
528	320	657.741383980539
530	320	622.491110924398
532	320	628.239470729424
534	320	579.177739630425
536	320	611.985550058653
538	320	570.151726541204
540	320	541.035089109924
542	320	553.790926972152
544	320	566.750315917288
546	320	517.181086947348
548	320	514.127946636617
550	320	477.365700374608
552	320	490.187769630757
554	320	448.244271282052
556	320	471.875726572854
558	320	451.491959628424
560	320	449.127435941158
300	330	91.7217950957985
302	330	91.3220671032658
304	330	102.599784029681
306	330	110.574245125659
308	330	124.535258772531
310	330	148.32156475049
312	330	147.924368011553
314	330	186.800252248538
316	330	223.019211963459
318	330	366.248714637994
320	330	1038.2289183156
322	330	11267.3377253048
324	330	51488.2355232883
326	330	134636.068021778
328	330	231297.071092333
330	330	282075.187091457
332	330	247168.345986538
334	330	159469.607212804
336	330	69563.7972305049
338	330	18180.9595325049
340	330	2811.41199950278
342	330	1413.67548431572
344	330	1213.66566986607
346	330	1167.54888213592
348	330	1094.24870948259
350	330	1089.91542391993
352	330	1024.79946734191
354	330	1003.1995785596
356	330	974.348281688731
358	330	1069.6240238669
360	330	1555.74200305497
362	330	3336.75259975548
364	330	7241.82539128092
366	330	13581.479760622
368	330	21095.6674392637
370	330	27055.9004096969
372	330	28699.2550105048
374	330	25135.1101207583
376	330	18205.5176391511
378	330	11117.5677528644
380	330	6054.47251735544
382	330	3262.24174160902
384	330	2201.1584784826
386	330	1865.16045562892
388	330	1782.07946266593
390	330	1756.79218926158
392	330	1741.8720385729
394	330	1744.04872700284
396	330	1822.00911291039
398	330	1809.36452702706
400	330	1906.61148113018
402	330	1965.56870085808
404	330	2010.54028374275
406	330	2043.47225969864
408	330	2086.24691523055
410	330	2079.5680123985
412	330	2186.10409506212
414	330	2100.63990837648
416	330	2208.5783089437
418	330	2204.79239916628
420	330	2266.84096514052
422	330	2223.6796651916
424	330	2247.07125763217
426	330	2189.84534774445
428	330	2266.2678054276
430	330	2221.49780177306
432	330	2189.9998733108
434	330	2197.11969833196
436	330	2155.97907008306
438	330	2206.46785622729
440	330	2118.70989711267
442	330	2134.48640995813
444	330	2138.07047346052
446	330	2042.45801369804
448	330	1982.42354194206
450	330	1984.24211799658
452	330	1956.53705968623
454	330	1862.17511370795
456	330	1902.69612574491
458	330	1764.38220984006
460	330	1806.05692497332
462	330	1757.15583559225
464	330	1697.06524686941
466	330	1662.3757663622
468	330	1595.28847843778
470	330	1545.93178296662
472	330	1486.80811604434
474	330	1448.69290013469
476	330	1460.07019399823
478	330	1354.8759169399
480	330	1336.29197581059
482	330	1272.12590753949
484	330	1264.11025401828
486	330	1198.31977334004
488	330	1144.05424615833
490	330	1126.61318513801
492	330	1135.99719962868
494	330	1101.37305489711
496	330	1066.82695818771
498	330	1043.22122802966
500	330	969.414955660416
502	330	944.563581962332
504	330	933.467489144311
506	330	892.140727793431
508	330	866.794855570571
510	330	898.809386820697
512	330	790.918239475683
514	330	810.923332195141
516	330	778.478682998038
518	330	762.419586419969
520	330	756.777605489391
522	330	715.088491167351
524	330	720.745186324082
526	330	709.796906648104
528	330	672.310079160714
530	330	645.545048611031
532	330	660.361354304296
534	330	613.03595401692
536	330	603.979890966118
538	330	587.886232719926
540	330	570.013473489807
542	330	587.764973210486
544	330	546.273309768995
546	330	521.585516770643
548	330	530.897215615983
550	330	536.665554990759
552	330	489.732583068188
554	330	472.116334829894
556	330	477.204103265413
558	330	444.27341801958
560	330	443.09932191923
300	340	80.3800133646361
302	340	83.2657146630855
304	340	83.8669772785611
306	340	98.0000127881653
308	340	94.125139335485
310	340	100.423759440523
312	340	104.299626855229
314	340	115.56531140433
316	340	120.524240958009
318	340	139.293256161104
320	340	148.451359840048
322	340	165.32042605162
324	340	192.158460414062
326	340	244.910267829635
328	340	383.951269121596
330	340	1007.42810921461
332	340	11258.9358937651
334	340	52951.6553230418
336	340	146934.958653158
338	340	263726.170128557
340	340	318184.227577035
342	340	279584.799839028
344	340	172935.244904997
346	340	69832.5342246278
348	340	17608.7668696948
350	340	2702.73956686042
352	340	1476.26740996203
354	340	1241.43453956733
356	340	1072.69732482404
358	340	1088.44499710966
360	340	1101.6512372164
362	340	1077.31406004338
364	340	1032.47046223415
366	340	980.193280599153
368	340	1016.61489249406
370	340	1098.88623640274
372	340	1503.57367606541
374	340	2689.92481541942
376	340	5705.61577215418
378	340	10771.617433053
380	340	17435.4396747294
382	340	23471.9794211859
384	340	26764.1853323528
386	340	25187.6435177145
388	340	20251.5662835054
390	340	13540.3794990564
392	340	7826.75128931334
394	340	4429.18281554997
396	340	2747.35159807283
398	340	2225.51378457492
400	340	2075.98681419272
402	340	1976.57007124208
404	340	1939.02290987257
406	340	1949.74258866962
408	340	1973.80604583722
410	340	1946.52024177774
412	340	1966.30249257059
414	340	2008.853437146
416	340	2041.86463451565
418	340	2084.77360241564
420	340	2042.14698050009
422	340	2102.56916876479
424	340	2031.86447564496
426	340	1996.93798154498
428	340	2065.67192029378
430	340	2022.18937252867
432	340	2029.12781752085
434	340	2048.25841674805
436	340	2009.18269697365
438	340	2037.92662062085
440	340	2063.62359414031
442	340	1981.23410868034
444	340	2003.83561607877
446	340	2006.1636222753
448	340	1924.65647067907
450	340	1872.54933741599
452	340	1898.02508998606
454	340	1802.64986109155
456	340	1789.11014331266
458	340	1790.19308834137
460	340	1747.32067599563
462	340	1705.57478405461
464	340	1676.83284725212
466	340	1629.1064242241
468	340	1556.63949016154
470	340	1547.53659551158
472	340	1461.67602229581
474	340	1410.13780669442
476	340	1396.37099073191
478	340	1366.62015512007
480	340	1353.40050672055
482	340	1284.3344038731
484	340	1238.43698468043
486	340	1181.2050268834
488	340	1167.22673768728
490	340	1138.10500672524
492	340	1140.59357693662
494	340	1107.86566547268
496	340	1043.66627577013
498	340	988.05892769728
500	340	955.703533769577
502	340	976.64034761143
504	340	955.340654049078
506	340	907.156724635935
508	340	850.612462109633
510	340	884.424990605668
512	340	858.62794284176
514	340	792.562502950722
516	340	793.97618435085
518	340	765.150664844057
520	340	748.758304835321
522	340	729.983030478832
524	340	693.477827955299
526	340	703.48768260526
528	340	680.152878679851
530	340	659.21715026742
532	340	668.165745256952
534	340	620.739147060816
536	340	620.379727823862
538	340	604.43304760355
540	340	576.942685270662
542	340	559.768391182085
544	340	585.492401638058
546	340	546.068025975401
548	340	532.99114176626
550	340	523.218351473236
552	340	523.872855401562
554	340	493.342670349975
556	340	483.057808795777
558	340	464.321283381401
560	340	475.589039284196
300	350	70.3852990421725
302	350	66.295122132785
304	350	63.2363484512041
306	350	70.4389606096106
308	350	70.4063803592509
310	350	76.2267344131454
312	350	84.6629765251342
314	350	85.3618221239698
316	350	95.298872353323
318	350	83.3737913999198
320	350	91.9253899787531
322	350	99.4644470303938
324	350	111.401443589857
326	350	126.472058630735
328	350	139.773975428851
330	350	156.518368210154
332	350	177.436902565464
334	350	197.538236899967
336	350	251.809378197658
338	350	375.772664582506
340	350	980.21815320248
342	350	11660.9512984914
344	350	56717.3689446694
346	350	151959.864432711
348	350	256297.246284802
350	350	313615.669376354
352	350	270422.047792907
354	350	169265.83140803
356	350	66870.1792080096
358	350	16224.2104852207
360	350	2548.17384739059
362	350	1488.85868492982
364	350	1224.71898068835
366	350	1113.91499051933
368	350	1084.54435834888
370	350	1153.46516725097
372	350	1146.94621076642
374	350	1126.70832018016
376	350	1129.07451868068
378	350	1138.44719744795
380	350	1141.57973931938
382	350	1209.28024979574
384	350	1412.77101500317
386	350	2160.10254827593
388	350	4216.63297939802
390	350	8015.16172146243
392	350	13449.5375271591
394	350	19504.1088384321
396	350	23628.0295475784
398	350	24087.3967942989
400	350	20634.0237817654
402	350	14824.7633751852
404	350	9275.31793958423
406	350	5256.15108910058
408	350	3181.18898368859
410	350	2347.15469542709
412	350	2075.15366195209
414	350	1945.75534033648
416	350	1900.86653609301
418	350	1896.97488242424
420	350	1845.6200643558
422	350	1896.37082908336
424	350	1863.12210881555
426	350	1925.24733172811
428	350	1861.4808348917
430	350	1857.98107374597
432	350	1871.59578769437
434	350	1880.90386247919
436	350	1922.07586104105
438	350	1835.52546504613
440	350	1851.70463966261
442	350	1771.38589373164
444	350	1788.02857362977
446	350	1814.711962678
448	350	1763.73596923141
450	350	1781.48700501459
452	350	1746.25029402064
454	350	1677.38622612601
456	350	1713.41457664038
458	350	1652.8190679107
460	350	1665.22726397657
462	350	1630.30166692695
464	350	1601.51850354732
466	350	1588.55488564041
468	350	1518.74008798476
470	350	1456.91705359709
472	350	1435.69890454151
474	350	1379.89149311473
476	350	1355.66267053585
478	350	1308.82998447453
480	350	1254.43768175561
482	350	1245.54785481991
484	350	1182.71290632506
486	350	1173.70261648515
488	350	1157.81738765077
490	350	1110.79385244621
492	350	1096.83992148763
494	350	1051.35582712164
496	350	1027.17543705021
498	350	993.270381334406
500	350	970.818419484562
502	350	913.137578955067
504	350	957.279512049693
506	350	939.392005321026
508	350	892.029667745793
510	350	839.605933737595
512	350	800.944661794949
514	350	810.601630710569
516	350	777.529622881403
518	350	767.848026057023
520	350	722.449023650958
522	350	706.54287027095
524	350	670.663718359183
526	350	652.956838944925
528	350	622.898259201901
530	350	608.253183256066
532	350	600.64805849296
534	350	581.242138762481
536	350	563.968258373632
538	350	540.206639180777
540	350	538.62291556867
542	350	509.436938076323
544	350	492.098217418733
546	350	479.267781911565
548	350	468.689383472605
550	350	424.03957090848
552	350	433.650926510716
554	350	392.776350735376
556	350	406.124110873654
558	350	393.666556675352
560	350	381.799290405791
300	360	66.5934696661777
302	360	64.1813322144289
304	360	73.2173343671201
306	360	68.3379063444468
308	360	59.2544535620779
310	360	59.2733388683535
312	360	65.2196084038489
314	360	68.3491448503242
316	360	72.5221312256561
318	360	75.3769869594086
320	360	86.8419847000154
322	360	78.0940284158902
324	360	87.2018226700341
326	360	106.339775290782
328	360	97.2492231461153
330	360	106.022810874734
332	360	111.899960481647
334	360	103.917970568742
336	360	122.077214376124
338	360	127.680170731352
340	360	143.71937196691
342	360	172.655658645821
344	360	212.697754380583
346	360	268.219185292346
348	360	422.825292842931
350	360	1174.82470196821
352	360	14446.1740877651
354	360	67374.8544086701
356	360	177231.183568706
358	360	289906.957688305
360	360	338464.745085988
362	360	287338.711295846
364	360	172421.360457756
366	360	69378.1696111787
368	360	16106.0751399145
370	360	2590.5311485389
372	360	1625.10869994477
374	360	1299.49424723713
376	360	1233.58273293685
378	360	1159.00939154072
380	360	1198.90613219215
382	360	1201.98221392383
384	360	1244.49500850631
386	360	1199.97468175025
388	360	1190.26021624198
390	360	1175.20859565365
392	360	1183.64530248783
394	360	1254.95834963551
396	360	1375.38527653786
398	360	1879.06828852484
400	360	3244.35131060999
402	360	6137.52405594247
404	360	10742.4043536466
406	360	16323.8178694895
408	360	20780.1550096862
410	360	22463.9537313599
412	360	20495.8861770104
414	360	15965.5576830289
416	360	10635.1121835879
418	360	6298.92320632703
420	360	3659.35253577743
422	360	2494.41392518342
424	360	2041.93321430214
426	360	1874.04865606099
428	360	1755.47031333819
430	360	1687.40255257144
432	360	1644.18890233048
434	360	1635.54991889948
436	360	1680.78579741597
438	360	1698.74086385972
440	360	1680.70515356424
442	360	1614.93726668747
444	360	1675.03626597316
446	360	1614.27601863805
448	360	1603.01286665442
450	360	1624.38680386001
452	360	1573.54869575548
454	360	1605.94055316268
456	360	1553.54385882848
458	360	1544.4313637159
460	360	1521.05030879507
462	360	1465.54337707715
464	360	1477.03656478678
466	360	1443.03743483355
468	360	1435.75021996597
470	360	1408.24086065027
472	360	1391.33256768403
474	360	1338.08839186642
476	360	1308.22379926671
478	360	1277.73376741752
480	360	1270.28738874102
482	360	1242.24868239379
484	360	1176.58113597961
486	360	1179.49982345292
488	360	1175.54404498742
490	360	1112.94483648285
492	360	1112.48378194892
494	360	1101.50778095523
496	360	1031.99573028871
498	360	1052.68296307907
500	360	1036.9216154878
502	360	954.628495100209
504	360	969.039317516096
506	360	931.834087341436
508	360	907.850916066308
510	360	872.754915703685
512	360	859.590602643913
514	360	852.156786295998
516	360	831.157318334491
518	360	801.013415525405
520	360	778.740355919737
522	360	744.638992512035
524	360	735.051465126842
526	360	746.889009424983
528	360	657.608186550634
530	360	647.430355873543
532	360	639.639225864233
534	360	618.120896497033
536	360	595.381971703824
538	360	574.578231889606
540	360	560.283338646336
542	360	562.743541601874
544	360	512.374970932039
546	360	501.005506050713
548	360	493.000156273293
550	360	474.274730534924
552	360	436.479532560613
554	360	439.571225826551
556	360	439.249450253738
558	360	417.22832269199
560	360	401.6451326254
300	370	51.4192354899777
302	370	52.7928880360253
304	370	46.3172070383787
306	370	54.1374701035106
308	370	64.0053616155104
310	370	63.3307662948001
312	370	52.4355677261743
314	370	49.0413169884237
316	370	63.303516602025
318	370	53.1404854745396
320	370	66.7335702776726
322	370	68.7940022764618
324	370	78.6466446774608
326	370	80.0269271072989
328	370	82.0604667009825
330	370	83.0838130205324
332	370	82.0119092701745
334	370	91.2685144368126
336	370	97.410867103439
338	370	99.0678323868681
340	370	105.612025749357
342	370	99.7939949262629
344	370	112.007082181461
346	370	115.493685106964
348	370	135.543227721017
350	370	152.479385369181
352	370	176.631464304478
354	370	229.099119607147
356	370	290.723549062154
358	370	447.663192497212
360	370	1413.5033917884
362	370	16637.449773911
364	370	72734.5226599933
366	370	183540.733193444
368	370	292182.388877076
370	370	338523.308531363
372	370	281136.588883347
374	370	172116.78157562
376	370	70208.1506465659
378	370	16992.4555062311
380	370	2675.98918552447
382	370	1571.67968503633
384	370	1265.12018110838
386	370	1104.99303040272
388	370	1015.03637071961
390	370	1051.64322802361
392	370	1024.12249041064
394	370	1105.33874332924
396	370	1031.00660628052
398	370	1012.63666422061
400	370	992.042964602529
402	370	949.413260041462
404	370	1003.39526090507
406	370	1004.55754876663
408	370	1056.14651427786
410	370	1366.35339020249
412	370	2244.04310504372
414	370	4302.15498061207
416	370	7634.84949224839
418	370	12066.6078458401
420	370	16338.9267197195
422	370	19016.1573278939
424	370	18776.8731064628
426	370	15780.5829017012
428	370	11452.9695080351
430	370	7253.40955631507
432	370	4356.77834393879
434	370	2584.55841391647
436	370	1888.3116836242
438	370	1664.23477066807
440	370	1521.58376847054
442	370	1422.71143341437
444	370	1376.61038221997
446	370	1370.0483659395
448	370	1329.40573927382
450	370	1324.78938993013
452	370	1330.01974373943
454	370	1364.95862733093
456	370	1336.16722087628
458	370	1354.98874980064
460	370	1303.47872026557
462	370	1284.0217785257
464	370	1301.51580340054
466	370	1249.8620812242
468	370	1224.16772195432
470	370	1243.87570858509
472	370	1219.2776352456
474	370	1203.69456813485
476	370	1148.05184133362
478	370	1129.69685160811
480	370	1136.0455241417
482	370	1098.73968586491
484	370	1098.96907052321
486	370	1055.17663345581
488	370	1062.79457751654
490	370	1031.7760267706
492	370	1047.58334550255
494	370	999.712503296837
496	370	919.817406742965
498	370	949.351807686201
500	370	975.532481745019
502	370	950.009699961401
504	370	911.428217076687
506	370	894.620048334477
508	370	896.314086536839
510	370	825.637127155924
512	370	813.811544303781
514	370	853.851452055469
516	370	783.683007521831
518	370	794.321404149588
520	370	756.978698802556
522	370	722.927908707314
524	370	717.673347064554
526	370	713.994342940212
528	370	717.046621615798
530	370	652.346704305733
532	370	654.54677769355
534	370	623.543463502629
536	370	604.553175449186
538	370	583.007159196112
540	370	568.062736945851
542	370	587.357391170034
544	370	546.681012250018
546	370	534.431785573229
548	370	521.510822487011
550	370	495.524899126005
552	370	500.310980287232
554	370	462.169451939593
556	370	452.470566564095
558	370	432.45163277748
560	370	440.878340219335
300	380	49.6919647864883
302	380	51.218020253926
304	380	41.8156404575924
306	380	55.157885667803
308	380	56.974800199743
310	380	46.3740590991369
312	380	56.3687613922546
314	380	55.4662709373631
316	380	54.5526213386016
318	380	52.7355058921463
320	380	46.3749358510236
322	380	51.532525696568
324	380	58.8114162891931
326	380	52.4630150526332
328	380	64.8605210706998
330	380	66.3813671303967
332	380	59.6850496998647
334	380	70.8914825976601
336	380	65.1636582470059
338	380	65.7686213362195
340	380	76.3529616773852
342	380	62.4498658342882
344	380	76.0856317074749
346	380	86.0986356514061
348	380	79.428517447028
350	380	90.0250434291636
352	380	94.2246937143419
354	380	100.632744454654
356	380	112.751296537811
358	380	115.815831377267
360	380	126.315606079433
362	380	163.756807133571
364	380	188.250672842992
366	380	225.377588055204
368	380	398.045374824037
370	380	1318.99540312777
372	380	14530.9522614153
374	380	63707.4182761247
376	380	156382.354013646
378	380	255804.468128465
380	380	303660.667120112
382	380	266403.153830278
384	380	167609.38588332
386	380	67380.7886672002
388	380	16761.7843585613
390	380	2546.81160249079
392	380	1304.97987651576
394	380	1017.51782770611
396	380	853.395569505754
398	380	756.643690144727
400	380	796.813360436724
402	380	779.562019864929
404	380	860.671460323796
406	380	789.770079381274
408	380	776.601999543525
410	380	761.454035765382
412	380	764.993287826363
414	380	742.080619210137
416	380	743.516687706689
418	380	743.763289946347
420	380	763.743016391653
422	380	937.370674156485
424	380	1388.56477546344
426	380	2458.75580338775
428	380	4495.84148652738
430	380	7380.50473372588
432	380	10713.4473585788
434	380	13416.1754471875
436	380	14648.3427863151
438	380	13883.2324394247
440	380	11205.208821783
442	380	7777.65307425876
444	380	5026.02209571832
446	380	2960.41110094722
448	380	1818.27462902473
450	380	1429.88592936649
452	380	1197.94191155417
454	380	1144.33273307204
456	380	1062.54455665114
458	380	1082.94629771895
460	380	999.525393799305
462	380	1003.06508423663
464	380	987.970025366905
466	380	999.400943227672
468	380	965.702285031598
470	380	970.550312042477
472	380	990.924381929948
474	380	966.688924652333
476	380	933.339894782564
478	380	927.196510452635
480	380	963.776879607818
482	380	905.171501215686
484	380	877.50761731678
486	380	878.228426985015
488	380	867.830983693464
490	380	864.26495186604
492	380	789.94342920948
494	380	854.333291311452
496	380	801.186594432213
498	380	823.741545510349
500	380	809.414182853234
502	380	768.888246625857
504	380	789.142493512259
506	380	773.868413397043
508	380	744.752594803203
510	380	784.568040415987
512	380	721.968137492891
514	380	726.593368694151
516	380	733.3140090469
518	380	695.148335599897
520	380	713.064136048272
522	380	691.160141813792
524	380	687.398677913149
526	380	642.289977550109
528	380	640.048297873268
530	380	596.587067856456
532	380	604.625093133032
534	380	602.738203089558
536	380	593.085568891574
538	380	537.872770658579
540	380	583.164802406541
542	380	505.717566361326
544	380	520.601417812816
546	380	523.835313909593
548	380	504.326277342024
550	380	518.417704512185
552	380	486.102165780427
554	380	469.843885169449
556	380	460.347343872763
558	380	461.746300697236
560	380	419.344244262294
300	390	35.8081684720971
302	390	48.1014294276534
304	390	40.4059830473624
306	390	43.3453516777596
308	390	41.9622577354877
310	390	45.7478749804918
312	390	39.5751184985145
314	390	48.8981193420433
316	390	52.9582450811086
318	390	41.7026077262455
320	390	47.562610047377
322	390	47.3456503905392
324	390	47.3079979656451
326	390	49.7235293244669
328	390	46.267545758605
330	390	42.2279369888928
332	390	52.6400289712287
334	390	45.7406308320391
336	390	43.0527106560087
338	390	50.2388704704309
340	390	53.3796505637209
342	390	55.2800313876863
344	390	55.0413077351742
346	390	55.6147571159901
348	390	67.4251842311458
350	390	56.924152234867
352	390	75.1275427095996
354	390	66.3240208855719
356	390	72.7185897710651
358	390	66.0711681977593
360	390	79.387599333336
362	390	82.0993695740397
364	390	88.2131833688652
366	390	94.0726088956891
368	390	109.063638315253
370	390	122.737724767815
372	390	134.5222054699
374	390	150.329911017783
376	390	220.029946736098
378	390	341.269301326242
380	390	947.005086756602
382	390	11027.1752574117
384	390	53159.9461413081
386	390	134727.181610204
388	390	225930.901779239
390	390	268896.173066833
392	390	236592.943527137
394	390	151874.465765505
396	390	63327.3031056494
398	390	15584.8923506939
400	390	2160.61234075511
402	390	1105.35069881037
404	390	881.299363227317
406	390	710.350768213492
408	390	646.403334886879
410	390	614.928235144625
412	390	637.382025321594
414	390	660.435099232481
416	390	662.625003704541
418	390	664.449146622994
420	390	632.352339225818
422	390	597.720849805156
424	390	652.839131107711
426	390	630.775250647279
428	390	629.674814132221
430	390	634.365001672512
432	390	628.797984059127
434	390	672.213464819458
436	390	901.652040247903
438	390	1425.37475556327
440	390	2425.30224516656
442	390	4139.74709758136
444	390	6407.54956509277
446	390	8679.14908156729
448	390	10504.7192358795
450	390	10976.5912573762
452	390	9962.97249472688
454	390	7776.28286997153
456	390	5236.78478266656
458	390	3272.45047223716
460	390	1936.22778521799
462	390	1334.72441232046
464	390	1050.19767213962
466	390	968.565640892999
468	390	946.213104324204
470	390	878.342886631506
472	390	825.961181138758
474	390	818.608717626908
476	390	774.072387905676
478	390	751.829455196979
480	390	778.917250245007
482	390	730.888452839319
484	390	737.122742815586
486	390	726.832494334932
488	390	716.528370330622
490	390	728.199224111981
492	390	717.570287587151
494	390	702.184022208302
496	390	696.164790130717
498	390	688.838933546737
500	390	684.302157973897
502	390	677.43339622544
504	390	681.81923939961
506	390	648.24180993062
508	390	655.954674666521
510	390	647.726162770882
512	390	649.151646594606
514	390	650.021274519949
516	390	638.831471908245
518	390	634.363658604884
520	390	646.553371115056
522	390	591.69185982638
524	390	621.371927616062
526	390	605.253148329525
528	390	583.86118137062
530	390	584.915669337839
532	390	602.639442883335
534	390	578.810039168763
536	390	564.385379071238
538	390	570.962424013025
540	390	550.580403662519
542	390	541.887425151142
544	390	514.305774683509
546	390	504.645453926397
548	390	487.457357889834
550	390	497.798987807288
552	390	482.202083843145
554	390	485.531752323215
556	390	476.928390089124
558	390	461.408320329633
560	390	435.840900196567
300	400	31.9316976768195
302	400	33.1166262082975
304	400	37.4043560760371
306	400	34.3138191104039
308	400	33.1165596196453
310	400	35.7399752662434
312	400	32.6460959541325
314	400	39.5619779382415
316	400	33.3439250412246
318	400	28.5926399511413
320	400	36.9226849667303
322	400	36.925478614664
324	400	34.2991925232535
326	400	38.6030185392002
328	400	40.4985269866761
330	400	40.2771980922977
332	400	37.883625746401
334	400	40.2813017949649
336	400	43.5842355238327
338	400	40.7437191931062
340	400	43.1333615094921
342	400	40.0198491518931
344	400	38.5971909975877
346	400	40.7424854640468
348	400	40.7594436974951
350	400	53.1513601692488
352	400	51.714887244732
354	400	50.0441515354595
356	400	49.5684056460209
358	400	57.8736646339778
360	400	60.2843862450814
362	400	67.3969130823516
364	400	63.381560014296
366	400	63.1358238339957
368	400	57.6405555100191
370	400	83.4065000829333
372	400	75.7594492210832
374	400	76.9383685290073
376	400	93.1858007995742
378	400	102.870298996233
380	400	104.105667330521
382	400	118.665012210462
384	400	147.667098002706
386	400	199.222238968327
388	400	304.672415436008
390	400	717.55180730039
392	400	9346.39627983214
394	400	46295.7271545164
396	400	128966.462291773
398	400	214724.690583955
400	400	254713.071548714
402	400	219470.202486676
404	400	135360.562764658
406	400	52398.8674873584
408	400	11872.8043532317
410	400	1685.21353062095
412	400	969.732005122943
414	400	755.320430850089
416	400	615.416883502523
418	400	540.808247868592
420	400	495.356636735025
422	400	514.755331767515
424	400	537.220222932566
426	400	570.269933243466
428	400	564.346253002182
430	400	569.441869620607
432	400	560.505235674612
434	400	540.97676281386
436	400	561.364845297902
438	400	537.487063581532
440	400	570.280157534006
442	400	538.780839177999
444	400	541.75901528767
446	400	605.354299574925
448	400	688.650165637162
450	400	905.943410451164
452	400	1483.99331634797
454	400	2477.53646264021
456	400	3981.56385422448
458	400	5696.21297469155
460	400	7237.79867044204
462	400	8221.12336605693
464	400	8100.37945427815
466	400	6869.92607429945
468	400	5182.96860488946
470	400	3459.49648848312
472	400	2160.36841683411
474	400	1374.69379998335
476	400	960.691213615451
478	400	850.2469511876
480	400	750.938988751781
482	400	714.823736232179
484	400	665.946511021615
486	400	674.687534767514
488	400	634.053709617857
490	400	628.783500563864
492	400	612.625485795662
494	400	606.111807506114
496	400	657.826010674533
498	400	612.913339422268
500	400	615.317176630245
502	400	599.528264478406
504	400	605.219628065813
506	400	609.89636350605
508	400	588.235813397806
510	400	578.006814002446
512	400	598.187739028576
514	400	596.62335467022
516	400	604.910270871462
518	400	581.438053163012
520	400	619.560235168914
522	400	577.566875282967
524	400	615.946076293709
526	400	590.185778792929
528	400	592.149951483765
530	400	596.969134015236
532	400	608.327440312487
534	400	588.640150546667
536	400	584.733500173344
538	400	588.476624288002
540	400	607.350345490257
542	400	559.562572408804
544	400	595.505730955869
546	400	581.751194117386
548	400	575.737316628004
550	400	553.40629685041
552	400	537.698884229454
554	400	503.424578210024
556	400	539.696268498015
558	400	527.954865972728
560	400	510.137997661092
300	410	31.82342941128
302	410	34.1122255860003
304	410	27.2706910556184
306	410	34.0873525343668
308	410	34.554490407993
310	410	33.860076172372
312	410	30.225915748573
314	410	32.052722512917
316	410	33.1776112867543
318	410	24.9941414244203
320	410	32.486014441012
322	410	36.3651261971313
324	410	32.9326580416397
326	410	37.0415905375164
328	410	31.383593743107
330	410	33.8676378527688
332	410	35.0264166166981
334	410	38.2102840049118
336	410	32.731907864132
338	410	35.22505882092
340	410	31.3669923851341
342	410	35.2090568821245
344	410	38.1740083635197
346	410	34.7751727374447
348	410	35.6851768320998
350	410	38.4146674587276
352	410	38.1889135482189
354	410	39.5405447608794
356	410	39.9963143407133
358	410	45.0031141343051
360	410	41.3573974920739
362	410	46.3652070558174
364	410	47.5158260052804
366	410	42.9593007818897
368	410	46.3561140121521
370	410	61.820216558649
372	410	54.1008331068351
374	410	56.5951977928551
376	410	57.9648770297378
378	410	56.8239692365744
380	410	70.6908540609082
382	410	63.4165858738298
384	410	69.3210218132816
386	410	67.271063982276
388	410	75.6554002434662
390	410	86.5275963755094
392	410	106.385279550183
394	410	128.764509683449
396	410	166.433726430097
398	410	276.30447364919
400	410	618.773369998107
402	410	8852.10339733757
404	410	41931.4129732423
406	410	109970.511850412
408	410	186429.892089862
410	410	216169.584780082
412	410	185248.076223075
414	410	112524.926021799
416	410	42272.9811157092
418	410	9408.50579125887
420	410	1373.29840529837
422	410	796.481274589849
424	410	634.692676345226
426	410	549.869191123274
428	410	470.887986451794
430	410	432.362952930515
432	410	445.725141188626
434	410	463.058269422105
436	410	480.987137628358
438	410	492.383093996401
440	410	504.05529234423
442	410	502.710387975093
444	410	470.28245714891
446	410	485.99185522512
448	410	490.444936995653
450	410	503.589934261079
452	410	498.143709494973
454	410	494.787952915746
456	410	503.669285340305
458	410	515.58127316106
460	410	553.986305321341
462	410	639.295371037009
464	410	937.503765820188
466	410	1519.15327363487
468	410	2387.60539172785
470	410	3625.95189595911
472	410	4825.60237264409
474	410	5900.89040839302
476	410	6266.87279966721
478	410	5952.65473505002
480	410	4955.82043675319
482	410	3646.36358591869
484	410	2456.86618745851
486	410	1543.54931729389
488	410	1028.64292852035
490	410	771.731689334491
492	410	684.413329424877
494	410	649.472342670364
496	410	635.643874286788
498	410	594.249179380092
500	410	610.801868238771
502	410	553.938454251389
504	410	564.570284892111
506	410	547.15742809966
508	410	550.678899094786
510	410	578.510445595893
512	410	585.595100188829
514	410	568.168889817102
516	410	581.510289815017
518	410	587.358641816473
520	410	579.894992052561
522	410	579.408271666086
524	410	618.188374785462
526	410	575.145919615362
528	410	622.456124424822
530	410	616.79837870964
532	410	602.751137258524
534	410	604.194495198192
536	410	603.499001334084
538	410	616.978806688082
540	410	602.71581317289
542	410	614.459311673447
544	410	593.028455116868
546	410	616.477402812833
548	410	594.852283267747
550	410	601.264090805125
552	410	604.154699667778
554	410	594.164733337373
556	410	561.332489169994
558	410	574.944695223825
560	410	566.818735511549
300	420	26.9201791576212
302	420	26.0598301598156
304	420	27.1615053994496
306	420	29.7491000088605
308	420	28.9051426656736
310	420	31.0685980519632
312	420	29.3283810909289
314	420	31.2823623078432
316	420	31.5043665220276
318	420	32.1405597067147
320	420	27.3726787995014
322	420	28.8900067694444
324	420	26.7249363526252
326	420	28.8941078700248
328	420	26.2985329046022
330	420	27.7921951337899
332	420	35.3949356721096
334	420	31.6896217013357
336	420	32.3560837248113
338	420	29.7433216840165
340	420	32.5643036523519
342	420	31.726496095503
344	420	32.3507949035818
346	420	33.4500522159883
348	420	36.7014274536542
350	420	34.7470535323769
352	420	36.9317015798553
354	420	38.4306795641927
356	420	39.3183164212662
358	420	36.2736607583102
360	420	41.2549055403156
362	420	42.7987290927765
364	420	37.3586427162981
366	420	41.9176365098818
368	420	36.0472692151162
370	420	41.039672095484
372	420	40.1750078763069
374	420	43.6449643288404
376	420	43.0062672374007
378	420	46.9093059763403
380	420	49.5341515858672
382	420	40.8152387198426
384	420	56.4726808447534
386	420	47.5624503407467
388	420	57.3354907006138
390	420	53.6330168795601
392	420	69.2705759940316
394	420	65.1431474605006
396	420	73.6108937164549
398	420	78.5877353389221
400	420	91.8638595132352
402	420	93.8495656765656
404	420	114.437764513113
406	420	159.005416912686
408	420	267.212689243978
410	420	709.87104329942
412	420	9135.60531497907
414	420	42314.0968814549
416	420	110065.902708622
418	420	175257.326275968
420	420	201030.735625845
422	420	164802.532761249
424	420	96349.5436707388
426	420	35485.8541701761
428	420	7906.95711382676
430	420	1124.69236696447
432	420	676.153248590607
434	420	568.512211840731
436	420	519.890766479113
438	420	419.81987655343
440	420	421.159885042794
442	420	402.50822174787
444	420	410.65193555336
446	420	416.80744417455
448	420	439.524779455914
450	420	438.478977585915
452	420	455.747742923546
454	420	440.791392471075
456	420	448.867924130945
458	420	445.607171350783
460	420	446.508451937848
462	420	458.523072034106
464	420	447.477356835341
466	420	455.781759940164
468	420	453.031648331753
470	420	458.916934801042
472	420	478.007555274482
474	420	519.103012462695
476	420	655.540524734871
478	420	950.419423889947
480	420	1499.86165081889
482	420	2260.2018119498
484	420	3135.67483512347
486	420	3924.41273497857
488	420	4620.43350436058
490	420	4814.29240730592
492	420	4545.09418712427
494	420	3717.39734211181
496	420	2772.04615219824
498	420	1857.20437500638
500	420	1211.85482470672
502	420	845.922549072924
504	420	699.030690140935
506	420	644.395724502608
508	420	625.29694592827
510	420	609.574526754438
512	420	592.144094896896
514	420	589.310595350835
516	420	584.066178160424
518	420	616.625915372422
520	420	603.023634253761
522	420	632.759799740565
524	420	628.602591765233
526	420	644.732291828913
528	420	621.942784100413
530	420	652.319368114298
532	420	620.999907098492
534	420	655.966569825359
536	420	663.777700681572
538	420	677.338059044363
540	420	681.143438646548
542	420	675.593798873542
544	420	668.987526345035
546	420	667.067268932394
548	420	657.49558374564
550	420	660.843509857985
552	420	660.427212236383
554	420	631.98359661187
556	420	643.009381950215
558	420	630.362853178272
560	420	659.857928598676
300	430	29.3346132316401
302	430	25.8396235821325
304	430	26.9163768882436
306	430	29.5436466522933
308	430	23.6386644931285
310	430	27.3526142104476
312	430	28.4608713925626
314	430	27.8168894581971
316	430	31.3096689072881
318	430	31.3147694423951
320	430	26.502834547264
322	430	26.9205948436077
324	430	27.3675951004038
326	430	28.4539957062437
328	430	31.514461143688
330	430	31.519205944287
332	430	29.3205134703402
334	430	33.5076312486936
336	430	32.3839946100233
338	430	31.7416250984979
340	430	27.8188018205075
342	430	28.2501437551713
344	430	23.434668297543
346	430	28.7023132165253
348	430	32.6208866566126
350	430	34.3753709457711
352	430	27.7978790499084
354	430	35.0213291653834
356	430	32.381670407565
358	430	26.9473123731782
360	430	36.3627382368051
362	430	35.4612684216961
364	430	35.057264870062
366	430	38.1022663077047
368	430	34.3675376391119
370	430	32.1773079613718
372	430	35.2261799409504
374	430	33.4917446976172
376	430	38.9021273902233
378	430	43.2471195675421
380	430	32.5739072616831
382	430	43.9528045646389
384	430	38.9621780956796
386	430	40.9557094822909
388	430	49.9124117054384
390	430	50.7914576254325
392	430	51.883054821768
394	430	54.7156260431474
396	430	42.4662668317884
398	430	49.6594488783594
400	430	46.3888607984944
402	430	58.6047386662464
404	430	58.1929751177863
406	430	54.0262177617917
408	430	68.921261924459
410	430	77.0346913677856
412	430	88.1752897599751
414	430	112.290794920588
416	430	145.845732261564
418	430	226.915242801281
420	430	663.840228701626
422	430	8456.72930996493
424	430	39273.8950530743
426	430	97400.3024359561
428	430	158297.260401125
430	430	181273.64924197
432	430	152636.676945198
434	430	93816.4480532404
436	430	35618.5547265892
438	430	8804.60675926551
440	430	1157.19318208319
442	430	630.0518052484
444	430	521.247370901958
446	430	439.22125612896
448	430	393.462326042485
450	430	369.010356939169
452	430	361.621049494631
454	430	343.817905246642
456	430	343.04648476043
458	430	369.482783741313
460	430	387.397975817804
462	430	421.59585447669
464	430	400.521612374246
466	430	396.237903949673
468	430	393.697037842887
470	430	413.218782253149
472	430	413.069940413742
474	430	416.220999200207
476	430	430.233677877668
478	430	425.712590170555
480	430	400.196170602303
482	430	424.139130843677
484	430	420.303717218297
486	430	442.496761911565
488	430	505.695546997254
490	430	643.223700335996
492	430	908.356760194086
494	430	1298.16880168137
496	430	1930.39003261627
498	430	2549.40944416529
500	430	3192.76503911738
502	430	3701.09322851373
504	430	3780.06059289211
506	430	3460.75980305857
508	430	2903.1298245292
510	430	2222.69336864166
512	430	1540.86820043207
514	430	1047.39204930126
516	430	822.076923582741
518	430	691.405732976188
520	430	685.3833541781
522	430	702.93386809891
524	430	686.483617609637
526	430	674.341665514896
528	430	688.446429969883
530	430	665.394892395887
532	430	683.674071411183
534	430	683.948696749021
536	430	690.516835966827
538	430	692.640968231161
540	430	698.905945262618
542	430	707.318012476035
544	430	686.894589059346
546	430	687.76077333659
548	430	688.916717019764
550	430	706.888028212676
552	430	673.122799158443
554	430	686.316970691046
556	430	668.571865577863
558	430	671.060086842494
560	430	642.517551686045
300	440	27.5724740886446
302	440	29.6474430832887
304	440	22.7693941194046
306	440	25.0665607551067
308	440	22.3575199743296
310	440	22.144209733965
312	440	28.2036566762921
314	440	24.4165384816551
316	440	24.8424773756084
318	440	27.3541589492164
320	440	25.0575466353209
322	440	28.2040599902523
324	440	24.8645192480946
326	440	29.4583995842981
328	440	25.7066728043102
330	440	24.0342367752168
332	440	25.906942489223
334	440	26.7348156680517
336	440	26.1135771236671
338	440	27.5697505223972
340	440	27.542755383463
342	440	25.0321564090206
344	440	25.9002684508206
346	440	23.5951756627508
348	440	30.2964753639211
350	440	26.3352247978051
352	440	28.5978838208307
354	440	30.2883239032741
356	440	27.9856706083971
358	440	26.7337943050135
360	440	27.5644406219034
362	440	30.4999635183007
364	440	28.1942252803887
366	440	30.7087330172634
368	440	26.1059349516357
370	440	33.2048325424676
372	440	34.2468079350401
374	440	29.8658022650713
376	440	27.7989616028353
378	440	30.1099424543433
380	440	36.7980692985152
382	440	30.5062845491934
384	440	29.2503427106819
386	440	34.0364370463652
388	440	31.9552819292838
390	440	34.8859786831969
392	440	34.8801906633251
394	440	40.3411997893788
396	440	39.0626436937718
398	440	39.497895368184
400	440	38.4559543750613
402	440	36.7455336154042
404	440	39.069781147515
406	440	39.9097386586814
408	440	40.1099876257022
410	440	46.3884755832505
412	440	45.5674209273014
414	440	48.2385361882555
416	440	52.0339749389604
418	440	54.1128424150237
420	440	64.977642538892
422	440	72.6971854918726
424	440	104.831769246717
426	440	133.057725498959
428	440	199.116258641666
430	440	517.718889326752
432	440	6608.72376574205
434	440	32369.9453905716
436	440	84717.2302976189
438	440	143105.289821024
440	440	167071.112085885
442	440	139590.127215319
444	440	85001.9205051119
446	440	33752.1885158842
448	440	7992.00810303642
450	440	1074.18607056959
452	440	553.596610547571
454	440	456.557227958144
456	440	402.322553174938
458	440	344.941785975877
460	440	312.569331959675
462	440	323.62707366797
464	440	309.71335986099
466	440	302.134836001928
468	440	318.300907028075
470	440	329.159460857813
472	440	363.66079961558
474	440	364.835236032828
476	440	341.357692242847
478	440	346.025102517303
480	440	333.700385595402
482	440	365.222156601028
484	440	345.984172606991
486	440	357.643437059545
488	440	360.581943903732
490	440	361.247173764589
492	440	346.153632012346
494	440	364.618701552105
496	440	366.858221921829
498	440	389.686854163201
500	440	412.559620597986
502	440	456.88596437582
504	440	577.027111082356
506	440	791.550047913914
508	440	1155.24051531105
510	440	1612.0497473145
512	440	2126.94217885415
514	440	2575.66668292961
516	440	2893.38757251218
518	440	2992.74867168672
520	440	2727.15796390481
522	440	2251.93255870191
524	440	1733.28245885065
526	440	1337.90409506469
528	440	977.906752971633
530	440	726.887404907487
532	440	700.433140580465
534	440	659.570357413038
536	440	649.51936597835
538	440	639.511954421958
540	440	635.327353465274
542	440	627.796166036806
544	440	627.873089417919
546	440	625.184624029125
548	440	623.527631389611
550	440	611.296638866582
552	440	601.212914812099
554	440	594.608890507695
556	440	581.930176242856
558	440	606.080187543709
560	440	590.534983591811
300	450	23.3736892027228
302	450	27.5237971124367
304	450	22.6318941930618
306	450	21.6825533816188
308	450	20.1804330598455
310	450	18.1062976143694
312	450	22.0715396905849
314	450	20.9330066606816
316	450	23.5707444776293
318	450	23.387678843711
320	450	22.057257948446
322	450	25.2718496167367
324	450	29.9813819123129
326	450	21.1233944189902
328	450	26.9711507555705
330	450	24.7057417470975
332	450	25.0873347891176
334	450	26.031882265698
336	450	18.8556439389668
338	450	26.4060663216604
340	450	28.2846014687968
342	450	26.9481317477478
344	450	23.1965813857651
346	450	26.022811689559
348	450	23.9454246717693
350	450	25.0807565203945
352	450	29.0282072943182
354	450	26.0079526280645
356	450	23.196937658899
358	450	23.1666208894564
360	450	24.6896586142704
362	450	22.9906744239115
364	450	23.3806627287489
366	450	21.4912158721861
368	450	26.2059710906307
370	450	24.8729647009992
372	450	23.7592907997905
374	450	29.4348063602071
376	450	24.1396867293809
378	450	25.655009438152
380	450	26.0289736824253
382	450	23.7432439223405
384	450	28.1002924630438
386	450	26.3837199671069
388	450	27.5143317945058
390	450	24.8913164523699
392	450	33.3675556509198
394	450	29.0401344771733
396	450	28.1037403468392
398	450	28.094216261757
400	450	30.9298221337574
402	450	32.6281000449894
404	450	32.6093055726488
406	450	36.4101320971179
408	450	32.228435882411
410	450	30.5445275421981
412	450	39.7801002421641
414	450	36.1988374490197
416	450	33.7398183379979
418	450	37.9282915326014
420	450	42.8244399821367
422	450	38.6681371334352
424	450	52.0677607318862
426	450	55.0528419503981
428	450	56.3629835797768
430	450	58.0639848717107
432	450	69.7287592000377
434	450	84.0547061397447
436	450	120.860241837875
438	450	176.435612975162
440	450	384.579731434662
442	450	4841.20660206
444	450	24028.2718055138
446	450	72748.5199182734
448	450	127536.165701771
450	450	157363.094284552
452	450	138724.339944759
454	450	83788.7806448603
456	450	33555.5005643705
458	450	7785.72901030148
460	450	954.597384589859
462	450	474.394599263973
464	450	398.948405734048
466	450	372.422668381753
468	450	321.004077100309
470	450	303.599170280638
472	450	291.577678844356
474	450	270.523555022012
476	450	268.099244416564
478	450	277.673268247924
480	450	298.137544170191
482	450	309.905767078491
484	450	323.575698172164
486	450	349.745351428743
488	450	322.06609180908
490	450	312.100434563177
492	450	319.749855758556
494	450	319.892054899042
496	450	324.183360744064
498	450	335.517247833978
500	450	336.92263695383
502	450	369.883417904327
504	450	359.147752981245
506	450	372.521066429503
508	450	377.82645401231
510	450	390.621312213037
512	450	424.108119560384
514	450	434.334746207926
516	450	495.722589789701
518	450	633.111775937663
520	450	820.364990477144
522	450	1083.47660607777
524	450	1426.79271335546
526	450	1770.11876262732
528	450	2120.81678757203
530	450	2368.77708006004
532	450	2375.15895157839
534	450	2165.37053795144
536	450	1859.97479767831
538	450	1494.8804991171
540	450	1168.25904740745
542	450	884.041064203437
544	450	739.67639785061
546	450	669.141386937281
548	450	649.618332291832
550	450	637.662763371325
552	450	613.550745711515
554	450	610.571222525857
556	450	592.788845827629
558	450	586.686081433399
560	450	583.441406417747
