EM wavelength	EX wavelength	S1/R1
nm	nm	CPS / MicroAmps
300	240	4507.19678201705
302	240	4622.94595212908
304	240	5762.29768233084
306	240	6096.64000207542
308	240	6642.24717605913
310	240	7142.57539550234
312	240	7838.95850208422
314	240	8531.36447915243
316	240	9415.3481254036
318	240	9160.6100065655
320	240	9642.70204336217
322	240	10371.4199559231
324	240	9789.1677905964
326	240	10200.9575404204
328	240	10736.6494233854
330	240	10582.9644707161
332	240	10207.4970018251
334	240	11210.0618712687
336	240	10664.9295371568
338	240	10581.7508940276
340	240	10272.1891259762
342	240	10632.1317070563
344	240	10693.5935216011
346	240	10473.3337797294
348	240	10556.1366144649
350	240	10749.3091442059
352	240	10660.748405891
354	240	11179.4360849622
356	240	11109.7437857344
358	240	11328.0995209924
360	240	12330.1271004176
362	240	12294.0394030516
364	240	11312.1641652173
366	240	11344.6069967611
368	240	11113.5908631631
370	240	10472.3368439026
372	240	10385.0329644813
374	240	9889.6823022314
376	240	9792.67354233877
378	240	9533.84480087533
380	240	9225.29541862555
382	240	9277.21723726928
384	240	9611.95795065869
386	240	8583.98169574845
388	240	9328.58315821585
390	240	8704.99697104198
392	240	9923.1160556068
394	240	9228.36566042861
396	240	9664.92201570645
398	240	9539.27221864815
400	240	9840.10074905624
402	240	10136.6541322722
404	240	9858.69079122219
406	240	9735.12737011059
408	240	10243.3437766907
410	240	10213.3852048462
412	240	10122.0154976001
414	240	10489.3708444115
416	240	10835.9843647297
418	240	9802.92215048799
420	240	9907.17228986331
422	240	9904.44697130126
424	240	10822.9761713281
426	240	9650.55403967044
428	240	10853.0691221245
430	240	10285.8736025943
432	240	10238.7572813464
434	240	9491.82129530215
436	240	10730.5481809944
438	240	10436.6392718003
440	240	10116.4292048484
442	240	9195.36867993573
444	240	9385.34280691412
446	240	9448.8813720803
448	240	8916.69151459292
450	240	9262.82187051274
452	240	9663.33263438628
454	240	9479.76118403918
456	240	8979.21366447057
458	240	9173.91630270297
460	240	9175.8960054831
462	240	8353.17600536436
464	240	8636.39168375307
466	240	9219.00089006616
468	240	11490.2689454776
470	240	20851.7413097094
472	240	38815.3330296256
474	240	67147.9120340094
476	240	109174.998436169
478	240	154493.251174028
480	240	187809.447474032
482	240	198810.18730042
484	240	188141.382970833
486	240	153066.05298203
488	240	107134.785101199
490	240	63306.5755934502
492	240	29995.5914863006
494	240	14073.341767082
496	240	9024.34879068138
498	240	7594.40606361913
500	240	7032.21408616483
502	240	7153.47075015183
504	240	6580.5359692682
506	240	6405.96043589723
508	240	7211.44921169329
510	240	7223.95927084096
512	240	8949.65036185323
514	240	13355.1967008116
516	240	16254.4663821027
518	240	21620.9055414125
520	240	26119.4899394267
522	240	30902.7774150797
524	240	33316.7992009184
526	240	32142.1623329496
528	240	29666.700957323
530	240	25557.6413891718
532	240	19994.1165307319
534	240	15212.7208752361
536	240	10313.242055574
538	240	6913.07502871187
540	240	5480.05445763234
542	240	5927.02593290696
544	240	4935.52565660519
546	240	4791.59313854833
548	240	4134.83480354684
550	240	5153.44875466177
552	240	4298.01027016238
554	240	4109.4349529368
556	240	4873.75354148874
558	240	4524.85406573024
560	240	3946.32979085486
300	250	3348.83812204861
302	250	4300.99107692616
304	250	4637.1693996173
306	250	5194.68627398605
308	250	6401.51014408342
310	250	6740.10039409276
312	250	7407.38867573106
314	250	8004.16108132729
316	250	8746.41863443608
318	250	9376.29230649573
320	250	9284.66788356475
322	250	10096.3506785069
324	250	10175.8612344699
326	250	9869.07006355168
328	250	10360.3894296127
330	250	10561.5553265519
332	250	10358.9643570504
334	250	10569.4473306105
336	250	9924.00288722385
338	250	9593.94855472088
340	250	9797.86286185154
342	250	9347.93891574392
344	250	9008.90577934669
346	250	9409.11550179077
348	250	8921.13593837211
350	250	8614.36186889721
352	250	8251.82227871976
354	250	8160.04226485262
356	250	7806.26132774757
358	250	7338.44268543334
360	250	7627.63833079989
362	250	7169.63953081126
364	250	7309.28161407248
366	250	7076.37355643958
368	250	6939.15072618247
370	250	6823.9440733841
372	250	6756.2699872614
374	250	6670.65519094237
376	250	6547.56270472464
378	250	6536.23954222404
380	250	6790.63607673077
382	250	6715.74589251615
384	250	6341.67898659745
386	250	7086.89427494463
388	250	6572.60038443875
390	250	6617.97882723508
392	250	6557.13053670644
394	250	6734.86233654291
396	250	6920.1266798701
398	250	7181.6554275884
400	250	7256.39290625434
402	250	7036.14139560222
404	250	6900.3357542434
406	250	7216.45690164882
408	250	7020.15017704753
410	250	7252.67326286897
412	250	7543.56308541656
414	250	7215.11503582268
416	250	7878.86514650461
418	250	7832.25366543195
420	250	8011.72238893823
422	250	7827.60157387134
424	250	7611.61881997073
426	250	7735.55520940413
428	250	7406.99342832434
430	250	8079.45754498037
432	250	7711.04023018368
434	250	7968.44762936707
436	250	7764.42657090483
438	250	8087.33246199452
440	250	7640.36917916211
442	250	8250.15483865763
444	250	7797.23638485157
446	250	8193.79099862926
448	250	7567.67635031266
450	250	7953.85588840587
452	250	7820.70304435765
454	250	7865.73072788364
456	250	7792.68222496462
458	250	7742.2319819535
460	250	7414.50988225626
462	250	7568.64374007679
464	250	7380.86885539585
466	250	7667.31094907951
468	250	7542.12474901123
470	250	7387.88802054975
472	250	7422.19235688107
474	250	6911.50079257944
476	250	6732.16853716872
478	250	6869.8429016426
480	250	6989.36022772726
482	250	6748.44367196787
484	250	7126.9180577236
486	250	7591.19088488129
488	250	13371.3620888719
490	250	26699.0840352834
492	250	52396.2564816226
494	250	90770.7343515607
496	250	135271.453755431
498	250	180175.392956559
500	250	211557.362236834
502	250	216640.096898646
504	250	192137.334161845
506	250	149034.884397356
508	250	100185.240022912
510	250	56127.436512571
512	250	25452.6419942964
514	250	11105.9259799224
516	250	7831.53230048383
518	250	7707.01762069636
520	250	6681.59983300815
522	250	7206.59442847961
524	250	6975.87433749221
526	250	6797.71612725201
528	250	6702.99293125098
530	250	7193.46231973404
532	250	7871.96348269927
534	250	9923.79963005645
536	250	13207.8750556103
538	250	16799.3165183393
540	250	22206.8744823487
542	250	28352.6104330634
544	250	32101.8164560062
546	250	35004.1741883596
548	250	35973.5215005094
550	250	32465.0764968776
552	250	28927.7323962906
554	250	23805.7465760858
556	250	17989.3254310957
558	250	13670.2237273101
560	250	9414.33492302577
300	260	4850.64418214882
302	260	5228.70814243907
304	260	5544.02444755604
306	260	6517.07184730331
308	260	6976.95276283199
310	260	7516.77614980538
312	260	8184.07126023892
314	260	8451.12265759967
316	260	8695.98670076593
318	260	9105.11866714123
320	260	9594.47860792237
322	260	10073.8630740968
324	260	9840.38631491937
326	260	9935.41242317178
328	260	10193.755048442
330	260	10081.5196950328
332	260	10036.2853975376
334	260	9722.54286960082
336	260	9289.03188112879
338	260	9562.96621448017
340	260	8984.25530124968
342	260	8778.47819065933
344	260	8874.21139474967
346	260	8293.0024341072
348	260	8088.70539595066
350	260	7856.96548255957
352	260	7526.64560943293
354	260	7484.21073530726
356	260	6733.48777034032
358	260	6655.04506523262
360	260	6591.25508977356
362	260	6575.94149002802
364	260	5958.70865631995
366	260	5944.72362672445
368	260	5890.84991093858
370	260	5677.28629044501
372	260	5754.65783877091
374	260	5382.8965026171
376	260	5437.89202458932
378	260	5167.80141849118
380	260	5300.52075866337
382	260	5167.63500967684
384	260	5243.52622388517
386	260	5271.60655044876
388	260	4976.82702464109
390	260	5244.98911261632
392	260	5126.82153677695
394	260	5263.53381414642
396	260	5319.07364625984
398	260	5312.74980248711
400	260	5343.921404333
402	260	5039.34300563499
404	260	5381.71160786504
406	260	5496.05335069332
408	260	5432.6146139467
410	260	5328.0390090671
412	260	5827.70485231704
414	260	5725.65760404843
416	260	5840.46233587633
418	260	5811.9194598377
420	260	5800.72265531444
422	260	5821.65220081527
424	260	6023.57434808748
426	260	6067.40380338097
428	260	6139.57872434713
430	260	6079.7836620008
432	260	6024.22349103879
434	260	6427.00990479787
436	260	6393.43187722211
438	260	6478.12360260063
440	260	6333.47891465333
442	260	6297.86285686414
444	260	6365.45173796503
446	260	6595.04117622071
448	260	6535.41555800871
450	260	6331.23846178351
452	260	6167.49268418359
454	260	6515.89837313838
456	260	6692.61856219306
458	260	6647.35055581504
460	260	6408.46480343924
462	260	6495.94988433013
464	260	6661.15287966131
466	260	6385.78524917265
468	260	6426.78610223569
470	260	6593.76864917186
472	260	6470.87703329772
474	260	6309.52154177595
476	260	6178.43295532484
478	260	6465.64815743565
480	260	6359.56143784141
482	260	6253.65669110566
484	260	6317.45279428008
486	260	6021.53752323958
488	260	6227.9346308162
490	260	6066.42953651838
492	260	6033.58792917459
494	260	5970.03980383349
496	260	6087.19764299055
498	260	6045.75722339129
500	260	5997.89992170918
502	260	6114.65820985129
504	260	5846.3074698
506	260	7106.15222745352
508	260	13064.888332034
510	260	29179.8575159838
512	260	56878.6642411403
514	260	99406.9570421416
516	260	145796.502860813
518	260	195474.474461969
520	260	222469.9620421
522	260	221511.119488114
524	260	194748.910972749
526	260	150522.627338238
528	260	98411.0297210927
530	260	53125.1701961278
532	260	23577.4802140064
534	260	11440.3776167202
536	260	8735.25496178646
538	260	8094.78023424609
540	260	7967.78402354753
542	260	8159.40582948678
544	260	7884.73229200019
546	260	7576.1364706619
548	260	7476.37802090346
550	260	7359.09343654495
552	260	7694.9528801269
554	260	8112.04386517965
556	260	8930.01166556943
558	260	11147.5181824368
560	260	14459.0016788772
300	270	38166.7155266405
302	270	27625.7026832519
304	270	18110.7137585427
306	270	12166.8024712701
308	270	9456.61523388906
310	270	8973.92645780535
312	270	9042.80319583636
314	270	9448.61613769957
316	270	9364.44748598987
318	270	9489.16417319073
320	270	9548.3289402622
322	270	9729.65723373464
324	270	9670.00623544106
326	270	9583.86458077077
328	270	9399.09128647685
330	270	9273.0754411054
332	270	9076.03675657834
334	270	8964.01899245591
336	270	8589.49379393756
338	270	8298.04442436344
340	270	7996.55412607997
342	270	7893.54614078375
344	270	7632.48325580338
346	270	7117.07537923775
348	270	6959.22721244306
350	270	6682.75428727191
352	270	6227.29671800901
354	270	6057.67781337976
356	270	5932.91283374301
358	270	5825.54231567524
360	270	5453.74616462895
362	270	5554.1073031172
364	270	5248.22093850142
366	270	5130.89096373664
368	270	4900.94996344171
370	270	4601.99999422354
372	270	4794.37664228264
374	270	4879.84899510332
376	270	4597.52464403308
378	270	4571.98730593964
380	270	4645.37509721252
382	270	4524.20794694532
384	270	4526.33711482616
386	270	4454.00809795554
388	270	4493.81320119888
390	270	4532.06474742254
392	270	4586.50890496016
394	270	4625.15530009732
396	270	4477.13432723424
398	270	4618.00786808699
400	270	4571.7502846485
402	270	4510.82955615626
404	270	4585.88572278081
406	270	4523.05800708827
408	270	4614.15048269272
410	270	4528.89291329109
412	270	4796.9373511117
414	270	4938.31242865749
416	270	4906.9857591272
418	270	5085.30960313806
420	270	4908.70688619867
422	270	4951.83809409871
424	270	5021.25288253624
426	270	5066.42626157752
428	270	5102.91782702553
430	270	5210.36696311091
432	270	5287.7870610781
434	270	5249.74267711125
436	270	5167.52004947668
438	270	5339.78160077538
440	270	5020.2331318697
442	270	5042.87538671119
444	270	5311.82683036534
446	270	5331.13287987646
448	270	5498.30333972527
450	270	5329.35797008009
452	270	5414.52303095235
454	270	5545.96885918172
456	270	5477.13593116302
458	270	5446.75784544989
460	270	5461.33460132075
462	270	5423.79016882134
464	270	5400.1399994187
466	270	5447.34154291751
468	270	5506.98371341516
470	270	5521.85163827804
472	270	5401.224856037
474	270	5382.12792224112
476	270	5138.94082075974
478	270	5336.10327989175
480	270	5357.70667854614
482	270	5371.32553406781
484	270	5139.08925592808
486	270	5192.99696662852
488	270	5260.00739327254
490	270	5190.66716257675
492	270	5086.02164131462
494	270	4884.83628015313
496	270	5129.58064752325
498	270	5024.31918731039
500	270	4988.46218459319
502	270	5030.89932586897
504	270	5167.00533054621
506	270	4877.80413315351
508	270	5116.94477827522
510	270	5077.81357612977
512	270	5420.02792144358
514	270	5237.25023672567
516	270	5363.47730880498
518	270	5439.8967185646
520	270	5467.31718622035
522	270	5626.07625619634
524	270	5831.4502939511
526	270	7533.24838486867
528	270	14880.2624740215
530	270	35240.2336137521
532	270	69858.0004033694
534	270	115756.705552536
536	270	166301.415274819
538	270	212801.045878774
540	270	238617.654270747
542	270	231762.931635507
544	270	198319.812337658
546	270	150891.665722377
548	270	99252.8569271029
550	270	54322.3636111906
552	270	24350.8039996813
554	270	10774.6760260666
556	270	8000.3105917336
558	270	6993.63007387005
560	270	6956.63909707689
300	280	7388.23412669285
302	280	11888.6395902068
304	280	20473.7639657463
306	280	31794.5912241841
308	280	41111.4506503387
310	280	44052.7052538147
312	280	38853.5881831665
314	280	28444.2571233819
316	280	18265.9187949164
318	280	11606.0773154476
320	280	8807.20651185182
322	280	8020.13093484127
324	280	7408.26443516158
326	280	7493.63526433966
328	280	7228.75026417979
330	280	7259.24918581813
332	280	7102.70478993018
334	280	7030.94733871092
336	280	6740.43678634446
338	280	6400.95672519947
340	280	6278.57097131003
342	280	5993.32221160047
344	280	6117.26804561564
346	280	5772.23324584689
348	280	5540.95583226984
350	280	5452.64773253843
352	280	5176.94799410945
354	280	5054.11446491561
356	280	4971.035252449
358	280	4752.05532260679
360	280	4583.21875906108
362	280	4453.39866286422
364	280	4321.76855845746
366	280	4186.94109006902
368	280	4201.11956573493
370	280	4166.16455226803
372	280	4253.30441776815
374	280	4027.93284761316
376	280	4187.00624158412
378	280	4114.38010896421
380	280	4120.60308049043
382	280	4162.11086581708
384	280	4156.43595269004
386	280	4078.70514571582
388	280	4142.61092604402
390	280	4231.6941213477
392	280	4167.6385835398
394	280	4227.58745064075
396	280	4413.02019917877
398	280	4367.68128326387
400	280	4323.43974741533
402	280	4387.80616018145
404	280	4454.88667738118
406	280	4427.30996760057
408	280	4339.47615775263
410	280	4332.32664124208
412	280	4438.7475937331
414	280	4603.96971594847
416	280	4586.22685888541
418	280	4512.46453073728
420	280	4559.94577102495
422	280	4511.89662903203
424	280	4491.22800001759
426	280	4631.03267293992
428	280	4619.32300968669
430	280	4571.53839808621
432	280	4626.33708134182
434	280	4571.31701272654
436	280	4564.3125785653
438	280	4559.68724003525
440	280	4594.1384220019
442	280	4526.13917648538
444	280	4522.62151217577
446	280	4523.65671995479
448	280	4540.18365759836
450	280	4454.11096592363
452	280	4491.21561824989
454	280	4367.3411437614
456	280	4383.07022291762
458	280	4509.41529080694
460	280	4459.85631585367
462	280	4385.93736942219
464	280	4420.71362269297
466	280	4535.4334506781
468	280	4375.66436338154
470	280	4376.69719297213
472	280	4452.57850714496
474	280	4227.07916998195
476	280	4361.76028657355
478	280	4183.95719592381
480	280	4166.33752907958
482	280	4149.72491283754
484	280	4162.2480488758
486	280	4111.46401952067
488	280	4089.45739434348
490	280	3934.78787008123
492	280	4040.0838307444
494	280	4037.08850176208
496	280	3842.86828180892
498	280	3871.99328973277
500	280	3851.66543510484
502	280	3832.05939594016
504	280	3865.98318436273
506	280	3940.74160677077
508	280	3921.25023763917
510	280	4030.34660627951
512	280	3836.71440245158
514	280	4088.74849306831
516	280	4217.1947309272
518	280	4069.12544544074
520	280	4228.7600323925
522	280	4213.04192444007
524	280	4369.87049848801
526	280	4531.02996511264
528	280	4564.99540722087
530	280	4492.0418469031
532	280	4465.6465286783
534	280	4561.61578883695
536	280	4622.16013472256
538	280	4636.2894780401
540	280	4682.3092575254
542	280	4746.63416741606
544	280	5030.73489965732
546	280	6320.42567042197
548	280	13555.3657950179
550	280	32542.4664510603
552	280	63128.4051897848
554	280	107581.205719083
556	280	155757.14284445
558	280	198604.870040669
560	280	224731.062855389
300	290	3390.30492757668
302	290	2610.40766748368
304	290	2564.59474832458
306	290	2630.53762418967
308	290	2825.97287624278
310	290	3243.56165126653
312	290	4658.72646354541
314	290	8491.81707154051
316	290	15759.8354916088
318	290	25767.938727376
320	290	34516.3525061073
322	290	37238.9537066359
324	290	33169.9954751695
326	290	24425.7586210149
328	290	15104.5519849032
330	290	8762.88016608266
332	290	5528.11134829642
334	290	4514.4916905812
336	290	4176.55188648866
338	290	3986.26689425476
340	290	3934.53235183231
342	290	3959.67131905513
344	290	3766.36268728902
346	290	3795.88702821157
348	290	3816.42289554513
350	290	3678.69841385454
352	290	3774.26186117249
354	290	3597.6674700214
356	290	3536.8560540923
358	290	3596.69065090396
360	290	3496.51088926977
362	290	3464.44814751624
364	290	3496.91062115758
366	290	3423.12323245325
368	290	3319.13127915832
370	290	3379.51344556915
372	290	3497.45339621627
374	290	3610.00178155244
376	290	3541.69969930813
378	290	3596.74713445237
380	290	3656.01416376889
382	290	3754.51125277088
384	290	3898.38185083675
386	290	3942.49846693107
388	290	4025.68769487558
390	290	4127.57964013895
392	290	4145.72444449918
394	290	4193.90194035309
396	290	4272.27245692412
398	290	4226.60710622012
400	290	4291.34336595013
402	290	4391.94493502692
404	290	4472.87932250502
406	290	4519.586893859
408	290	4443.71212897116
410	290	4459.59547249526
412	290	4619.24934385194
414	290	4635.46677687601
416	290	4690.6035791287
418	290	4718.22132140436
420	290	4641.09783359622
422	290	4698.27617321915
424	290	4653.38417979209
426	290	4526.0089386411
428	290	4661.38516286603
430	290	4520.81965783635
432	290	4529.6714775014
434	290	4542.59902876535
436	290	4464.47448699552
438	290	4365.21565078968
440	290	4358.15854623452
442	290	4239.38262551425
444	290	4237.39813907346
446	290	4206.76327885862
448	290	4190.98452697006
450	290	4058.1603369222
452	290	4069.05527077572
454	290	3862.27601081287
456	290	3850.16698168405
458	290	3753.22788845573
460	290	3744.40408909874
462	290	3723.00663390441
464	290	3564.73932396747
466	290	3506.07928458175
468	290	3469.24865868622
470	290	3407.3576708267
472	290	3357.53143396767
474	290	3363.34830546086
476	290	3282.27528988936
478	290	3054.80249927663
480	290	2949.15136759287
482	290	3053.8839520767
484	290	3083.74060841759
486	290	2901.31901356429
488	290	2892.98213258248
490	290	2877.55276429597
492	290	2685.28285446219
494	290	2705.74007874169
496	290	2665.0590301236
498	290	2620.9487641498
500	290	2576.48260295924
502	290	2509.61749829643
504	290	2528.42298793918
506	290	2421.6407298359
508	290	2483.11244995182
510	290	2331.62076849523
512	290	2365.41231590366
514	290	2393.14446396399
516	290	2336.72522038845
518	290	2322.54440290921
520	290	2201.69501346887
522	290	2193.19868214747
524	290	2245.06268981792
526	290	2169.7660381505
528	290	2143.24890325181
530	290	2120.55525675362
532	290	2033.80255067656
534	290	2057.9538544702
536	290	2063.06199903902
538	290	2108.94116596188
540	290	2097.65131219242
542	290	2011.3793901585
544	290	2096.62963581712
546	290	2063.29573440138
548	290	2089.5184201711
550	290	1999.93373219385
552	290	2000.07283417444
554	290	1970.96225919644
556	290	1936.0933756088
558	290	1998.97715049538
560	290	1994.60252169775
300	300	316084.883990877
302	300	279005.121791959
304	300	176548.803123318
306	300	74387.2635573789
308	300	18526.4029015598
310	300	3041.26831032207
312	300	2087.54927678603
314	300	1866.07446354922
316	300	1963.03013031543
318	300	1964.01986199497
320	300	1943.91083919202
322	300	2246.65869545414
324	300	3302.67303316669
326	300	6547.47294497281
328	300	12704.2841518649
330	300	21134.3399773726
332	300	29085.5186009972
334	300	32821.9106770644
336	300	29899.8789492562
338	300	22487.5560748844
340	300	13764.104118514
342	300	7574.90941031871
344	300	4114.46112429383
346	300	2871.67025313067
348	300	2511.74712704431
350	300	2333.63808563149
352	300	2293.90197459746
354	300	2302.60853838944
356	300	2292.31662597114
358	300	2318.82357270124
360	300	2412.91925746697
362	300	2400.11725789229
364	300	2463.79170124339
366	300	2475.03950453829
368	300	2613.02333316018
370	300	2692.99862468273
372	300	2794.68778682338
374	300	2873.13438110633
376	300	3005.33065290302
378	300	3168.95676480407
380	300	3304.01633759579
382	300	3403.86081770982
384	300	3513.9198429877
386	300	3633.04041796395
388	300	3778.11595472352
390	300	3866.69195458815
392	300	3962.52548247606
394	300	4151.04626975673
396	300	4203.75584942562
398	300	4368.57033165992
400	300	4593.19507892388
402	300	5002.55911348481
404	300	5318.84562014293
406	300	5776.43542156355
408	300	6126.47876250359
410	300	6102.96065354768
412	300	6168.5711659922
414	300	6016.92098671886
416	300	5932.8783573522
418	300	5773.95734146858
420	300	5713.15337294522
422	300	5741.20735221664
424	300	5752.22928228918
426	300	5394.85268799338
428	300	5406.40150520261
430	300	5253.72251967308
432	300	5231.55005213641
434	300	5103.49667415882
436	300	5045.3922165828
438	300	4852.52153321435
440	300	4743.68543986679
442	300	4614.78827492066
444	300	4558.51770704191
446	300	4416.2579345984
448	300	4271.36619484107
450	300	4177.53027352994
452	300	3988.68532772184
454	300	3980.56693360439
456	300	3836.22492574911
458	300	3811.64670167299
460	300	3721.89848583438
462	300	3659.08162793099
464	300	3585.85460810059
466	300	3517.38378474769
468	300	3430.77514630795
470	300	3158.7692693081
472	300	3144.27517447636
474	300	3068.08762763014
476	300	2966.43430174171
478	300	3013.29450026446
480	300	2891.42303756129
482	300	2813.75694173002
484	300	2710.43330968153
486	300	2658.12316272386
488	300	2609.20332427028
490	300	2527.21796530427
492	300	2487.16524777837
494	300	2390.47684119879
496	300	2406.48306714065
498	300	2285.99543606544
500	300	2159.05741321458
502	300	2156.34851128005
504	300	2008.88612615421
506	300	2041.27814158841
508	300	1969.30127804805
510	300	1938.13083456907
512	300	1889.01335320278
514	300	1805.16603166807
516	300	1756.78867842598
518	300	1681.11281233712
520	300	1584.53662731145
522	300	1554.53030314183
524	300	1563.16432886057
526	300	1496.8676233464
528	300	1440.03118541355
530	300	1405.42465721597
532	300	1317.75806986354
534	300	1323.55398838826
536	300	1316.07319837176
538	300	1257.64939535461
540	300	1231.55579963829
542	300	1196.43917244372
544	300	1156.14367794227
546	300	1124.94560948952
548	300	1049.37330208443
550	300	1064.75198599662
552	300	1043.38682564676
554	300	993.872205431731
556	300	946.904085116666
558	300	968.604123810464
560	300	959.042687938286
300	310	1558.31337085791
302	310	15577.2998733205
304	310	68216.1569169284
306	310	176154.261432314
308	310	292798.918463568
310	310	348054.000132566
312	310	300045.862822639
314	310	186663.196083354
316	310	75381.2144470012
318	310	18196.4197050998
320	310	2882.95724428957
322	310	1759.66371012564
324	310	1574.50403819984
326	310	1522.84675632695
328	310	1443.91404626425
330	310	1385.40699829388
332	310	1332.85448772519
334	310	1531.7134957324
336	310	2422.61330858446
338	310	5072.5351847362
340	310	10400.9743017409
342	310	18416.1714726242
344	310	26206.2252011951
346	310	30586.4936779642
348	310	28840.4057605339
350	310	22284.0760718005
352	310	13968.1239509006
354	310	7441.73518093467
356	310	3795.37013876933
358	310	2397.60376765085
360	310	1935.03335435235
362	310	1858.97019352703
364	310	1810.74780305788
366	310	1890.90524494179
368	310	1986.98960319013
370	310	2120.48901393293
372	310	2218.38596269903
374	310	2336.96923869354
376	310	2419.261212665
378	310	2588.74347285526
380	310	2705.89970911097
382	310	2871.163578294
384	310	3056.66433866316
386	310	3110.04550692622
388	310	3283.99555195436
390	310	3350.29158597217
392	310	3566.08896471796
394	310	3654.63764530345
396	310	3789.37866438978
398	310	3918.94054721165
400	310	4030.78087634537
402	310	4034.57113128634
404	310	4119.72316920292
406	310	4290.61424465803
408	310	4383.25559601635
410	310	4440.80245099803
412	310	4492.03760450997
414	310	4559.02066603989
416	310	4554.95058355087
418	310	4604.8393187828
420	310	4639.00215535478
422	310	4720.85754081735
424	310	4638.11032553712
426	310	4699.24785747084
428	310	4688.85598490457
430	310	4701.19967703068
432	310	4673.88991935932
434	310	4698.97769777337
436	310	4575.38813891062
438	310	4531.99653845192
440	310	4542.79469322601
442	310	4500.09991608999
444	310	4426.44619219014
446	310	4335.16016451435
448	310	4350.50197061193
450	310	4187.6448889579
452	310	4216.73376587461
454	310	4101.1623376089
456	310	3962.49179757238
458	310	3972.60726902878
460	310	3898.20636156882
462	310	3871.02532183726
464	310	3783.3177997588
466	310	3655.90027748464
468	310	3509.21867234863
470	310	3425.00480254434
472	310	3398.36603360385
474	310	3213.04905380147
476	310	3126.09296246481
478	310	3085.55918232084
480	310	3054.92776374035
482	310	2948.41686928219
484	310	2971.92888533218
486	310	2799.39944214608
488	310	2720.54974765879
490	310	2660.54097300916
492	310	2562.39346087654
494	310	2519.06120219379
496	310	2409.0053373469
498	310	2404.17652373599
500	310	2329.33138217797
502	310	2265.26690989792
504	310	2257.88906965554
506	310	2128.15290325002
508	310	2026.02179682097
510	310	2056.1480493256
512	310	1981.13840981971
514	310	1839.34328962412
516	310	1748.23464046875
518	310	1769.34644374908
520	310	1720.44537379345
522	310	1669.13866053324
524	310	1615.1650244677
526	310	1492.85499954629
528	310	1506.16747306441
530	310	1420.03022619228
532	310	1400.08220385487
534	310	1393.6490193883
536	310	1299.20078643754
538	310	1257.89115173461
540	310	1227.07235248578
542	310	1166.83352057987
544	310	1197.16781905293
546	310	1100.0446192317
548	310	1085.21633246703
550	310	1034.9456245694
552	310	993.552116449134
554	310	960.792007296937
556	310	929.937662723995
558	310	896.24217787513
560	310	924.24308609842
300	320	213.906761999993
302	320	244.747151105846
304	320	262.918323775102
306	320	350.267819515917
308	320	520.212550334885
310	320	1799.57254541773
312	320	19356.57825686
314	320	84407.977532522
316	320	211098.156654783
318	320	346741.601755371
320	320	415256.018366104
322	320	379270.075627507
324	320	251185.239932635
326	320	105145.475842017
328	320	26093.5261420788
330	320	3493.60621817861
332	320	1785.04383214754
334	320	1529.75336997982
336	320	1335.17762510718
338	320	1275.78857647266
340	320	1278.2406885052
342	320	1241.64958127231
344	320	1194.44610444558
346	320	1301.83886312887
348	320	2055.1784353227
350	320	4289.64853259862
352	320	9167.31713351411
354	320	16402.3517973058
356	320	24695.0774341742
358	320	29725.5994401192
360	320	29489.6034332662
362	320	23877.1094475245
364	320	16049.7648834307
366	320	9163.25647154366
368	320	4884.21895237992
370	320	2962.9516942697
372	320	2383.89138031015
374	320	2207.26299840247
376	320	2168.15149696901
378	320	2232.52352058949
380	320	2383.91753809204
382	320	2528.0503182242
384	320	2592.02385086441
386	320	2812.3285082094
388	320	2807.18153508976
390	320	2916.47041822259
392	320	2963.27288405265
394	320	3105.84770506453
396	320	3245.51856570508
398	320	3328.38168623469
400	320	3437.53215518547
402	320	3533.87025890542
404	320	3652.70461285875
406	320	3737.78181195935
408	320	3881.33830862043
410	320	3941.92813057642
412	320	4041.44293488573
414	320	4048.6695651276
416	320	4182.69393488711
418	320	4180.96698729717
420	320	4253.73552399441
422	320	4366.14043022757
424	320	4299.19690644425
426	320	4389.85277055712
428	320	4432.32024968131
430	320	4385.53400051479
432	320	4373.03790483792
434	320	4496.99051727527
436	320	4391.09517843336
438	320	4332.63166821878
440	320	4400.97973926821
442	320	4359.16804768543
444	320	4325.76001771023
446	320	4234.20954763374
448	320	4240.7040308977
450	320	4232.46678318648
452	320	4148.87573187801
454	320	4158.51151414937
456	320	4143.36211355358
458	320	4060.11578855789
460	320	4006.30960396299
462	320	3893.06883789985
464	320	3811.63269077244
466	320	3733.03867039045
468	320	3702.05466456154
470	320	3639.07411004647
472	320	3551.1030135714
474	320	3402.65881046022
476	320	3292.14843268526
478	320	3183.74708585189
480	320	3156.96258521567
482	320	3018.3319568589
484	320	3054.56090276724
486	320	2853.29800965212
488	320	2801.78441568774
490	320	2684.1489582303
492	320	2676.74820652282
494	320	2603.87553416371
496	320	2529.26246201072
498	320	2426.22759248599
500	320	2355.93218550881
502	320	2404.13390654957
504	320	2233.05277494748
506	320	2178.55464558187
508	320	2104.33221357155
510	320	2034.87979230396
512	320	1966.3072153895
514	320	1956.51824223065
516	320	1920.55614397175
518	320	1779.89628422535
520	320	1853.58826681013
522	320	1708.69624114325
524	320	1650.0761286238
526	320	1574.22807569128
528	320	1571.27486400954
530	320	1470.93986519428
532	320	1488.04523431752
534	320	1416.24246630103
536	320	1364.64762211574
538	320	1314.54174961877
540	320	1298.1922661997
542	320	1248.8063630201
544	320	1192.37402485211
546	320	1169.20560837595
548	320	1137.75762142091
550	320	1080.24897649564
552	320	977.478700826539
554	320	1033.53391477849
556	320	986.239088501219
558	320	917.819049905732
560	320	897.967886651169
300	330	131.410037080525
302	330	139.70081981441
304	330	153.008954402536
306	330	173.31030452535
308	330	186.570039029869
310	330	205.337378884985
312	330	234.535377638681
314	330	287.802534243292
316	330	385.240648259867
318	330	536.036050910677
320	330	1628.46156975954
322	330	17936.500882306
324	330	79552.7154373858
326	330	205643.658231737
328	330	344414.461335478
330	330	416971.582265427
332	330	372115.220533909
334	330	246430.263355478
336	330	106992.833840186
338	330	27164.8505681478
340	330	3706.74436880157
342	330	1746.63540538393
344	330	1419.60268072491
346	330	1358.11766854317
348	330	1293.01427540322
350	330	1262.81837720402
352	330	1290.08613952585
354	330	1231.36472558047
356	330	1224.07000417077
358	330	1344.80066671375
360	330	1882.82856535632
362	330	3697.09988288551
364	330	7637.22086483484
366	330	14101.3482452181
368	330	21410.1669436622
370	330	27177.2683161331
372	330	28885.0582213962
374	330	25296.3815049847
376	330	18532.2175022233
378	330	11649.1114613217
380	330	6505.75614767768
382	330	4024.23787445055
384	330	2952.19055324504
386	330	2652.44404552715
388	330	2603.74481334123
390	330	2550.5744569912
392	330	2639.55725669577
394	330	2714.6798183652
396	330	2719.1964266769
398	330	2854.06926697736
400	330	2950.52271359857
402	330	3031.68776378369
404	330	3103.00236015661
406	330	3269.28159762239
408	330	3311.10025279047
410	330	3381.66936590941
412	330	3513.36731031836
414	330	3470.55315122123
416	330	3610.30444721996
418	330	3736.68061525513
420	330	3832.33382383052
422	330	3833.28049635046
424	330	3911.41713027448
426	330	3973.69273083638
428	330	4043.61043175561
430	330	4080.36212497279
432	330	3977.42510172241
434	330	4110.76058731007
436	330	4047.69414841681
438	330	4129.05415249037
440	330	4117.48291561002
442	330	4098.15313580565
444	330	4131.98455497732
446	330	4057.11170299638
448	330	4007.52218058144
450	330	4062.83649950977
452	330	3953.83988171892
454	330	4001.25344056946
456	330	3919.64144035027
458	330	3815.36180497098
460	330	3787.69946924513
462	330	3691.68394120118
464	330	3715.13182688555
466	330	3571.56130942451
468	330	3561.01666563634
470	330	3492.22902834254
472	330	3325.36743441598
474	330	3236.85515398222
476	330	3232.77277027712
478	330	3078.99457492294
480	330	3175.66483548307
482	330	2933.37129991306
484	330	2811.17318048598
486	330	2823.26231095083
488	330	2722.90388875827
490	330	2635.31883749123
492	330	2646.49560844068
494	330	2508.80621113104
496	330	2474.82471518353
498	330	2394.65768084938
500	330	2265.55317808814
502	330	2288.68980116429
504	330	2212.9812196269
506	330	2167.44517216022
508	330	2043.0543595658
510	330	1969.08373451498
512	330	1947.11496816128
514	330	1862.98072253878
516	330	1827.2316532567
518	330	1698.51311890365
520	330	1755.48367023846
522	330	1646.76002895957
524	330	1571.08352155658
526	330	1555.64537586821
528	330	1508.13517154195
530	330	1449.05785385278
532	330	1384.48915566715
534	330	1377.69462383961
536	330	1303.46160054541
538	330	1255.08947884145
540	330	1244.94747867358
542	330	1186.80153517849
544	330	1116.64521101306
546	330	1103.34225728423
548	330	1043.58049042766
550	330	991.545323339541
552	330	1019.78366833199
554	330	952.197167670548
556	330	926.955990638217
558	330	904.234625157404
560	330	891.84007972093
300	340	104.130379972792
302	340	122.335297647037
304	340	125.939937393735
306	340	130.59758358798
308	340	128.432438137676
310	340	147.928256756005
312	340	146.094674881077
314	340	152.732805714738
316	340	167.609401152799
318	340	188.987358294025
320	340	220.286086078115
322	340	231.997494277297
324	340	299.847846710479
326	340	384.790104755579
328	340	550.70894757524
330	340	1495.12582444982
332	340	17880.8166399736
334	340	81804.0694865583
336	340	215804.243920061
338	340	366193.396530839
340	340	435689.262472887
342	340	393804.719408583
344	340	251638.719683222
346	340	107976.992418263
348	340	26199.5003163894
350	340	3441.1565002643
352	340	1802.21109331838
354	340	1480.57831968228
356	340	1346.01859644633
358	340	1272.91427537859
360	340	1294.99577642688
362	340	1254.9735561878
364	340	1287.84119989083
366	340	1296.23846584126
368	340	1320.46136320712
370	340	1402.10539139907
372	340	1874.46127940354
374	340	3031.76440949537
376	340	6044.04187167123
378	340	11176.347251603
380	340	17657.2312927416
382	340	23832.5280246179
384	340	26954.835080172
386	340	25593.4380606735
388	340	20436.4247357205
390	340	13664.3399776347
392	340	8323.29905931034
394	340	4913.67231665888
396	340	3385.66873489193
398	340	2828.71926876113
400	340	2754.98629532732
402	340	2658.74406713242
404	340	2737.8065123944
406	340	2699.07500232641
408	340	2827.7864681477
410	340	2916.8202139447
412	340	2932.33943681852
414	340	3102.32209369831
416	340	3090.17688665697
418	340	3143.77026242658
420	340	3267.17884592822
422	340	3348.27575195587
424	340	3379.60872449226
426	340	3450.22479356813
428	340	3436.51800681838
430	340	3573.63720531668
432	340	3595.14539713927
434	340	3637.7936357
436	340	3674.02422771586
438	340	3729.54850891287
440	340	3755.1643830379
442	340	3668.27717242603
444	340	3755.094964581
446	340	3702.54051825423
448	340	3783.95349454382
450	340	3732.12211040591
452	340	3679.75240391591
454	340	3599.28902609377
456	340	3652.02580396448
458	340	3601.04563945622
460	340	3568.90640982019
462	340	3517.90098616656
464	340	3451.41057684335
466	340	3432.88011350032
468	340	3358.7117592992
470	340	3227.14830916672
472	340	3143.9148797395
474	340	3131.18786678855
476	340	3057.90756090068
478	340	3067.65681555781
480	340	2908.2747519004
482	340	2804.38729934696
484	340	2784.02326538256
486	340	2711.23369772897
488	340	2688.93224238847
490	340	2606.04123098214
492	340	2490.58906521638
494	340	2484.24175919725
496	340	2362.80128301177
498	340	2379.34792172284
500	340	2259.4441412119
502	340	2200.22562581314
504	340	2141.42535478893
506	340	2166.6842469482
508	340	2002.78660372017
510	340	1954.56852132914
512	340	1898.81149141819
514	340	1815.05612687053
516	340	1763.63708361553
518	340	1742.14062234519
520	340	1666.13575365109
522	340	1615.94250469577
524	340	1577.67212281745
526	340	1519.70727677529
528	340	1449.02038197012
530	340	1437.06767388142
532	340	1387.99968158398
534	340	1358.98914541318
536	340	1297.35436884404
538	340	1230.34141313452
540	340	1188.21112328989
542	340	1181.24250948182
544	340	1133.26307446733
546	340	1078.36803595891
548	340	1086.8151166216
550	340	1013.34227468002
552	340	990.243149088771
554	340	946.880744784863
556	340	944.7798919213
558	340	865.092049966133
560	340	853.755406038046
300	350	95.1591447150804
302	350	92.0969423685221
304	350	101.992390463897
306	350	105.709398469289
308	350	117.330518073797
310	350	114.308236467788
312	350	135.07894258468
314	350	126.486163009405
316	350	128.313702104742
318	350	136.793953949689
320	350	148.722869101403
322	350	157.95981849056
324	350	161.296382213861
326	350	171.565007886086
328	350	211.443814776915
330	350	218.330295440973
332	350	250.617361603377
334	350	327.608967016015
336	350	427.765503176357
338	350	600.772662211003
340	350	1664.65000851532
342	350	20912.2196359836
344	350	101276.063508519
346	350	246497.602054407
348	350	395560.802299322
350	350	468960.331633833
352	350	415842.768450491
354	350	267717.553313724
356	350	108443.574838787
358	350	25294.0982692502
360	350	3312.86595114794
362	350	1789.78732863697
364	350	1425.46250721552
366	350	1340.62014044567
368	350	1324.55410979932
370	350	1354.72161943323
372	350	1381.04668239446
374	350	1366.1133908089
376	350	1374.29334824477
378	350	1372.72421210439
380	350	1430.97526198996
382	350	1491.50128832676
384	350	1700.75688434453
386	350	2482.92834755738
388	350	4454.26016956582
390	350	8226.79241028801
392	350	13836.1379942749
394	350	19820.3050265474
396	350	23838.2926002619
398	350	24323.1298824825
400	350	20613.0741187427
402	350	15227.6747570615
404	350	9698.23793144718
406	350	5794.66275938763
408	350	3705.46768562373
410	350	3067.40119577283
412	350	2839.74951672816
414	350	2683.82187637498
416	350	2725.18181720081
418	350	2774.14756472943
420	350	2802.13558212536
422	350	2859.27915643476
424	350	2961.65212133329
426	350	3059.02260155522
428	350	3032.562525123
430	350	3197.59437638387
432	350	3169.74531881078
434	350	3273.6257803108
436	350	3213.54363155948
438	350	3339.98289162862
440	350	3411.08587075564
442	350	3395.09926964422
444	350	3428.94363110915
446	350	3440.87238702079
448	350	3446.68180939671
450	350	3490.02076100126
452	350	3463.18591510322
454	350	3524.02057089513
456	350	3450.36667852632
458	350	3418.24374734694
460	350	3341.5182464272
462	350	3362.04038316992
464	350	3282.8151658322
466	350	3297.08243248957
468	350	3186.97710171534
470	350	3206.95795282097
472	350	3026.32210008457
474	350	3071.91037505159
476	350	3020.7745763772
478	350	2946.37010672983
480	350	2844.85098708212
482	350	2841.54658740653
484	350	2745.1919562063
486	350	2622.25792585231
488	350	2654.99391314114
490	350	2563.06689914044
492	350	2504.5067427085
494	350	2412.68853937277
496	350	2324.24792778613
498	350	2339.40193939474
500	350	2267.40970490309
502	350	2165.62359676814
504	350	2131.05350074976
506	350	2024.1849070129
508	350	1970.20153038883
510	350	1938.80907879167
512	350	1927.41086532991
514	350	1839.64354124317
516	350	1786.21207129311
518	350	1738.50402974729
520	350	1664.29449014263
522	350	1616.84856379206
524	350	1520.54389466435
526	350	1507.25290437193
528	350	1398.55455689927
530	350	1377.55026478021
532	350	1305.72131454149
534	350	1283.40291153855
536	350	1219.62544577269
538	350	1157.66833630998
540	350	1170.79167564918
542	350	1102.15092849721
544	350	1018.29331448019
546	350	1018.92734417052
548	350	993.201485761918
550	350	913.045363997784
552	350	887.814376317555
554	350	853.159975685863
556	350	833.946136151782
558	350	778.868642235878
560	350	778.106909462741
300	360	73.0550039469539
302	360	86.6299611667022
304	360	98.4666529260216
306	360	91.138623972078
308	360	94.9242480550261
310	360	100.182058882166
312	360	110.228943487154
314	360	107.500280392948
316	360	95.6291406526954
318	360	110.645824140234
320	360	121.086286000311
322	360	120.380067233916
324	360	125.273579493645
326	360	139.485994408892
328	360	152.227477113444
330	360	138.104432924433
332	360	157.586003571682
334	360	165.279367533322
336	360	197.640107580248
338	360	193.007318247087
340	360	234.458293358642
342	360	282.525047801273
344	360	319.318847419007
346	360	407.720444348
348	360	632.108180528458
350	360	1986.68803753584
352	360	23085.5034386858
354	360	104990.429076255
356	360	271518.382451656
358	360	435680.958787353
360	360	502561.124940086
362	360	438317.819580383
364	360	274559.278727976
366	360	109889.137215196
368	360	25746.9954261234
370	360	3167.5331536073
372	360	1870.77545329399
374	360	1570.47158946746
376	360	1371.47194900118
378	360	1350.24262051026
380	360	1397.92264098748
382	360	1362.96628482748
384	360	1407.08576459034
386	360	1432.64789779259
388	360	1424.9699104648
390	360	1429.52166826718
392	360	1473.07106737846
394	360	1524.33827399571
396	360	1652.96763553308
398	360	2207.86493293231
400	360	3540.6651788112
402	360	6471.67223510397
404	360	11046.5336210384
406	360	16478.4172559495
408	360	20860.1354801846
410	360	22525.9771446971
412	360	20966.3850521435
414	360	16414.3384853707
416	360	11115.2685829705
418	360	6997.96568531317
420	360	4541.05774792248
422	360	3433.48245488887
424	360	2963.83029836019
426	360	2907.86314029163
428	360	2893.26551999847
430	360	2894.89138404503
432	360	2957.19837656617
434	360	2955.62240484413
436	360	3066.6458083747
438	360	3028.71262781555
440	360	3139.89494393347
442	360	3100.8170956491
444	360	3159.68930301419
446	360	3213.88638759432
448	360	3252.03483744105
450	360	3284.42331192419
452	360	3284.05738037364
454	360	3327.41077463286
456	360	3288.09108483401
458	360	3312.95312004578
460	360	3306.79914712542
462	360	3241.79868497277
464	360	3246.02770382005
466	360	3237.11466067232
468	360	3218.30329852476
470	360	3156.6460081716
472	360	3073.216755854
474	360	3023.07976084404
476	360	2941.20059368425
478	360	2889.63317191031
480	360	2863.53284087174
482	360	2814.32500098546
484	360	2803.29164314005
486	360	2754.91759801894
488	360	2653.74812133125
490	360	2612.70850039643
492	360	2607.11125769578
494	360	2551.10465946087
496	360	2521.98769276656
498	360	2369.86941529021
500	360	2363.95177742826
502	360	2302.12038460167
504	360	2264.59968382735
506	360	2183.78867729697
508	360	2148.43101358933
510	360	2047.11270743246
512	360	1974.70980929665
514	360	1897.21373039312
516	360	1902.48700510288
518	360	1741.17727061626
520	360	1718.20710814083
522	360	1704.79973311781
524	360	1617.21838625504
526	360	1567.34215609359
528	360	1562.92614742014
530	360	1492.99227362569
532	360	1431.83051554236
534	360	1381.11499422223
536	360	1365.11844186588
538	360	1270.39580896041
540	360	1243.06299337657
542	360	1194.9064997775
544	360	1199.80602918427
546	360	1111.13369933662
548	360	1035.86102448983
550	360	1033.35029288395
552	360	985.027449545259
554	360	933.04249620789
556	360	925.174382929916
558	360	886.309660775201
560	360	827.000605746261
300	370	74.3961785347244
302	370	77.4359410300554
304	370	75.0686864851432
306	370	81.1876624402683
308	370	82.9121400862649
310	370	87.3365100115954
312	370	89.0386133897506
314	370	88.9827514232401
316	370	86.3745372584672
318	370	94.7713317053113
320	370	92.7717096646359
322	370	111.0986407048
324	370	97.4627336002979
326	370	100.246664266108
328	370	108.348294453744
330	370	104.97766966177
332	370	128.483042219347
334	370	148.861520029293
336	370	138.747083352725
338	370	134.309126586364
340	370	147.920613615059
342	370	162.549154646296
344	370	176.350285873491
346	370	194.910084255628
348	370	201.161106746361
350	370	241.875420896011
352	370	272.393104227034
354	370	336.815611421583
356	370	445.619095785141
358	370	695.560954885395
360	370	2372.40973396304
362	370	27016.7043932759
364	370	116288.773462295
366	370	284323.059305969
368	370	449908.156463707
370	370	506100.169097123
372	370	437286.64420205
374	370	273556.380189514
376	370	107039.559656913
378	370	25446.8963999747
380	370	3389.75800283613
382	370	1930.73473524907
384	370	1459.752647507
386	370	1230.16618573568
388	370	1216.56043780513
390	370	1236.00472998567
392	370	1280.80847058939
394	370	1289.90917519868
396	370	1319.13101293997
398	370	1319.98380182705
400	370	1284.12577350855
402	370	1373.41915453054
404	370	1398.11131451851
406	370	1444.14714042619
408	370	1520.45696427938
410	370	1916.75758755945
412	370	2850.7796781845
414	370	4952.91170740973
416	370	8259.38428663213
418	370	12776.7989611438
420	370	16975.173353003
422	370	19743.4382838925
424	370	19269.4682975502
426	370	16601.7745747311
428	370	12297.9800148852
430	370	8109.21838112356
432	370	5369.7577155752
434	370	3704.96377702905
436	370	3172.93820657404
438	370	2972.24747817903
440	370	2883.23651238004
442	370	2813.55736197404
444	370	2898.93406866944
446	370	2841.46221264372
448	370	2853.17932697452
450	370	2880.06822400148
452	370	2906.99268894745
454	370	2971.51076994129
456	370	2946.06508379085
458	370	2874.73964821941
460	370	2974.26346717291
462	370	2933.40185535724
464	370	3002.97288432476
466	370	2883.61477652919
468	370	2943.5878099108
470	370	2969.25311088257
472	370	2806.26700883891
474	370	2862.39680912526
476	370	2797.90727513916
478	370	2770.38317145516
480	370	2742.79954112232
482	370	2643.48464017961
484	370	2570.81967141642
486	370	2600.29729540941
488	370	2607.10922016591
490	370	2524.23081527344
492	370	2546.45822630599
494	370	2409.43772000309
496	370	2404.15255464935
498	370	2383.74473654048
500	370	2316.16759984963
502	370	2256.39679013468
504	370	2248.50184574592
506	370	2179.95816540813
508	370	2126.05086674269
510	370	2047.3513543177
512	370	1961.66778934276
514	370	1958.59896660244
516	370	1862.68469015608
518	370	1856.60285777997
520	370	1797.18331219033
522	370	1666.18708877138
524	370	1675.66868155318
526	370	1630.85703110717
528	370	1576.56564049546
530	370	1536.05737787957
532	370	1455.03620418847
534	370	1438.29283370411
536	370	1415.25552395622
538	370	1355.05982243746
540	370	1283.49866475937
542	370	1285.20276835311
544	370	1190.67072834889
546	370	1174.33108128639
548	370	1097.62900826796
550	370	1044.91636639309
552	370	1070.71838383755
554	370	1007.81574135272
556	370	996.776666042684
558	370	928.405171308486
560	370	909.962452284401
300	380	67.4268562858805
302	380	67.151263692151
304	380	56.2496877547843
306	380	71.7118912165028
308	380	74.0984758351038
310	380	74.422017333743
312	380	76.561109345241
314	380	73.1931595115365
316	380	84.6870186136821
318	380	79.511317401745
320	380	80.1096115007137
322	380	89.7993970688134
324	380	91.9437592508111
326	380	85.9007309082321
328	380	81.9705538219585
330	380	93.4641890374965
332	380	92.2417186864661
334	380	97.352367960022
336	380	102.517567647281
338	380	94.64239656619
340	380	119.457009732491
342	380	106.445232278536
344	380	133.935130923615
346	380	123.060215972346
348	380	125.193744192176
350	380	143.678186906474
352	380	148.516471953306
354	380	176.648991455804
356	380	172.989524594109
358	380	173.281536643783
360	380	222.312755242833
362	380	240.431600669982
364	380	305.757358003079
366	380	442.49738120307
368	380	650.73116554844
370	380	2130.96795055311
372	380	24153.0531020521
374	380	105410.483539017
376	380	257206.394021776
378	380	410553.296595853
380	380	465964.087569371
382	380	415586.916643662
384	380	262811.732478571
386	380	111395.358650547
388	380	26551.5165601903
390	380	3390.48454389575
392	380	1584.85958532956
394	380	1287.73505160142
396	380	1126.24343248198
398	380	1013.9403482504
400	380	1017.7705675339
402	380	1055.67163450754
404	380	1131.26828855756
406	380	1131.3688887819
408	380	1127.90161721756
410	380	1132.50205952203
412	380	1159.54267283912
414	380	1189.65672471172
416	380	1232.15579688785
418	380	1312.33880993748
420	380	1367.57897659833
422	380	1559.35578641063
424	380	2041.70463368557
426	380	3196.69516343727
428	380	5224.79702015579
430	380	8157.36600877466
432	380	11581.087840212
434	380	14208.374073522
436	380	15308.3378560959
438	380	14687.6207259466
440	380	12039.2061338751
442	380	8698.86308901393
444	380	5959.06445920883
446	380	4020.22590132018
448	380	2997.04685736683
450	380	2625.98237360098
452	380	2455.29856264338
454	380	2504.5363411664
456	380	2384.03549072472
458	380	2390.2000594295
460	380	2402.85337406135
462	380	2405.34869001803
464	380	2366.64188901993
466	380	2410.96437099078
468	380	2470.28071216498
470	380	2403.65904061393
472	380	2366.30455304817
474	380	2356.97935436831
476	380	2324.58545343649
478	380	2251.21393606602
480	380	2298.63314280642
482	380	2243.30249492721
484	380	2234.26091988638
486	380	2215.9975346676
488	380	2183.30684354053
490	380	2142.39706353957
492	380	2165.14273343239
494	380	2066.41813307045
496	380	2106.6184092333
498	380	2073.58228414971
500	380	2026.98094811098
502	380	1988.87853234909
504	380	1932.92161754176
506	380	1927.45017770891
508	380	1865.02596287128
510	380	1843.09432989606
512	380	1784.03470414087
514	380	1741.6103672164
516	380	1711.78784510604
518	380	1629.58203756213
520	380	1639.01062971416
522	380	1592.78270842915
524	380	1504.98820476395
526	380	1499.82462050279
528	380	1486.21368446641
530	380	1387.07920445509
532	380	1407.10941081463
534	380	1299.52871000756
536	380	1315.2279213978
538	380	1239.86855867808
540	380	1232.37121229325
542	380	1175.2619753124
544	380	1167.20558836253
546	380	1120.29993986372
548	380	1073.20558012489
550	380	1071.84529702192
552	380	1011.20164020333
554	380	973.837253327384
556	380	965.740123117256
558	380	918.312204763981
560	380	886.182898805226
300	390	53.3622523272478
302	390	60.0505842864608
304	390	58.1448055302222
306	390	55.7600754594276
308	390	57.9197427733125
310	390	54.4092571910321
312	390	54.7262573404163
314	390	67.7907666455981
316	390	58.1292522716104
318	390	62.4514897758411
320	390	67.498741589168
322	390	66.7093419991746
324	390	75.8139686599762
326	390	68.5717446728092
328	390	60.0333775920901
330	390	65.1605924963629
332	390	74.7125005500991
334	390	78.7404084579352
336	390	71.8118890429608
338	390	69.6512971787639
340	390	81.9199605096352
342	390	74.1980641718774
344	390	92.053944677619
346	390	75.511985566429
348	390	91.0062638060172
350	390	100.864798042431
352	390	106.220088904649
354	390	106.465651178251
356	390	100.346088867157
358	390	109.718800605365
360	390	115.579861661687
362	390	126.268487423799
364	390	150.098666035299
366	390	153.193324063177
368	390	166.296765990507
370	390	180.20277762303
372	390	216.764036565401
374	390	252.948620907109
376	390	329.663589025885
378	390	510.349092686863
380	390	1447.16101082911
382	390	18354.621655855
384	390	84142.9364449522
386	390	216642.824267282
388	390	353241.749359289
390	390	416517.498835701
392	390	376092.83731879
394	390	245609.678999478
396	390	100956.555975126
398	390	24479.8014237287
400	390	3046.43316817722
402	390	1419.73824582039
404	390	1086.77147773584
406	390	963.692099026516
408	390	859.593961716973
410	390	913.799994526785
412	390	910.238057258187
414	390	919.134429298288
416	390	981.508765311693
418	390	1006.64666827207
420	390	1024.71947115599
422	390	1019.4301587553
424	390	1061.3146635311
426	390	1081.13730996414
428	390	1146.77475448727
430	390	1176.11000403643
432	390	1235.88283103961
434	390	1368.65150016767
436	390	1560.95011799621
438	390	2115.17618924443
440	390	3220.75631857462
442	390	5018.25990828278
444	390	7142.5124590823
446	390	9579.88863121225
448	390	11254.6506396849
450	390	11692.653037297
452	390	10758.5796997533
454	390	8592.28270338268
456	390	6109.87148570242
458	390	4268.40181594346
460	390	2964.82635146341
462	390	2370.74421656254
464	390	2142.24959695975
466	390	2086.24389740612
468	390	2084.69661813888
470	390	1976.05957106219
472	390	2001.48271262242
474	390	1924.79156117985
476	390	1904.11035751379
478	390	1852.26976731708
480	390	1883.14775586646
482	390	1868.87551714341
484	390	1847.79781979331
486	390	1851.99447006689
488	390	1836.55059490082
490	390	1790.36718936803
492	390	1828.53498374504
494	390	1792.85932723996
496	390	1771.6580585828
498	390	1768.27231056528
500	390	1739.01587131711
502	390	1682.12769898798
504	390	1671.02602544943
506	390	1650.90270455166
508	390	1629.86635145494
510	390	1602.15796009591
512	390	1603.34640493272
514	390	1560.64327183372
516	390	1516.86223365437
518	390	1519.94741501488
520	390	1491.35002110513
522	390	1417.2509092398
524	390	1407.24251611178
526	390	1378.01614710395
528	390	1354.56687762396
530	390	1324.22163243921
532	390	1320.64362530662
534	390	1237.41853653859
536	390	1218.17962221655
538	390	1209.6004510193
540	390	1157.86090704384
542	390	1131.73069999737
544	390	1109.82575210335
546	390	1093.46083762968
548	390	1036.58519994859
550	390	1039.47948619324
552	390	967.320133634671
554	390	971.475535624303
556	390	928.563946955241
558	390	900.556295453257
560	390	894.957034702943
300	400	48.0487341283379
302	400	46.1017056002482
304	400	48.280029821842
306	400	47.3181297413375
308	400	50.4023996209749
310	400	49.9197894549326
312	400	48.4921144975802
314	400	46.8374654860642
316	400	49.1869875114702
318	400	51.5707965578002
320	400	49.9101896896414
322	400	42.0647104865276
324	400	50.4039065771113
326	400	59.4541635956125
328	400	57.0603426352368
330	400	64.9008358525275
332	400	54.0015751860581
334	400	57.3048536843178
336	400	58.9502227878057
338	400	59.9394934147199
340	400	63.4559413203085
342	400	66.8274609277566
344	400	63.4972332668416
346	400	64.2113789285558
348	400	65.1425159589238
350	400	58.2620591807577
352	400	72.5272503453816
354	400	76.3019693493684
356	400	87.4982632634502
358	400	76.0622839954138
360	400	89.1834999518022
362	400	91.7852698185765
364	400	84.2320337057437
366	400	85.6081190245919
368	400	96.0584842872388
370	400	100.125062094248
372	400	102.770204582175
374	400	114.410766122922
376	400	122.026109644027
378	400	135.314421661517
380	400	149.5755266587
382	400	179.552858675162
384	400	220.160958414713
386	400	285.643382709554
388	400	459.445302009864
390	400	1219.82755893178
392	400	16694.2260541954
394	400	80140.5470631303
396	400	202818.54256544
398	400	327783.513678845
400	400	375277.681982825
402	400	320378.692235787
404	400	201778.281004416
406	400	82033.140963406
408	400	18602.2033494746
410	400	2286.64197687785
412	400	1173.79595724851
414	400	920.616533753005
416	400	845.753646018262
418	400	775.099973794983
420	400	734.520456879178
422	400	786.649416283496
424	400	820.582261688135
426	400	861.007856756414
428	400	912.658575126083
430	400	928.858410413491
432	400	897.071101797269
434	400	945.075467551286
436	400	1007.07966251729
438	400	1029.69466901575
440	400	1073.94396554452
442	400	1106.41531198993
444	400	1111.91264612897
446	400	1193.22970881566
448	400	1301.8781744111
450	400	1645.35425479937
452	400	2200.9711200791
454	400	3180.91970305191
456	400	4706.69398479237
458	400	6495.65397780258
460	400	8124.87776666241
462	400	8938.06592621997
464	400	8808.66383782635
466	400	7660.51710858074
468	400	6031.91149902918
470	400	4317.94294766146
472	400	3043.28290939814
474	400	2254.82426367107
476	400	1886.24047415679
478	400	1771.85149021218
480	400	1712.28900577728
482	400	1654.432017403
484	400	1615.4584145649
486	400	1598.69131222501
488	400	1587.60362301691
490	400	1585.89518006562
492	400	1561.88064169444
494	400	1538.04442828805
496	400	1522.56485041949
498	400	1529.43677915445
500	400	1514.20411479204
502	400	1503.66932061204
504	400	1500.8028536892
506	400	1431.58098678292
508	400	1447.95391563931
510	400	1448.48073523325
512	400	1431.54830011288
514	400	1392.61507659743
516	400	1412.50166792413
518	400	1357.23764288956
520	400	1346.97024499094
522	400	1352.3511274641
524	400	1313.55144567408
526	400	1331.83112499461
528	400	1292.9559067296
530	400	1281.38671702083
532	400	1247.06347227453
534	400	1247.19164649063
536	400	1243.6979730885
538	400	1184.92792586687
540	400	1153.36481412627
542	400	1161.37704176846
544	400	1149.73506134155
546	400	1142.36265177107
548	400	1066.40632876166
550	400	1074.78834476721
552	400	1060.84004635937
554	400	1035.29324432987
556	400	992.420382054016
558	400	986.528090942776
560	400	945.029227926361
300	410	50.6507003031367
302	410	47.9025413362506
304	410	52.6683465702341
306	410	39.4998894910538
308	410	45.6377826813602
310	410	57.0037206916159
312	410	49.7154774488073
314	410	57.2164731992567
316	410	47.8906323112347
318	410	54.256439972972
320	410	56.5192412296316
322	410	48.1243494828455
324	410	48.5724409627435
326	410	44.0410625487431
328	410	52.2156208163831
330	410	49.721966319553
332	410	51.7825543901917
334	410	49.9548564836528
336	410	42.2513635896725
338	410	51.086541223393
340	410	54.9772486580919
342	410	63.3481570477669
344	410	51.0837762643878
346	410	56.0718107873361
348	410	58.5581756267819
350	410	56.0839833601994
352	410	55.3952100437961
354	410	52.879667254708
356	410	62.6817836380124
358	410	62.1984439557566
360	410	61.3098449219411
362	410	63.1118378229559
364	410	71.4864888999622
366	410	67.6444882981813
368	410	70.4247642502189
370	410	76.7303618624631
372	410	81.9997146204455
374	410	82.6532853533822
376	410	82.612387378654
378	410	83.7814486721549
380	410	87.3966139790329
382	410	94.863981278878
384	410	96.7105700130227
386	410	102.403575426735
388	410	119.376695210813
390	410	142.290200818243
392	410	155.499921243472
394	410	197.18692823878
396	410	282.313232250788
398	410	429.300027270656
400	410	1041.7842339811
402	410	14076.0807098813
404	410	67595.5099103477
406	410	175701.191877299
408	410	285709.385168346
410	410	328820.353167659
412	410	277389.967513998
414	410	171727.015255119
416	410	68071.8890542087
418	410	14839.8683135524
420	410	1762.57068821791
422	410	1027.79629378375
424	410	824.930248015554
426	410	734.687640408298
428	410	690.977325398691
430	410	664.893783021906
432	410	685.370646603027
434	410	722.495268087418
436	410	743.634924666346
438	410	798.211417239741
440	410	823.607370912734
442	410	840.583837607079
444	410	883.485285874913
446	410	875.692709049412
448	410	920.392803175477
450	410	961.260116029842
452	410	1017.27427071318
454	410	1006.21668341201
456	410	1021.21532752539
458	410	1062.30872486171
460	410	1172.7837176691
462	410	1296.27851737798
464	410	1586.39811167421
466	410	2145.16380084615
468	410	3014.08166507067
470	410	4248.03349172831
472	410	5539.77967369438
474	410	6529.62276759166
476	410	6953.61534447749
478	410	6601.07873092932
480	410	5650.20525504439
482	410	4300.7694694501
484	410	3162.46619155775
486	410	2278.38491270755
488	410	1811.41245604532
490	410	1571.32321562955
492	410	1486.01848073238
494	410	1447.69082502127
496	410	1400.05223831044
498	410	1409.71413769399
500	410	1378.53958842459
502	410	1338.62800939508
504	410	1327.54059371087
506	410	1332.48735357736
508	410	1314.85931415722
510	410	1321.99874031777
512	410	1303.0266983326
514	410	1291.39214120491
516	410	1289.64694541373
518	410	1283.52715860685
520	410	1299.38589233073
522	410	1294.87808145335
524	410	1292.95407072893
526	410	1275.30379625042
528	410	1234.41658574341
530	410	1239.88850405448
532	410	1232.0962338695
534	410	1222.36332196178
536	410	1213.47292902591
538	410	1158.81503585928
540	410	1132.8220365496
542	410	1133.10486503893
544	410	1116.88783915102
546	410	1110.05146126587
548	410	1094.43047200237
550	410	1078.52387620399
552	410	1054.75995005215
554	410	1028.54622177637
556	410	1007.6997929001
558	410	999.489870453388
560	410	962.891190202987
300	420	42.2570336861742
302	420	43.8249924434526
304	420	35.7656533127399
306	420	37.505439250904
308	420	44.0549073069486
310	420	39.6897020292583
312	420	36.4075907173293
314	420	39.0538913078346
316	420	40.1096965527817
318	420	37.5190825709156
320	420	36.4830575376729
322	420	47.4995137371951
324	420	46.4244842355319
326	420	42.3439228525536
328	420	35.8161248042759
330	420	40.5640837424168
332	420	46.0303759152353
334	420	44.6902236460027
336	420	37.9706469273086
338	420	40.361022321081
340	420	49.4808104737246
342	420	49.0057507780345
344	420	49.259891108191
346	420	48.7842833965227
348	420	49.4673937595721
350	420	50.7666205431725
352	420	50.1126065102158
354	420	49.4412242724078
356	420	50.7422078795899
358	420	44.8991210194382
360	420	50.5380097272497
362	420	59.4298702071143
364	420	56.7900730513608
366	420	51.1758268823256
368	420	53.1501367586623
370	420	63.1471122242344
372	420	64.4319432361365
374	420	60.974502691203
376	420	58.3687459038727
378	420	77.8653625606751
380	420	75.2777917593662
382	420	76.3211402962239
384	420	71.7840304465276
386	420	80.7048850774001
388	420	69.8376658264558
390	420	83.534349896518
392	420	90.3048935482947
394	420	95.6581367508081
396	420	94.3605558636369
398	420	115.395783315705
400	420	129.024706364779
402	420	156.000068858654
404	420	173.05378860216
406	420	225.47019140442
408	420	373.774190500441
410	420	1113.82668676702
412	420	14424.5548391889
414	420	64807.0683484408
416	420	170158.217006122
418	420	267508.404432845
420	420	305526.793113716
422	420	261556.653809688
424	420	154219.847489304
426	420	57833.9701806368
428	420	11978.8006222881
430	420	1508.80838856479
432	420	924.708564580444
434	420	743.193301710037
436	420	695.243444214411
438	420	645.1369246551
440	420	613.854927502179
442	420	634.432961952233
444	420	634.196740469255
446	420	679.102076284067
448	420	728.439036377678
450	420	766.088791772346
452	420	800.848603153897
454	420	777.285877164968
456	420	821.027152471268
458	420	846.12681783109
460	420	888.57442526552
462	420	905.418576511565
464	420	914.597370168582
466	420	941.331420609109
468	420	951.39089146684
470	420	964.593479558298
472	420	1032.43178437787
474	420	1053.38012137663
476	420	1195.2099644326
478	420	1539.13078025236
480	420	2067.76653360293
482	420	2823.17277840138
484	420	3712.49104627397
486	420	4567.27255593965
488	420	5200.61556718569
490	420	5328.23982232175
492	420	5059.55824536732
494	420	4293.00765002825
496	420	3344.00108238814
498	420	2466.14108510995
500	420	1854.97009822366
502	420	1547.5450810765
504	420	1367.68584031683
506	420	1286.49524519418
508	420	1280.66456546049
510	420	1249.08011472294
512	420	1284.78136289814
514	420	1253.00271957059
516	420	1233.04021998009
518	420	1218.81548849419
520	420	1246.34610410966
522	420	1247.41247959642
524	420	1246.52267909367
526	420	1212.74930657716
528	420	1213.30329956854
530	420	1226.99186738004
532	420	1230.97061270509
534	420	1240.76702207464
536	420	1194.92213563172
538	420	1187.48355245652
540	420	1216.66414849703
542	420	1181.11287839755
544	420	1183.98991271119
546	420	1168.21647361838
548	420	1172.66582048168
550	420	1092.10711661941
552	420	1102.02499476775
554	420	1091.69707661828
556	420	1072.15171541435
558	420	1021.55007880889
560	420	1001.6298680501
300	430	33.651696705239
302	430	34.312926137887
304	430	34.3269870914316
306	430	36.5122389466695
308	430	37.7993027414289
310	430	36.2870859206274
312	430	39.3389138989427
314	430	39.7753830207117
316	430	31.0303718185572
318	430	41.9666347931009
320	430	42.1716526149701
322	430	35.0003547411846
324	430	41.5435441988295
326	430	38.2624480316693
328	430	39.5628907123861
330	430	39.3155660997126
332	430	44.3673642081507
334	430	45.2397883079566
336	430	40.8611620424958
338	430	41.3530872582661
340	430	37.8406056192878
342	430	39.3504665483913
344	430	40.6726056773616
346	430	37.7964669110102
348	430	44.3357981658703
350	430	43.486709936613
352	430	44.0940792105707
354	430	44.319690123597
356	430	40.4199568801584
358	430	45.653939562497
360	430	52.2128765247707
362	430	55.2524300990017
364	430	50.8721580464371
366	430	46.5410455002983
368	430	46.7813783949888
370	430	53.7504182607539
372	430	52.9135605669044
374	430	55.4864777085254
376	430	60.4995512918547
378	430	56.1398557293661
380	430	54.6100498547318
382	430	59.6663617523356
384	430	66.2114301253261
386	430	63.3270188339362
388	430	72.096623203313
390	430	65.9908131260916
392	430	67.9626350422003
394	430	69.0615937784846
396	430	70.5500131387928
398	430	81.2932782747351
400	430	88.4558451513257
402	430	80.3855151211083
404	430	92.207654599614
406	430	99.175401694621
408	430	100.890668780698
410	430	121.490347935053
412	430	138.282127252706
414	430	173.055636561376
416	430	247.330840771433
418	430	358.411734534662
420	430	1023.4068494509
422	430	12877.7529759013
424	430	61425.9494889679
426	430	154884.725014929
428	430	247617.813566586
430	430	281070.085302691
432	430	240992.449879958
434	430	156849.338248223
436	430	66345.766336893
438	430	17118.9836584839
440	430	1758.15759751173
442	430	859.31361987772
444	430	694.270286548324
446	430	615.410369728475
448	430	566.464034963824
450	430	565.648825074473
452	430	564.770570196859
454	430	585.112012493898
456	430	619.190561127935
458	430	658.785441136686
460	430	674.46727720405
462	430	717.712599557448
464	430	722.404253136133
466	430	740.93228987263
468	430	748.044385659086
470	430	743.993101527836
472	430	787.816861782795
474	430	811.660562436431
476	430	799.862521889119
478	430	831.903574994337
480	430	808.554557071064
482	430	838.906466513123
484	430	829.96282772747
486	430	884.433221350861
488	430	976.84996631967
490	430	1120.30248052584
492	430	1363.23146788558
494	430	1809.84126933532
496	430	2370.37388058832
498	430	2997.73587663172
500	430	3651.63705435835
502	430	4081.21764314548
504	430	4203.62515475511
506	430	3973.12717222143
508	430	3383.81213221601
510	430	2727.72348558003
512	430	2064.94287312909
514	430	1573.89207562972
516	430	1351.80263352241
518	430	1237.5686933772
520	430	1192.52601551996
522	430	1194.56277068064
524	430	1183.15395785245
526	430	1211.85945522266
528	430	1163.58925441201
530	430	1171.35629898506
532	430	1165.4034416295
534	430	1176.22617593099
536	430	1161.08060137518
538	430	1164.73594250093
540	430	1166.37141562585
542	430	1158.75860858486
544	430	1183.51925749194
546	430	1151.16242506759
548	430	1144.69691596285
550	430	1108.50776244052
552	430	1111.34329283916
554	430	1066.44456942223
556	430	1051.91930569597
558	430	1040.21508967162
560	430	1048.01060491322
300	440	34.0172023681515
302	440	31.9434581691989
304	440	30.674348986824
306	440	33.8231436993365
308	440	33.8243503489948
310	440	33.1671648247487
312	440	36.513683541617
314	440	32.142865625549
316	440	31.5184463102567
318	440	38.8276508317669
320	440	36.3379267637047
322	440	31.721615613814
324	440	38.823977053807
326	440	33.1826674845253
328	440	30.6713134843164
330	440	37.3598211940746
332	440	32.3587403250657
334	440	29.6392021135642
336	440	41.7281451780969
338	440	40.0798503208837
340	440	39.8497051911303
342	440	37.1462411953436
344	440	38.4223444219202
346	440	33.4050918894985
348	440	37.9790298332049
350	440	40.0843219841901
352	440	39.2240098439692
354	440	37.7720722988265
356	440	42.5792023757546
358	440	43.8347065223305
360	440	43.6298119699709
362	440	42.3899354895257
364	440	41.7462358055086
366	440	40.7131219035175
368	440	44.060192903947
370	440	46.5383816532671
372	440	39.4580734992402
374	440	41.112964041788
376	440	48.6407448165542
378	440	50.0945663014491
380	440	47.3668034455316
382	440	49.8880732669387
384	440	43.6304878634438
386	440	49.4717623462575
388	440	47.6041814200603
390	440	48.001523162733
392	440	49.0485706715718
394	440	52.1921041289917
396	440	56.3589415228698
398	440	63.4262062373819
400	440	58.4697338812113
402	440	66.7752411738826
404	440	66.7952070636802
406	440	69.1395710678654
408	440	65.7637654079252
410	440	70.130072410902
412	440	81.1919116848805
414	440	73.2768502826442
416	440	76.1857318806406
418	440	83.9246339007907
420	440	113.743400431508
422	440	122.94476478919
424	440	153.20505823546
426	440	211.01724473443
428	440	323.191203618282
430	440	853.62443664288
432	440	10689.2316117056
434	440	52387.7912051593
436	440	140026.899667761
438	440	231009.535237779
440	440	271380.624921195
442	440	228792.38249441
444	440	140014.865348082
446	440	55000.9962228486
448	440	13126.7380111103
450	440	1620.19566623252
452	440	735.527098438289
454	440	604.519349655546
456	440	542.069103810731
458	440	524.711330980887
460	440	477.340466998478
462	440	491.376250517134
464	440	500.688181145954
466	440	526.946527662252
468	440	539.001796851283
470	440	573.226020060639
472	440	613.402923200243
474	440	627.79549510788
476	440	621.530962418872
478	440	603.82481651172
480	440	612.948202377035
482	440	651.187651300032
484	440	643.770249849952
486	440	677.72551796437
488	440	682.316465506116
490	440	681.155998045329
492	440	702.738739919122
494	440	715.244732649192
496	440	731.391287321239
498	440	752.252087833314
500	440	778.465360154302
502	440	847.981480170619
504	440	1003.47068698326
506	440	1163.8289598882
508	440	1561.50165891732
510	440	2004.04205144207
512	440	2509.74346319999
514	440	2965.14544561188
516	440	3241.06812379047
518	440	3280.09288053337
520	440	3125.98116369352
522	440	2672.14871836854
524	440	2150.80623378798
526	440	1712.562764716
528	440	1355.92053963526
530	440	1165.68782319408
532	440	1085.39041337632
534	440	1046.81397762358
536	440	1037.76208671519
538	440	1033.9814828816
540	440	1038.59172006798
542	440	1026.30992819366
544	440	1001.28395029972
546	440	962.123304421987
548	440	986.960175519181
550	440	963.927500088245
552	440	947.87442573645
554	440	948.230139856413
556	440	924.475051028104
558	440	909.573090213298
560	440	908.875091908542
300	450	31.6476593726303
302	450	27.7018693096418
304	450	26.1951388481627
306	450	32.0253742427605
308	450	31.2443159561595
310	450	29.3504951227949
312	450	34.2456707196881
314	450	31.4361011328208
316	450	30.1090267436714
318	450	32.9628651785842
320	450	30.8601332861154
322	450	33.9089863603508
324	450	30.1372753292301
326	450	33.8895665271463
328	450	32.5807709111154
330	450	32.3992901841472
332	450	28.8021069007544
334	450	31.6518992287581
336	450	34.8611008815868
338	450	32.7616105281111
340	450	30.3262371519927
342	450	35.7820605748834
344	450	35.2038695768566
346	450	31.6707535311699
348	450	37.1151541222192
350	450	32.0208572092531
352	450	35.4112582085447
354	450	35.2245630041181
356	450	36.3562036453928
358	450	35.593054054725
360	450	35.4003332914793
362	450	36.3488003903664
364	450	34.8493697775322
366	450	31.0970537042083
368	450	37.6748563472412
370	450	38.4209850601536
372	450	35.9960975595643
374	450	34.464416494423
376	450	42.7573923890947
378	450	42.019397069457
380	450	37.1313562876001
382	450	36.7409812842788
384	450	37.3208783572966
386	450	39.0027219556096
388	450	41.2652052570902
390	450	39.969580545399
392	450	37.6637975586449
394	450	41.6539060867383
396	450	45.586036123474
398	450	43.7042323379328
400	450	48.0589874687468
402	450	45.4156141853706
404	450	58.2160209613423
406	450	45.7976214371141
408	450	52.2086967328707
410	450	53.7033943605295
412	450	57.6322573493813
414	450	51.5934368246169
416	450	53.8692065013912
418	450	58.9459575455302
420	450	64.0764023169926
422	450	58.608780430285
424	450	66.5011774849953
426	450	79.7240504627469
428	450	80.6115425002509
430	450	90.8141758594608
432	450	104.888584961906
434	450	135.8344504164
436	450	159.340411281834
438	450	263.986827657933
440	450	560.705072513939
442	450	7498.08685011514
444	450	37848.940683507
446	450	112640.490197002
448	450	199742.325164772
450	450	246441.837531052
452	450	213026.046830191
454	450	129765.08987504
456	450	48716.9569897751
458	450	10410.8810593571
460	450	1249.51831122213
462	450	644.770081060563
464	450	544.286680824871
466	450	505.80613508957
468	450	471.014950799431
470	450	438.190306343612
472	450	438.87082553568
474	450	423.688258024749
476	450	437.702136473659
478	450	474.754891863035
480	450	475.874203906352
482	450	492.867833320576
484	450	505.826363658956
486	450	519.929671878684
488	450	542.580246035562
490	450	530.689156885966
492	450	550.040399956585
494	450	553.36453385397
496	450	579.971627555934
498	450	584.567160059633
500	450	611.357056788005
502	450	615.779147141597
504	450	621.308084441385
506	450	662.173058520087
508	450	651.352928470649
510	450	704.11202903212
512	450	698.732962077252
514	450	756.712117069334
516	450	838.521239129613
518	450	945.099203812496
520	450	1109.27320265127
522	450	1384.00470871754
524	450	1740.24774602745
526	450	2118.40076765462
528	450	2394.53020704288
530	450	2588.39537975267
532	450	2677.39149600886
534	450	2531.3716141349
536	450	2160.85153946264
538	450	1818.19571618343
540	450	1470.45281176751
542	450	1211.98894358316
544	450	1040.57952665806
546	450	980.241142469336
548	450	960.306375347167
550	450	917.603029501998
552	450	921.069178044135
554	450	883.67466239366
556	450	876.426701263143
558	450	864.438681147936
560	450	827.615347714359
