Wavelength	240	250	260	270	280	290	300	310	320	330	340	350	360	370	380	390	400	410	420	430	440	450
nm	CPS / MicroAmps	CPS / MicroAmps	CPS / MicroAmps	CPS / MicroAmps	CPS / MicroAmps	CPS / MicroAmps	CPS / MicroAmps	CPS / MicroAmps	CPS / MicroAmps	CPS / MicroAmps	CPS / MicroAmps	CPS / MicroAmps	CPS / MicroAmps	CPS / MicroAmps	CPS / MicroAmps	CPS / MicroAmps	CPS / MicroAmps	CPS / MicroAmps	CPS / MicroAmps	CPS / MicroAmps	CPS / MicroAmps	CPS / MicroAmps
300	9505.79975880357	5759.62193796265	10730.3477148746	47954.3597689663	14334.6221836513	5867.05235773163	503936.689361758	2772.51230634407	323.735474024115	264.730713993004	167.235437833299	157.061075144329	131.599060763333	119.288725176076	105.313432116595	98.0129746033228	79.6658075599184	79.9441140195375	57.4938436843101	58.3794678811185	54.0944535883269	49.4101692076581
302	8733.81993337801	6650.49434638092	11331.2224079999	38589.6245770911	19235.8260385431	4359.72565166363	449631.175554432	31397.9835500303	395.42015737701	252.162706841433	169.641792198757	152.276083450431	133.946300623429	121.695117921033	108.434488458452	102.256469747622	76.5731342161088	74.2788059970667	67.4777534229075	63.1617750220159	62.2178837406566	44.4873372336037
304	9654.61670893147	6917.5084486925	11284.8255592225	28321.8595414147	27797.9003992873	4389.40101881581	288388.192411979	141865.516445663	456.609282190639	291.444021681243	194.958612584558	179.250020919138	164.35309379373	137.007761513398	122.306565621685	102.236081679359	83.0802478662463	86.7411344059136	62.0452245366245	54.2299692579744	52.6236066085217	47.1395256802672
306	11105.9154649243	7578.53246368473	12187.7815155243	22473.8561039189	38975.0984231579	4677.20057146865	118070.565869131	352979.012566849	572.902483951433	293.826315123527	217.533424447666	162.893334616865	144.421945023594	131.528436839915	117.744976744027	95.5754700623702	76.7932592282744	77.6824047155718	65.4987902321978	62.3269972565304	57.8438515138703	50.5332970857959
308	10943.6590842746	7983.11331149878	12469.6828681654	20300.0689977404	48743.6106972909	4994.29883986545	29365.6907247813	555010.989770889	895.868972441162	352.112065711623	225.679882558736	187.747572799982	150.081505675719	144.4489291583	108.075580793957	111.811323189833	85.3768871917112	76.309724414397	60.7607623888721	56.1547913000529	54.6909844220702	47.2958516106592
310	11610.3972032127	9039.24655725971	12649.9763318721	18937.0856625173	51842.6871795889	5729.69251654537	4568.64688337457	636929.215649077	3126.68861576471	401.760289983107	230.880880671993	186.756965878627	151.738494325624	150.907982492159	117.441755060329	99.3317740930409	92.7137244718446	77.7240123440496	60.5206301190101	61.0043215517813	52.8276887035664	46.7700720575384
312	11811.5617825237	9687.1117829093	12845.217840825	18505.3717142874	46958.9914822596	7265.82458199775	2949.83019507751	542775.452738561	34391.8198765912	454.974548100949	227.523500704935	192.89577893055	158.762557945496	159.309501776786	118.051406045834	108.638423151379	93.8960461198919	83.1659346810903	65.7875346080218	58.1499402152802	57.6379259398055	43.1596865530898
314	12024.5206751228	10222.3620789262	13303.362183859	18585.5666894794	36443.6975845087	11444.5541948389	2827.92638782539	343006.026529155	143706.951073688	522.727005292576	252.773122508531	210.980227377808	171.194427414641	143.430268492621	140.446135416021	92.1018676433039	83.4690811646691	72.933349185132	64.0215869899739	64.2100389615552	52.0210211766649	50.5323263510645
316	12277.3471956358	9855.2742018412	13414.1821784556	18052.8557003459	26160.1200807309	18988.6041275367	3006.07472517581	140792.839210705	346318.357670593	696.4247883652	291.951681294945	224.089827631016	185.541379186646	150.557901313275	120.855454967405	116.612120918741	88.4293694180851	90.6399496171734	69.6805691315637	63.59665107757	58.0608091424107	53.9447065239977
318	12454.6153349528	10568.222414356	13480.2779381691	18125.8310146196	19606.2711211976	28839.5330515073	3031.69557905584	34446.7569500807	546055.338408158	1033.62079160673	298.768824057451	226.228807891263	202.184864782212	165.003518645093	132.699612424108	114.511580438871	81.5473304914009	83.3933906428799	65.3448036740643	62.0493519662825	56.8182494575547	50.7074961719049
320	13363.4604479409	11061.0798610326	13522.3851383717	17499.2669549609	16661.7497975771	37849.3361505524	3283.85847257584	4450.9717636234	637808.628105378	3190.81138485986	371.741211178958	244.216179093319	223.187380914948	173.739878195545	140.493010161735	118.188043782113	93.0268646543714	86.3188189631973	65.9344985962211	69.9232034004185	52.6717295049402	53.556077437856
322	13490.8795451441	11338.0969200527	13456.4696280233	17303.753022265	15452.6975734628	40884.5310746291	3563.08591421544	2592.43032184741	561465.074761251	35429.7951751591	429.339132450052	264.19772674224	227.562605477097	173.602953269759	136.015875655651	122.842120866869	85.8627330473919	91.060013446806	65.2940783544139	70.3615516528399	64.7818136332083	50.1440346452828
324	13976.9300512869	11894.4377001242	13461.8284519855	17013.1989222081	15201.4288857316	36877.4220231054	4733.71209651296	2236.68019496197	363246.057435384	156405.766487417	549.573025472614	277.320603099876	233.001234389385	181.001209580705	139.884701745376	115.363640716848	95.592539249803	84.4840464329659	70.4867948788722	60.5576687261685	66.0309589124041	51.4442130616292
326	12771.558287534	11769.3773514628	13406.5438792306	15999.0834401578	14891.137146586	28150.9178277895	7903.36532528203	2121.08723787891	155462.614266328	387364.899591031	662.979260321844	300.456772035208	255.723073862118	180.885653086332	147.701826072497	115.27442921575	92.5534409582023	86.1040394707454	68.1064644281216	58.7661659373783	63.077235267784	47.8925125913396
328	13364.8379810483	12227.9011341661	13359.4692347341	15808.6908720177	14304.37710262	19220.4573530499	13985.5351576282	2091.5620206985	39927.8120463895	605993.348562604	950.748231356488	340.072590009082	272.898559603781	206.282677656296	144.087895088227	131.118045990108	104.625077320475	80.4433709673031	75.4738860889773	66.2147079523605	60.5301612743951	56.3326436474501
330	14079.7746877432	12007.9093244417	13173.3248153645	15053.8170793178	13960.862577927	12477.2953320138	22455.5466193938	2011.08521689329	4983.74475217376	704543.800416455	2647.52938982516	401.926054538302	276.598324040605	224.068485603832	146.486499049868	119.111009196528	95.6481742722517	80.8185226192247	69.8357230353905	69.9369781237487	60.7683529406491	53.1699960535442
332	14108.3037395507	11786.2990725244	12752.5383655064	14808.681626208	13305.2458434606	9442.40831724813	30501.0883176839	2027.40446820436	2262.32029689172	635617.016048555	31169.0066237298	460.871738253758	296.521261141099	230.116394609792	147.433266583484	115.078493082923	102.280933779541	92.1875526378097	61.1755285373755	76.6897148358678	63.265891966892	53.8962288423335
334	13410.2440714125	11801.0681269327	12843.196708511	14161.8425100457	13042.5941839448	8411.586477953	34105.1070063535	2179.36260475722	1914.10142033951	434413.334855557	142004.649031776	537.61881691263	323.655741029868	245.725618282828	170.753431705498	131.847510190073	90.5924627770248	87.6350727045526	73.9608728147847	69.9232012788644	64.502856040143	51.2598062812861
336	13639.3839122036	11522.5435880391	12643.1574435529	13991.3496137535	12720.5077467038	7963.58243278633	31739.588784795	3082.04255150573	1744.16670798727	195632.68191894	368724.704208817	677.799413334245	349.876884374193	266.601932788608	164.115375976917	133.783090512783	98.9055753527965	95.7922031374959	66.354824659572	74.3161758836693	56.1971757473524	48.6131748799395
338	13782.4797086446	11522.455686881	12385.9533311898	13082.6619220104	12257.1030934466	7779.46424931289	23800.3106209313	5717.44895254717	1659.0827660345	50467.1633082197	602336.840527318	1022.04976898318	401.186250263262	263.884911042305	186.146758123417	135.125198031544	95.8266364927042	94.5142902163655	72.8990499096841	77.5956669580832	73.3250746922566	52.7913342955888
340	12656.8162599908	11458.1342812733	12049.8376924311	12445.7212581935	11833.1399655059	7742.47960268092	15479.918293035	11314.5693714739	1718.25759333627	6156.79982808627	706798.565413497	2767.94494647366	433.400127238824	270.444082924168	190.525456434915	142.071018510261	104.556136648271	97.2076203520684	77.4192316756273	64.5059854641009	66.2176807522692	56.3675998409464
342	13116.086068502	11053.274385798	11722.5243293964	12103.6730594046	11287.0177339116	7349.15034901789	9126.05155027864	19152.8856894478	1675.20470456097	2444.33042525233	649848.384729809	35234.5353275958	536.568130896105	304.673203997647	195.573589686289	143.116952864491	108.937916265278	95.1581581650039	75.9236506030209	62.5594646656474	63.5388902835629	48.6341030462056
344	13185.8507342987	10586.4803184191	11020.6576764703	11412.837851804	10858.0509969108	7308.80679460554	5687.54485590568	27030.7077655176	1665.02839622825	2003.54446809968	453216.776106834	163430.836738334	643.114599921593	310.452910672729	207.091462095484	152.48373790545	107.743966906848	83.8509083152207	75.460375014661	75.4176887867194	60.5743971039862	54.8458559874277
346	12475.9418210042	10551.5536374268	10498.0733670099	11357.4780458602	10537.0993645736	7059.06322954719	4413.75431805797	31632.3237917787	1819.40367225782	1865.47215948263	202256.238891593	403704.690852513	866.283842412097	343.550371227652	235.202706946064	152.966259065281	107.015519582807	104.675433640636	78.7824457557269	74.1069560425246	69.9637308939268	48.6442076168052
348	12840.2378938559	11123.4884993093	10300.3227258508	10838.2947792184	10025.5382934318	6931.05991348543	4176.13835046658	29993.4302678412	2597.24258506931	1857.38384464052	51312.7295177018	630127.761908332	1322.08525592329	385.65422457515	217.72362024151	162.663370506297	107.292905118998	107.176306375092	78.3358712785876	78.0440266075431	62.4348006982776	52.7893823441661
350	12526.5364784133	9686.44807859901	10079.3305594587	10200.0676111628	9632.99879416645	6822.08828742641	4011.39145389862	23190.8233123533	4912.86915473504	1793.37997810017	5840.89326293276	714932.203489225	3785.09645409884	461.289893368879	241.247651024385	181.263679254782	115.133397138754	105.212778955799	82.46826506867	76.7296630737132	67.4307346225972	54.8650948970976
352	13402.9048929611	10079.4333761361	9805.60857814052	9819.29963412954	9382.84387454807	6757.47897251814	4107.55130383956	15006.3581387011	9631.78281303815	1893.45816864352	2430.29147839008	640817.45740843	47294.9021170983	522.55608279282	271.8602783394	201.7947589614	136.261866703876	100.421517395317	82.2334644295947	78.4657259748372	65.9894173767703	55.6170409085091
354	12408.0637531153	9991.70766054992	9530.38587420291	9440.79654524853	9254.77091341866	6657.45264307773	4104.64668075508	8665.49992487937	17299.2894584072	1838.11214840781	2017.92637708248	423958.679075399	221913.980543838	699.56688137146	284.778639765861	212.830077666422	136.152546471308	106.941493634988	89.4040641874624	75.80824406486	63.4760256291785	49.600351108628
356	12514.1037675938	9841.41053064617	9256.76197255229	9273.62797578936	8785.89035517268	6530.99299260631	4245.73961281228	5092.98533190268	25483.3759174791	1971.83383614652	1886.66918461419	176107.149588421	529031.669468269	891.009984231242	322.122718555258	200.743969518682	150.494497307346	114.45391249249	92.2054289957213	81.7358682738384	64.343610693005	51.6387288692095
358	11848.0271164193	9664.829912918	9161.01352731833	9103.40497063795	8615.48537731568	6459.26831336103	4156.66661012052	3791.11913311272	30582.038961441	2207.33529933401	1868.35220835144	42391.2490377764	769222.378112625	1404.77448653734	358.605621127056	211.031344909525	159.296340508786	122.35185041094	82.6728487251831	85.436789307491	68.0839182102072	50.5272142674053
360	13030.3664227023	9850.21710045801	9032.05167279603	8843.16618879797	8344.01300142264	6449.70546309828	4320.86751547129	3490.73056314134	30428.4730638961	2742.83807992349	1868.23971932566	4988.48125043442	844463.706809245	4561.63725905684	403.162245751407	218.14426972303	191.848263363656	124.093859233115	88.9520948806385	80.2084928828727	66.0415745832128	56.3667076593732
362	13051.493437616	9325.87398043147	8549.93486397103	8563.57393419682	8146.53816685259	6402.31648299536	4595.58433562067	3537.84387175536	25190.1980720838	4599.96968365834	1933.84564850499	2434.98393018671	761110.684463532	53853.2569038425	476.922996804833	237.822345221649	190.789007999714	114.312223913033	97.045706424467	79.1174064435146	65.3530771100024	53.5274271655663
364	12672.647166434	9737.8405563006	8716.67717063541	8454.98425461937	8183.58053545948	6541.69289497041	4802.3173717634	3657.48373359289	17106.596709716	8625.32916522994	1980.65152933441	2039.05397383942	516493.213411322	242230.204461352	604.46460227948	265.441257902529	191.671903825417	123.144124571441	99.7959044284117	78.0454267619379	67.0364420543987	51.8506216928751
366	13150.8414718269	9608.21634065978	8931.02055669292	8379.41812355248	8095.5624159508	6699.89383882707	4999.84268703861	3890.91042231007	10581.1230212241	15094.1202433381	2118.26581923282	1900.24191522099	224943.886237599	597122.641272876	801.247201700712	290.697368889596	192.248604707769	140.714007290219	101.33363210759	76.5086579154435	72.6723586213551	55.2486391673097
368	12935.675656345	10084.1771192868	8692.68210899481	8308.70032658098	8025.28663044485	6784.13613279617	5262.29585762169	4191.6156690143	6544.25479699946	22599.8067175623	2217.3924623398	1937.77356444917	52733.4865191691	869497.451223157	1252.22113277797	318.690315655082	195.736062171159	158.632757180794	104.856496375257	78.7667589800981	77.6952547793978	52.9877805231909
370	13537.4246235377	9317.91476793097	8611.4347609282	8347.08207873576	8118.9287847127	7032.91252074366	5717.38115453804	4567.42379599282	4768.42115446145	28420.087506456	2431.75049569482	2070.41045300026	5461.53408016362	942926.456146296	4130.98663011215	376.606491818226	208.403770931889	160.86980650384	120.214017983191	101.708481208948	77.2585285067218	59.1971074868358
372	13975.8251704912	9853.17232365685	8497.15854661989	8147.43130877389	7910.94068851084	7390.85167340844	6055.08718833975	4909.17335298065	4411.83969980352	30170.8555560344	2948.12094489217	2111.62696063229	2916.52235181439	864540.405345353	49968.7689033873	447.964010808898	217.536582843387	166.551089945239	125.630518043412	90.7522975626016	62.6866169345124	59.9747158865187
374	13194.8760234769	9418.62601620421	8855.26323509785	8334.0031454921	8250.21902416875	7663.56749065486	6465.01068872289	5290.79638355452	4440.8677779016	26962.2107409489	4317.50791273309	2183.95074595667	2398.4783371921	605207.294323763	215988.076340823	568.020977355831	247.841919121913	166.085949152958	144.310447470401	91.2023565139921	67.9289564194516	63.5650037189766
376	14438.1867309055	9732.94743485444	8661.19995702053	8282.53010183044	8377.22637570108	7873.23859471505	6979.95795449817	5908.78718993375	4631.65515990198	20148.2962858496	7411.13945913543	2279.51762307706	2178.27844433334	254839.926805788	493791.351987693	749.357204240221	259.497010641024	171.307082958384	173.85488356534	96.4172673704517	77.7017075307724	56.5906015023513
378	14064.4733333487	9843.08799042919	9189.08212281452	8475.41196006249	8681.4600625629	8335.22901514447	7746.48139902775	6413.07559056672	4914.42622697986	13505.7295208024	12560.2068162731	2302.03182006021	2217.49686117037	59012.0319375042	701533.611022625	1098.11325271402	301.624900505833	183.311397763916	164.242836113646	92.3043011768344	67.2902610520391	57.871855108835
380	16314.5639183855	10863.1148765619	9047.12365766387	8646.049396998	8705.60250944064	8870.88206452805	8156.62564890428	6799.94261483474	5228.53470597764	8704.86236202157	19300.8235769308	2462.58741209414	2262.8716603158	6343.88860581935	770577.668377146	3076.36289116619	343.25401411858	183.883459634048	187.321920624002	103.860392536547	80.6155192662943	62.2180357994986
382	15854.8473643293	11434.2883086628	9223.95201042535	8553.01830480736	9164.7767709047	9255.26269832606	8973.95205094425	7419.43096070475	5714.8271164533	6402.22548773382	25320.1648955882	2707.90860544071	2360.90898268064	3010.02760108456	696787.942972801	38117.197156084	406.753653342096	210.729392594464	180.335767589869	121.123113136101	87.2795561238796	63.188177042507
384	15790.8739576814	10906.6065682725	9380.00690311564	9072.59729719135	9272.88945033452	9662.21156972604	9507.92560570731	7966.76219605045	6036.10332832911	5440.8562202003	28498.9978506064	2973.13079191961	2435.15121437696	2241.72508984003	479300.029255452	172220.764592904	520.51459662572	206.264922343706	174.839226428376	121.102823535714	80.8569075309935	68.424370826695
386	16706.2574649097	11343.7635652759	9928.20109970587	8920.08017621519	9560.1723122995	10169.5249369999	9839.02910483704	8429.07185267534	6343.40917666765	5287.65943385944	27223.6132933155	3895.10133392159	2445.68728497019	2108.39872975322	211264.142034096	415518.805224909	660.062692479003	230.469185267057	185.076401968529	126.625903333557	81.2503911631035	70.8977038338834
388	17163.0825655764	11903.0853543	10019.3110730919	9204.5167951501	9716.7564736002	10555.2087996231	10635.933565657	9038.3677137615	6731.29114070871	5376.99449479285	22459.9514003415	6061.68116235277	2515.21438133635	2004.57436214561	51066.3372736298	625464.496657661	1059.35475510383	256.222759430472	175.334645277509	140.159144829556	86.6629393551429	64.8544887881324
390	17850.3104971559	11954.1330695001	10486.6748463133	9309.99248644025	10167.2657796812	11044.0417970916	11146.7934239852	9596.70672955062	7010.51121690468	5603.67203837958	16044.4775054442	9627.64451579904	2608.18239958282	2015.80587925373	5680.80460030163	707413.516969828	2430.02451451442	305.405190491671	198.06329885681	144.505768468401	86.4799600583705	64.8227612305145
392	17753.3937953145	12233.9877127295	10322.3015231477	9395.37935032141	10397.883884162	11549.3067201712	11688.1856634612	9990.52332215376	7362.27182292084	5802.59399728416	10565.3674718343	15470.3731032989	2725.04643199779	2132.3038469594	2453.96313829463	671456.564963064	32675.5340956868	345.244960608325	219.398026758563	136.426946654649	93.3908322269994	80.1080566532208
394	19145.2516859486	13005.8493614197	10567.0447963968	9513.5339945067	10518.1892415181	12013.4736385831	11979.6525532662	10437.32569091	7829.89326865019	6002.32013201363	7281.12559731085	21240.4308647288	2907.80693222528	2177.46826900193	1968.62862498083	505058.58032114	164238.688375508	422.807334023414	243.685104232487	149.768637801762	94.8043276424053	76.5406424477917
396	18532.78875641	13216.3502201917	10665.9801877968	9666.55152153789	10513.2544796224	12380.4592849264	12467.2816419252	10798.5193242642	8091.69953018882	6273.27109645505	5844.90739535873	25589.0060022963	3140.6337959008	2295.7007019681	1697.43255674381	247701.230674382	406870.304511082	607.580382425639	255.084046343574	156.520666444893	101.930714796191	78.0346976024452
398	19675.1922113241	13866.6851787231	10809.557430971	10147.6996640137	11105.8675610524	12442.1349005759	12950.0600753553	11336.7697117675	8503.72172490332	6507.73417993618	5567.69948260758	26219.7499158452	3762.22909504487	2317.73269983734	1614.66718853292	68391.3218829408	588256.99327756	908.769612590637	280.65553721031	170.585382223686	107.987710018046	79.2132628685043
400	20350.828396695	13249.7725961095	11296.0651294156	10203.9593006938	10929.8223972081	12886.6076416941	13352.9104708175	11765.9198045927	8804.80190561993	6644.81249684605	5569.46247477173	22915.9652291845	5231.36965300077	2396.63585077203	1589.66839234925	7059.49360352487	642827.892825455	2344.15405877882	327.221444428356	172.4398314869	105.297978504324	88.8247836734334
402	19919.0713939179	13406.3295679377	11756.9962254535	10289.7352978891	11346.6181823905	12988.8332665485	13647.5077147478	11975.8122775187	9075.76471988875	7020.75363650739	5644.06333966744	17274.4284286303	8217.12775022077	2455.3931587238	1700.36446345778	2315.72646544945	592318.542654924	34564.3493925443	379.202693806134	189.839874944155	109.859583385807	85.025167136411
404	20006.7437427725	14124.3990146658	11389.8553562456	10286.6371890461	11145.0909875686	13338.2517006036	14193.1049306774	12439.0950162695	9411.01265665586	7218.69173317525	5741.79398037835	11861.5116774361	12837.9456356487	2549.77495182791	1729.07918084924	1779.16654927318	420627.230218898	164904.908918899	463.360863089897	212.96398646578	103.792689639133	86.9235605080919
406	20156.8904778476	14467.5661306169	11988.6210846814	10348.0111745531	11434.4398918504	13675.176476806	14466.8090363981	12748.4917666525	9851.45198505842	7503.4963959988	5938.53392114882	8164.6511161493	18234.3343867561	2697.94548289656	1850.87619427693	1540.34177770635	181404.023759074	390579.062404721	637.423538269652	220.876028399652	120.278254187064	96.5202400096106
408	20556.5691392474	14504.6197948003	12059.0502311059	10632.6990716994	11571.5233637376	13798.5085591358	14437.5206066074	13035.5269522728	10054.5398054656	7635.38210572343	6133.4473373478	6264.73780034052	22918.777789661	2931.60523641207	1907.86976445286	1435.37595976787	42302.6145156132	558744.128897436	951.17785336942	235.364432621263	116.974093424632	98.7621068142061
410	20837.1814721098	14930.0500546492	12535.3018450655	10636.7541930467	11538.2094220197	13642.9650043016	14752.075198284	13270.3927593376	10379.8254440597	7961.50579755932	6376.70984227181	5660.43367595614	24843.238441378	3372.49048140513	2033.44342881419	1454.91902267233	4342.91251953148	603591.737274203	2683.86524688726	272.324600565099	132.829610082697	92.9198656189376
412	20897.7171676992	15475.3339887149	12529.2405955052	10820.9051005212	11697.116767174	13819.2522877249	14682.6042080684	13488.23586276	10506.8275723741	8170.46944592329	6610.7771669013	5510.4366753985	23121.2377223891	4473.82422437813	2133.89265143781	1485.21787044336	1972.44480750385	544030.955109356	35819.6015117069	321.250675870912	136.584932644906	89.1581456797454
414	21652.6839644433	15559.0059817483	12734.5784002052	11100.1030537863	11726.6272715458	13970.1313769856	14920.2179117584	13698.8296776167	10837.6211925772	8334.69808440013	6860.97275737867	5661.90523339819	18541.7615069247	6518.7730864234	2138.61148937656	1521.86686053731	1605.73744027413	368033.257499566	166968.14591784	380.073064922388	147.918691744676	95.3937246541706
416	21182.6203222461	15222.9382408291	13006.0494263032	10961.9863776783	11875.5176820127	13807.3670825662	15018.9396195976	13692.2199119132	10832.9929104194	8702.97457864261	7037.87485453358	5678.43422512272	13653.1208715151	10016.5225393899	2357.18864741897	1653.44107435134	1375.99241101668	153275.423260421	380855.195107205	536.33573246007	171.497303029268	102.738685565573
418	22464.4565681895	15692.6894690324	13306.1087259578	11250.2904576386	11794.5612028464	13822.363531986	14751.7053809297	13678.2231769869	11095.1868164131	8905.43021585528	7133.61481310838	5842.47077487545	9527.31080840803	14736.2122622908	2456.69946689557	1719.32667357181	1386.44182003203	35274.3587874623	528520.339320926	843.212490872004	178.187119842399	115.639516024186
420	22211.1755080031	16329.8443783633	12877.2985269669	11369.5706625922	11852.7017566043	13844.0652326909	14916.7875212292	13966.1493012988	11327.91504946	8990.1306857052	7424.24450496542	6092.42930472295	7043.30013049867	18927.2637459062	2620.04886290678	1835.97327509621	1318.01805056897	3606.45641963871	562945.502050421	2258.3666176557	189.95151312971	107.836027155939
422	22169.3622555877	16256.3003476878	13328.6608997888	11314.9193038906	11786.1815150465	13599.5239344277	14813.3298959389	13882.5526061553	11408.5025657025	9059.09240244972	7592.0832465054	6184.77959961762	6146.56791653024	21612.874048554	2862.53068541001	1897.26889987303	1389.33058657854	1745.89531114355	499239.895089546	29851.0442874381	247.391786741314	120.4988540461
424	22960.0940077002	16509.2536273546	13930.8223305536	11411.2173465511	11786.2112213679	13554.2867328516	14727.1545895584	13962.3141534297	11515.8690066688	9201.75198629544	7799.07006939186	6386.57136708369	5874.48902449866	21483.56366993	3440.02110206036	1961.95531749698	1401.22347175475	1424.04269721573	323674.617474773	136947.041222613	302.189976609186	131.78004935017
426	22801.2063234407	16294.5064707549	14426.902915886	11400.3917662998	11693.7881493518	13154.8388807289	14493.4038100054	13756.4007972017	11445.8700427797	9518.82658270832	7916.25141380402	6503.06204611829	5912.21733802065	18848.5808537522	4647.58296734505	2069.77664777992	1497.37676868301	1248.11788915916	130187.14973177	322224.052438508	401.329800080457	149.307584660819
428	22173.5441515592	17479.5016624557	13693.0246489261	11568.4234448987	11626.7738127503	13139.0695923268	14534.72816069	13953.7383175657	11634.5603421554	9574.10152161717	7867.53719143026	6792.90892737079	5989.12615048361	14569.7151747499	6804.10398603506	2156.0103796019	1586.87384537726	1156.73882391584	28115.0996925624	479294.468244584	608.019856644193	149.844666918827
430	22764.1697254233	16444.3847607973	13772.8919979095	11699.780283539	11865.8921317787	13135.7018300906	14446.2382695024	13810.2767112064	11754.1594905123	9665.8431917086	7974.01427712999	6904.17981685477	6134.20290662793	10796.2718581569	9852.02682804288	2303.12437531837	1659.09459145914	1180.3389699523	2860.44777237645	531945.773525189	1606.1419146371	176.575941467125
432	21310.3457178609	17006.0311063774	13820.6484529892	11812.8925405875	11462.7467819334	12964.4278577563	14174.6559025742	13650.7326627116	11780.871362684	9776.62158892171	8353.90896765937	7015.04922415468	6243.57491076023	7831.74762858103	13201.6131340818	2398.57219371707	1706.66801033791	1183.09985183944	1469.6770570178	485457.646123594	20906.2254617582	211.384064296277
434	22502.1681994178	17096.676801973	14120.1594409587	11812.3408728565	11301.402914065	12870.3587959259	13973.4564493967	13679.5953133625	11863.5135204359	9879.62819892029	8412.23745894591	7034.80445133288	6526.52529312837	6619.44311121958	16139.392799149	2586.47399865098	1783.71976348878	1203.4730167076	1196.34010329588	352074.631439319	99262.901403571	239.382836768888
436	22397.5695788245	16757.5371416973	14406.8182947102	12223.9484292529	11245.6524627151	12528.680299686	13914.6805542338	13465.4604071589	11990.5937622857	10160.3022960338	8425.84433320029	7216.9984622289	6520.79430529171	6072.33227389966	17361.1520860524	2915.20707744437	1839.42518284168	1294.55359419784	1060.70971373928	160419.481009537	250499.678583283	349.810840151833
438	21217.6829163171	17761.5566495623	14530.9054722914	11706.7592294417	11249.5062163708	12278.447566425	13551.6442557484	13414.4943536214	11703.3148924337	9981.02181097559	8481.13448056386	7392.14158085058	6841.83914752834	6001.11649260025	16710.6712896462	3541.62811711279	1936.8354912391	1356.08707048783	996.320536619672	36161.8236731509	391401.646336123	516.938963764423
440	20837.9483686279	17056.8490528073	14423.0144172881	11618.8750964809	11126.2545130318	11804.4797124442	13304.3463942467	13386.8911733503	11808.5455292511	10115.2816488093	8727.049117727	7440.79629165103	6902.82978718162	6075.68745479889	14227.2494484626	4648.79486455494	2049.37196434549	1436.01123352455	1032.35912868544	3267.45824078397	453491.432244667	1180.24461886375
442	20633.4220611865	17505.3246030394	14102.4283727056	11725.2336993855	11022.9200977329	11880.8574081841	13191.228592297	13105.2876746441	11709.8154245789	10089.0579730069	8668.15167215746	7719.04595241311	7106.25713488197	6073.09325896411	11153.0496098217	6533.67228101743	2113.51080671117	1460.85708536361	980.828751104375	1411.35905395321	415172.224280455	15606.2736445392
444	20755.0060079047	17584.8068053487	14398.0700354556	11723.0194100916	10728.5054230133	11491.9504392527	13031.2261318055	12975.7481039917	11654.8676639919	10070.9320191609	8692.6385621216	7656.64981769549	7043.64955090608	6286.04359318871	8432.32003492058	8818.37217373405	2209.32085148157	1556.41203562127	1050.64067638698	1106.4817147229	287303.177431473	79252.7064456975
446	20588.4817107676	16880.3310222094	14734.3736140871	11513.3320611089	10751.7659280523	11384.7934675456	12714.2922510823	12871.4136869665	11705.2712797691	10100.1818370862	8853.23815574182	7848.75574125166	7285.70386492582	6274.47571818824	6600.97900556005	11361.0425858062	2309.49639078693	1580.2646135983	1079.71518134159	954.49932959078	124187.648996603	219332.355466065
448	20678.6855435536	17666.1396205094	14756.0331355044	11802.5399379711	10850.1971004228	11021.1705084163	12321.0990786129	12607.4788958701	11607.2884892626	10190.8641722516	8899.39362762241	7931.38284097906	7342.9776082284	6371.92886415459	5671.61465546287	13128.4739117469	2481.00347495131	1640.03595336258	1180.61024441389	931.455353544555	29694.1840679437	364861.221369887
450	20433.563650773	17446.097155072	14313.9839549827	11668.5196636829	10613.6044069172	10995.6001682694	12068.134182329	12610.2235176673	11620.0512628373	10139.9779557789	8876.0255594861	7954.88005187238	7516.20830121973	6494.38585432667	5378.90359816394	13522.9117349296	2778.06003832725	1758.81387461675	1262.71670927572	899.013281747871	2958.10596905215	429490.827185877
452	20395.800338005	17260.9017369907	14720.9706495089	11815.7066870138	10261.3500992966	10485.5557202079	12087.602576645	12161.0280062273	11546.7363529654	10144.7442354111	8793.17822557484	8015.03576160239	7559.63041183274	6710.41118334881	5281.1914734365	12698.7838303427	3489.58204249918	1838.38623423385	1317.31510156731	923.063169351643	1130.9582658149	395008.30775937
454	20445.2344483191	17111.2103327054	14349.0354536063	11510.7964263688	10158.1554664771	10394.3617338835	11532.1751777905	12100.6670394367	11476.9664233926	10028.1412812683	8750.03813125077	7992.73894975659	7537.2220592789	6742.80345204945	5337.91691169074	10698.2348561017	4499.55074526048	1899.88455860366	1361.01877581369	939.010283106258	942.970363533669	272331.785403537
456	19431.2386034238	17276.2964648278	14259.0760809497	11880.2343401562	10186.2053864026	10116.579196744	11282.9165709814	11949.4541411181	11302.8112025428	9916.83770756703	8771.75201323453	8019.37172344626	7619.36231055614	6839.82006229779	5356.0329158735	8369.36130816028	6093.39134682514	1969.71986597381	1404.11324071324	964.843818530498	818.837275936495	114623.107128878
458	18411.4890640707	17359.3938129597	14599.7437906504	11630.4516792781	9962.56940668898	9901.0059840789	11054.5852075505	11934.7118958108	11210.050220457	9871.53236998892	8671.88756840128	8102.41629396428	7650.21789964477	6916.77946412217	5458.91002836374	6402.2528121875	7954.52593811914	2016.77562654022	1448.29125098905	1027.81419087223	775.755406880307	25977.1453423253
460	18397.7068197525	17299.0735768002	14320.8795872789	11716.3262220365	10002.4473914867	9735.10635932377	10873.3656374072	11579.272252187	11063.5000510612	9894.82461015385	8603.05922583496	7940.22188374376	7649.89944398271	6975.96178573149	5441.98547641811	5234.57604118828	9536.07472352561	2116.08258097932	1532.66599669044	1127.22616014052	762.64398350578	2500.02669010851
462	18739.3154272447	16698.4158552495	14575.5856072022	11547.505436722	9620.43117846911	9655.72755402072	10621.8330163309	11336.9808711015	10950.7227296921	9813.67667184208	8554.97897903519	8042.30546291717	7734.62858472419	6983.50382501557	5488.14698786714	4663.94274398896	10512.2206880997	2366.14735983385	1637.38148198883	1163.76642011263	786.806114995545	1019.91586798595
464	18578.2611053974	16815.2844041891	14100.0511691364	11652.4652768841	9631.09873400402	9283.53725751786	10399.3323725408	11063.6227087643	10775.5371035172	9613.4785855697	8620.70256996405	7922.74286314991	7821.6677004941	7132.38703164628	5565.97926809138	4510.44585498759	10458.0616788819	2674.43756394849	1679.11173774141	1201.669729577	809.196952159233	836.470696415443
466	19581.5776409009	16662.2717374146	14646.9606931948	11713.5318976277	9672.14584916231	9063.80088489646	10051.9370954692	10785.9626219573	10516.3052107063	9466.03117980589	8337.84581510323	7867.43524150065	7664.63271020954	7019.63150517475	5580.44783376031	4540.68974320563	9326.25069186593	3362.4367781834	1709.3785405262	1243.71029554067	837.363872606373	756.529979357755
468	22792.6900059077	16879.4445328665	14394.8902308667	11277.7366306818	9505.14546229116	8962.58884798975	9841.46118782697	10706.030761236	10491.2604781273	9231.4011087794	8206.22087646584	7757.91999557325	7694.59990418824	7002.54513694896	5724.01574450697	4438.44396117109	7751.59749227643	4273.35096216553	1762.68146551875	1284.23107823144	867.723260687285	702.013391672935
470	35401.0692452772	16420.5287866028	13945.1599886727	11507.3906993894	9437.56960390036	8757.74733742832	9687.05207462388	10525.1344185923	10367.4277117508	9168.84118181726	8146.78971717662	7604.09155438909	7590.77847596927	6949.50503498254	5712.15156405033	4475.1151607201	6140.76540874689	5535.18598115463	1847.60601384968	1382.77761914852	923.864096452931	695.852250073882
472	60244.3943426276	16195.8896377316	14024.0559627217	11587.4094443016	9227.96688270573	8590.57564184478	9186.5367131096	10242.6559095398	10101.331318107	8946.58813349709	8061.38417189665	7540.52120990582	7501.04122507787	7019.03824694362	5710.90831833187	4419.00470332664	4844.74562045178	6829.75914486595	1985.08198678266	1420.39531428555	965.643889043205	691.192795843789
474	100487.769347094	16300.7233814834	14204.047372969	11230.1034195622	8977.15271378149	8251.50405391804	9020.29629278274	9998.52829733586	9740.61255793871	8867.36769858672	7709.59206729208	7378.48716592084	7396.92933832403	6927.71205119161	5667.83440289428	4445.67496690719	4107.94494402893	7865.83037524071	2064.61416986589	1463.70846055613	1005.3810219483	687.815360021305
476	154991.565692593	14698.3455577765	13655.5547593144	10970.7882430438	8819.31539904871	8103.59448255401	8736.22706378481	9784.92011499463	9675.3426114656	8700.07107705602	7708.66993256351	7245.22874323084	7367.54238516528	6869.67544730448	5624.38699422904	4536.04597954896	3839.31870062151	8237.95139218098	2190.00409453769	1463.61728856429	1064.88207961063	709.698391090199
478	223747.862156169	14935.6992616756	13356.4950932957	10811.3884727338	8769.16992488744	7781.1690133618	8543.50131473831	9518.86461502117	9334.65020434008	8398.47939004203	7415.9194686959	7133.47993905262	7215.2749227596	6832.27918740427	5616.78528384723	4469.6479255961	3665.21977801342	8024.39240509995	2600.87324919974	1518.78477298969	1082.38645561826	753.517541974749
480	279163.646229296	15061.0193698945	13378.6954438712	10473.3143796367	8582.59116611911	7622.86007004458	8294.76135760715	9050.79518284705	9276.1635233902	8192.12287675727	7223.88110099704	6929.15499764993	7054.63383800906	6760.2519927728	5575.6697040886	4412.01739565934	3679.73805506301	7086.57810552671	3114.45412538098	1606.40684749003	1109.27918854007	801.260709307118
482	311363.503903457	14900.278135032	13109.9549444829	10600.6202841497	8516.10123744282	7542.63781047259	8119.72330867123	9158.62020709238	9054.87368175423	8085.56723856574	7194.98417253323	6966.48041566646	6942.93566976704	6676.28610164728	5529.79536416024	4419.78770495414	3655.74800828418	5888.80361546013	3952.57618616934	1670.98385171729	1157.64254231046	850.647323733397
484	305528.159892842	14894.7393427262	12925.5452297047	10572.3905610898	8351.42542946826	7326.20285202405	7912.71716010626	8797.75510233405	8739.5133574104	7771.66416978621	7041.70085781117	6638.22254670051	6827.3493991344	6528.31018808066	5515.13580700031	4524.95154083904	3644.28853089677	4751.8582340273	4885.87917253832	1732.27585395883	1212.98345317708	886.482354245964
486	269354.914955301	15825.7717693721	12589.6053099368	10391.4944973767	8326.56154481031	7170.46592531919	7646.58217857165	8505.59980063339	8787.20156581429	7671.6385667701	6922.76738543999	6531.4706450471	6852.36473694692	6547.75408463648	5493.01963588171	4488.42003898014	3646.89649505206	3916.55740583925	5850.74060836972	1779.69669488146	1236.35244953894	902.304103588914
488	188984.931330075	23992.4510428367	13018.1146306516	10235.0589155208	8044.79063451663	7195.41902872538	7539.14290215962	8548.57110369634	8472.07182719945	7559.42687765992	6663.69605465322	6404.88464590565	6642.81746638359	6471.20741262028	5431.26714975924	4457.57155757949	3680.55055848246	3499.43198165691	6486.57643167211	1943.48319389348	1277.17603228424	921.077602639471
490	107142.776690573	43740.3658371782	12154.1894711787	10176.7609724783	8165.8377411581	6808.51981531924	7466.96309973216	8298.16746350945	8211.7745942971	7303.60842426772	6435.28765771369	6216.9547977419	6607.08655660979	6310.29712333654	5456.07850687199	4575.96016171425	3677.79044555088	3300.78185294696	6752.05465967476	2080.90252924077	1335.61918011656	943.76306103712
492	49339.7194009274	82407.0234384216	12760.2618566906	10159.4582622429	8087.64938777507	6744.0019008121	7199.83649955518	8066.48348209618	8098.93652108778	7039.93114986893	6350.06746097089	6192.55496208951	6422.68650797546	6267.1156583213	5259.34620999083	4498.12901606255	3720.3668263434	3215.18831803701	6412.32821494514	2354.39828257297	1377.42731590729	980.824901155325
494	24613.7245514304	136632.997758385	12097.2002258433	9985.29062468025	7949.41766930637	6521.33561336712	6877.34447449813	7821.21109170614	7806.84478701841	7006.68493813874	6157.2278252487	6079.61933059937	6283.96977854386	6217.7622639117	5348.01370239815	4454.62232438712	3736.53955494519	3263.64458150913	5698.9092352522	2912.45024461501	1447.39998947077	978.32648245372
496	16655.7661940423	205461.793084349	12221.0193714352	9566.66812846189	7945.62508857381	6368.69505540351	6785.54577753837	7606.60476013963	7750.48556225743	6778.52699050345	6035.70500992261	5915.49523504926	6209.05334933216	6061.97067207893	5234.77748328658	4405.76826708632	3746.84311770581	3213.98611077354	4844.2607836709	3448.07558132711	1483.29855444774	1037.88018278511
498	14678.7855716179	268390.405591313	12150.7626331215	9864.95598313935	7772.32981706252	6358.4667817572	6561.06426871818	7505.57696826603	7403.48699144269	6669.68751730872	5764.13779564479	5757.59639189801	6065.94881584913	5954.368775807	5213.61040563252	4406.79759636193	3675.18131216698	3199.81333281847	3928.88285868165	4191.56378902586	1514.83215754476	1101.6334902294
500	13783.695897451	311805.775012574	12014.7915528549	9772.04372197023	7689.9532234032	6107.7652820754	6467.2010310338	7183.69552782069	7288.83032599999	6476.6614768403	5689.09206489817	5639.20984924281	5966.62189367914	5788.42064485687	5154.66797171937	4378.87728950121	3696.85878756419	3196.24636853233	3398.70250367121	4866.94035568407	1604.26532182568	1109.09413808268
502	13996.8994923896	310817.215842153	12302.6509892071	9376.53503165516	7674.70992012389	5975.23635157378	6175.38296493627	7036.43214882604	6996.05718755875	6174.23249024568	5565.25288322864	5312.72454644623	5764.99878431052	5735.70484279073	4940.9668288065	4343.47378007286	3696.13970085039	3212.42008149052	3041.60575363271	5329.72061624862	1650.10626051711	1131.10966838668
504	14046.0184838737	278247.489335291	12104.6919576893	9657.74584465958	7650.26306608719	5972.92175145516	5980.39683262281	6873.83391878707	6797.29615850941	5950.5216367341	5338.98326803476	5235.67859076091	5662.47522173416	5660.37927583224	4999.62438028717	4310.49043382168	3647.05717844624	3239.97832963857	2929.21650969146	5421.56478589133	1808.18846096406	1174.31503654592
506	12753.2491502792	221258.244225885	13515.0637890581	9569.06401482777	7569.01505391079	5862.58197796778	5812.56530284754	6549.76677503201	6581.84816165019	5772.94227741449	5264.96061707271	5147.81168233694	5460.89701812943	5472.94489605887	4846.36114132197	4162.03276035605	3585.9808002084	3128.19422936965	2803.3483551007	5156.43027973525	2026.49332061729	1186.69447581035
508	13400.8026407976	149925.386005214	22517.5246220766	9528.64853115097	7621.34476435071	5591.04910681547	5592.51837304021	6357.26419385259	6395.56569393454	5650.43843358947	5135.80157813882	5060.79723716863	5287.88919011241	5242.08605317643	4767.97205350935	4068.13366506543	3617.33747145956	3198.39782960594	2832.55642378483	4648.00973972518	2431.78154483586	1180.251072965
510	13175.1406755546	84046.8790597216	45484.7890446917	9496.69524038385	7369.35463650971	5576.2776466821	5456.85919330771	6211.0633015265	6152.4289274165	5363.80464345143	4862.46504377778	4833.40599295821	5184.59247087334	5168.40282536152	4683.11731056595	4076.88324600575	3568.48987960412	3147.07833959812	2784.85494310058	3903.16248247482	2849.45595005297	1264.88428406075
512	15847.6901641107	40021.3319700669	91648.6066573637	9545.2584307639	7391.93281167842	5468.42960625311	5180.6544395315	5926.45870764692	5996.77879992339	5277.81187191695	4788.79899918119	4659.08624353492	5042.41340124275	5049.82168894684	4583.15047828174	3972.08612539765	3533.90837016945	3157.22910092998	2838.77911667635	3249.6066354552	3409.30865445077	1252.91822593583
514	18741.9976731388	17619.4563457327	156218.742348061	9422.66388110447	7338.29391399531	5201.95604817479	4986.15269586737	5835.05476779152	5875.93439482568	5095.74351479744	4608.81736878008	4571.9249040669	4852.16752496765	4961.47267522106	4435.2470862439	3902.44008485327	3454.07504356134	3086.62966196236	2793.26068782603	2812.80731917306	3791.46562072277	1359.36883798426
516	22033.5298254005	13467.9268523197	233713.1311072	9297.19732770796	7306.90281864925	5102.77351087655	4882.71878787516	5472.33459047182	5535.89232925195	4839.47720994439	4376.61706717399	4386.57359431402	4755.59966111235	4691.23777665019	4301.01009484151	3751.95298469021	3410.11327519884	3060.3185627015	2811.37447943066	2557.16266076425	4180.50994438626	1399.14223655558
518	26654.5644100109	12508.2927880599	307943.244291552	9345.65361906425	7289.53161778808	5022.93426712534	4711.91277587862	5308.15005590992	5277.66077339051	4703.12522513901	4243.29234353587	4232.5292781301	4545.08922691339	4669.28287399746	4205.26556402227	3675.35964277204	3307.83918054451	3008.58538064361	2774.47798904409	2467.28343426526	4149.6715808056	1542.78892261828
520	30758.534186974	12092.1368114189	358132.151903989	9241.80770370882	7250.97794163138	5022.40832765378	4639.11018594086	5086.38280401165	5090.07518955448	4510.5677844708	4089.78440459059	4112.38800500394	4403.3171174771	4452.92559198795	4064.3902646631	3685.32953552844	3265.48190005419	3002.25265597403	2707.22555699807	2399.29176369474	3934.39755059491	1729.26900591721
522	35965.1717424647	11175.762960083	359867.450494107	9375.23198238478	7030.88764353725	4634.77506283059	4329.20441205653	4932.7087093351	4884.80468384167	4394.71275892385	3977.65531480914	3887.41441229784	4292.7003194948	4280.63649284842	3949.46507794708	3527.02864020731	3204.85274117932	2971.41422741749	2668.67002254228	2343.18168250318	3487.05270168151	1945.91763168929
524	37590.5014767605	11696.5271917406	314934.534112165	9669.70695487242	7091.71967007743	4606.45688680684	4165.17894254473	4743.8314460303	4726.25370343596	4256.17725868425	3845.88258236164	3810.28476643739	4085.14857100311	4170.18622215501	3802.84333066884	3399.08559145313	3116.36434267286	2937.11109405737	2640.14348894112	2348.48890476956	3031.39909093101	2348.74208647095
526	37292.6498859115	11727.543323951	234787.020158272	11766.0948430938	7259.54827039202	4668.80837421758	3959.99688997601	4548.48933495238	4583.31467645605	4064.43531740992	3693.77852908744	3587.60441412205	3959.38991437025	4089.38930704653	3777.24199356927	3320.68286959119	3049.55018760466	2847.51161379327	2613.88219091649	2322.84843481179	2555.00883493068	2669.93544915406
528	33157.9739012801	11310.2421891752	154453.596362716	24154.8406657538	7148.52464887478	4443.97031652359	3853.73266569999	4336.59286318004	4326.68569462042	3930.75998013965	3534.03808029666	3481.07471447048	3839.84923174602	3965.50294605294	3554.26051132256	3237.51947456212	2960.67283617147	2714.13871954625	2546.01931988747	2262.68133393298	2187.23481756747	3006.62602992041
530	29532.8097035378	11547.84849502	85575.5474153991	57595.1195477212	7255.48503389537	4415.46921359696	3739.29723607215	4151.52458522532	4209.1072025439	3741.33772595034	3478.27666129162	3343.26551158498	3686.17777959007	3763.40301229241	3485.73562692186	3111.71896694056	2914.6849938475	2713.36870998587	2509.9674981438	2284.40051844235	1918.66842872402	3173.03090344074
532	23521.3051483552	11766.186273568	37360.4750385601	114444.475729635	7038.95477024918	4356.18122771306	3611.35653217561	4026.11732335133	4118.78817377215	3577.47920898668	3252.7151017104	3275.80088391103	3515.84133522094	3628.79950830763	3332.12239490715	3057.42454464162	2770.60131135062	2686.07670400858	2441.54761141681	2235.37159190721	1849.00378659484	3247.54385415648
534	18359.9905672642	14354.8933990382	17436.3233114086	193705.1697056	7061.18508245913	4141.13165033382	3487.5931805012	3812.27381933025	3852.91094240492	3442.78375291578	3147.70776930291	3069.8188833101	3388.94651319238	3482.78735126627	3205.1688440795	2922.62004100959	2694.44531161364	2579.68556951969	2390.19266360855	2189.65157994841	1788.20178571243	3018.90251794991
536	13932.7174880229	17527.0232392999	12625.5852068948	282043.115605578	7168.75188872495	4088.39859216253	3410.70154909491	3726.78600357137	3622.66574956922	3300.86073133431	3095.97430407504	2922.45847444	3293.66082750726	3348.04590317749	3178.02154205458	2818.35002851017	2653.54466863285	2499.77884722392	2380.59414191276	2173.06355082845	1768.61210835396	2760.33579825987
538	10925.8008474338	20198.321398297	11884.946441669	365275.453502461	7021.68129163042	3939.54688610481	3201.14052187937	3542.06789693796	3508.51637261074	3184.04189737823	2890.04619552557	2849.71648191469	3110.46092121879	3213.58643780456	2990.13220825656	2736.03292756193	2556.01993785748	2400.63913054848	2354.17036337426	2158.25701391246	1739.09193602488	2336.21812177411
540	9225.37330387165	26759.2512052617	11675.3403984727	411028.740191988	7122.28594869872	3896.20718702938	3094.93107761106	3366.44789392066	3438.30376201344	3040.46722893287	2830.09240104133	2715.94175974704	3020.97426663575	3090.08132558095	2834.21246849534	2671.44617097737	2529.87988741742	2405.52769212693	2277.2943504221	2147.63187790161	1745.64329606758	1971.72863615953
542	8773.61095032265	30977.0683381495	11267.6408668822	404053.513337826	7205.29677048148	3816.53907547916	3062.90332441423	3227.93810235417	3283.55866337875	2916.88116043944	2653.4595677607	2615.86397063987	2835.11359364806	3038.84113010503	2780.91090460498	2579.57467449875	2420.93394915173	2307.42154521846	2235.68575576139	2011.39507610509	1711.27891254833	1709.63448274317
544	8407.89223679399	34906.2475398684	11270.0318956356	343388.124495907	7413.74882838677	3809.31000100243	2855.28747709654	3037.09182604394	3124.54137339974	2789.07818412976	2623.28828780765	2540.5364727795	2796.3659886768	2864.92821511149	2679.0830700665	2467.65378800947	2353.2335555082	2271.64732652657	2163.26102805224	1949.82128660542	1646.23951059719	1514.92992135266
546	7785.17146911486	36683.1237810966	11168.8974519671	259309.552663739	9528.777309738	3694.62533074058	2756.52099388558	2959.47414693035	3030.55792305637	2681.07117035602	2437.7721933795	2441.55247264204	2631.10281601822	2758.79124243659	2564.08831831324	2307.71232648784	2244.38567812114	2176.35857014275	2087.49400557052	1949.24945494088	1643.1449899867	1469.21005575923
548	7755.66044690869	37495.0571601977	10619.2211235211	164545.767161259	22205.7365487361	3592.67756517846	2714.87430222845	2890.68535058545	2887.61228359958	2580.5061950582	2417.67813937494	2293.53563232651	2530.68038530968	2660.88428877162	2493.60481401686	2260.11017691435	2225.10317408286	2082.45464626376	2084.74476541717	1896.86198218349	1618.77910114888	1422.17481966647
550	7606.12757682312	35129.0488196885	10477.2320410455	85062.1521619808	53411.8116773986	3538.0451940529	2488.84414045326	2750.15078151425	2700.14299252394	2493.66102395534	2275.9737692876	2220.50003236342	2451.04855269372	2612.56396580056	2395.00837770228	2194.49061019081	2079.33515876239	2030.70950781723	1988.32171935563	1874.60921514589	1582.9751403264	1381.06761376764
552	7736.86345469529	32093.294899406	10514.9862816011	35514.2641335554	109035.317900131	3693.95274302364	2446.18948463477	2609.36480670534	2722.15731996318	2352.4796446716	2246.59033031303	2123.16791738511	2320.84542302656	2490.71791592778	2303.20462446592	2116.35997038015	2046.72374935585	2002.94529860946	1944.4935567947	1827.26518549361	1539.27613350354	1365.96172592198
554	7017.50500403462	26178.9142659886	10791.3201326172	15367.5115085202	179777.79576237	3483.7283037249	2417.81448061572	2524.93530559832	2529.88856106344	2281.30029255771	2143.36983773341	2016.58869287758	2191.02336274711	2350.30077717144	2205.75107269295	2052.34511774392	1967.4319918708	1930.87224708037	1888.09668545587	1811.61362127554	1476.40644264372	1312.24760332132
556	7496.5057991107	20916.6008782169	11620.4633715221	10788.618811845	258238.432476206	3474.37823469184	2369.6057957089	2375.01389366227	2480.17513441415	2132.60926823179	2004.54622386849	1950.50036589205	2120.50287182209	2271.66848391183	2122.94477594196	1966.25901047708	1898.55517609563	1812.59411780853	1809.96607969571	1739.16201712236	1453.7357634847	1289.64051407844
558	6687.92418320583	16366.4461978706	14329.4939027324	10134.6142220543	329588.583523106	3434.37593409911	2253.99590758581	2327.12985008601	2370.01754504693	2099.34390547741	1965.12431139588	1826.8352625166	2026.07612698886	2159.73310234412	2023.85171003452	1850.53730865409	1868.94890859113	1798.36907016001	1769.81004691019	1662.50602635754	1422.19648432833	1274.130339496
560	6550.62044688571	12776.0119550979	17735.7864381288	10204.5873128005	367205.892931779	3345.70954697024	2146.73392612055	2154.06385313649	2218.54161336139	1987.5903930368	1900.64238894156	1754.30314886313	1954.25741855515	2077.27475015475	1890.41605553142	1816.95543614174	1759.23468481486	1745.64074531299	1695.72349956778	1677.14534461528	1407.13062157187	1249.60859614432
