Wavelength	240	250	260	270	280	290	300	310	320	330	340	350	360	370	380	390	400	410	420	430	440	450
nm	CPS / MicroAmps	CPS / MicroAmps	CPS / MicroAmps	CPS / MicroAmps	CPS / MicroAmps	CPS / MicroAmps	CPS / MicroAmps	CPS / MicroAmps	CPS / MicroAmps	CPS / MicroAmps	CPS / MicroAmps	CPS / MicroAmps	CPS / MicroAmps	CPS / MicroAmps	CPS / MicroAmps	CPS / MicroAmps	CPS / MicroAmps	CPS / MicroAmps	CPS / MicroAmps	CPS / MicroAmps	CPS / MicroAmps	CPS / MicroAmps
300	235738.750504222	132031.265392684	236730.542759865	981474.141628993	280971.601780662	112376.49158255	9577052.24973096	48937.4580207063	4986.50745009259	3738.17566511457	1978.06595826822	1586.52819189684	1135.11114435704	978.25914828384	898.726298248966	887.587224951705	739.851801476248	770.745011892176	532.851707197742	562.425086077913	534.615178394328	508.448687432366
302	207078.302172363	148249.333988803	241308.886530774	761315.735206612	364063.922865113	80320.6980234494	8241074.67557446	539687.29043161	5968.19260335292	3417.26714011395	1939.50346618977	1476.050094965	1118.354297446	966.653139730029	898.008461848379	900.876859154849	679.378559752621	679.059969470903	631.19884881867	600.770315412651	618.189055031908	425.983620355821
304	222733.980935542	148818.725681718	231446.746408225	537612.794897678	507256.145223968	77891.1899358433	5090621.19146825	2350262.00523607	6701.08507699234	3857.55228877628	2189.02034202725	1715.17771012114	1369.65776869822	1073.34604719506	999.448176062136	867.48683263469	723.398684891835	790.200129825601	546.470729980852	473.714312988304	478.740590169631	443.678837579752
306	248978.697814404	157158.90903613	240159.416752054	408996.638452767	682994.009441346	79700.8422352151	1999756.00793603	5612514.90650101	8168.36579750825	3734.75263459915	2375.32273236143	1475.11032509907	1130.38687808626	981.21595244528	916.726755631885	767.471838013772	630.213409766913	663.319687105452	561.968122298105	545.775214783531	520.322643559216	466.848423437889
308	234214.927119485	158604.167364667	234934.606692469	352934.265384559	816712.251405386	81393.4910108621	474975.109430805	8435206.20955448	12420.5385545934	4340.736918229	2365.04837971918	1658.11762531412	1130.29418806502	1048.03051546804	790.225226908694	885.059316432397	686.09688731669	620.275102128676	487.878156969094	455.34885445148	462.232367134764	408.867084869667
310	238140.05035698	172162.476950102	227358.454070021	313899.140319246	828548.183696987	89165.4029419133	70036.668296381	9232771.60306801	42236.0033431339	4766.1342997717	2313.48765594972	1571.99423346241	1092.09776677431	1052.1112298066	833.140531081229	733.033355705545	722.72681466305	605.022868422822	462.998046098449	483.987382779615	421.007337210639	384.053505978765
312	226862.383486718	172986.939332643	215946.381703304	286818.651005965	701746.820137757	105916.723927712	42114.8943054408	7357778.58200743	437802.395743138	5085.07632113616	2128.50742612872	1524.7415149043	1076.54538191494	1047.89905507206	783.954668528397	762.981341545548	686.17128808043	614.446545585494	481.6243577495	425.23125087702	441.531870816899	321.98522341159
314	215235.980891648	170210.848723032	208241.358377082	268097.685191983	506643.828882075	155618.199057802	37556.5216536734	4327249.00116048	1703532.45774529	5476.40465876746	2224.79554653517	1568.89697857182	1093.13081960285	862.756843470777	894.886254681399	582.037047619828	554.079634476581	486.759719529546	433.072283634386	450.017758565078	358.883924867427	370.399085998088
316	207833.401183786	154752.237000259	198290.763939287	245852.711433704	343156.859436722	244184.798898971	37723.8276791244	1676958.01626036	3876856.80196258	6971.56610044898	2457.82653924778	1583.89549830705	1131.41606749106	862.304865178691	708.379018650983	728.824056244059	561.17622612043	598.689141854921	454.940972207778	419.675372081975	391.696330184697	380.647406656111
318	202780.483658155	159821.720437785	191468.695805759	237175.43066642	246893.364977759	356613.134762263	36557.551702078	393952.265979252	5873329.81687257	10056.6998080136	2421.32789725644	1538.0630553151	1197.78623442571	921.126439700472	759.881294122385	685.462891128093	488.578745605655	520.51356964628	403.204655365295	390.711596787175	365.886825288029	337.59015081586
320	209736.270925207	160683.073555734	184237.124456906	219588.150673142	201132.291019237	449093.677136778	38015.3989280584	48547.4756045527	6580362.4598494	30255.2875579339	2935.51371063853	1605.07319217778	1282.80285151472	937.44113866979	779.001500008429	682.322810538155	549.497674516444	520.482121077502	391.270799492191	435.981716511756	317.497829026312	347.577099945967
322	204617.237791501	159189.404356017	177047.988056439	209682.996428826	180091.491964822	468532.181767975	39867.6314555734	27178.14820607	5594265.52527274	326666.650252895	3302.32754629909	1689.13106867611	1265.90422427841	904.367182926639	724.493415737915	689.127725362905	481.930128522492	535.823916151169	373.21565373826	424.337813846026	400.838894034099	308.173732788051
324	204944.402569408	161304.871854806	170837.391661181	198829.32358539	170867.198135234	407573.304087887	51208.7689506032	22575.8461638555	3490814.51381758	1391657.23409687	4126.02189828537	1717.46405593576	1253.19687474143	914.80346011076	721.998417473912	617.752892335751	528.755864499112	472.477083778359	396.264278581861	338.229228621279	396.000687459472	307.397502596624
326	178319.381967279	152863.768631831	162987.036014688	179059.754398013	160339.902966364	297956.881683606	82146.8014538155	20495.7340756099	1431164.39343173	3302321.89681839	4803.06588107553	1794.13582642231	1330.06840260851	875.850496920695	736.540088983073	591.368739549352	487.391092007623	463.078092801028	363.699188594004	311.672365780173	358.1936571759	267.961177728859
328	177979.034248002	151167.063669906	154412.099580245	168205.210391987	146412.573450801	193275.470673273	138467.111620768	19211.6092948953	349302.479119949	4911921.67732946	6617.74864376725	1948.18087232382	1357.48573139411	965.524901997515	680.573620154404	652.751142416862	535.659043165453	405.499700311547	392.671935574658	345.440921167617	323.214081387397	314.66909118474
330	178398.786501512	140686.580750248	144349.190944329	151828.521234212	135481.529626708	118820.629096225	211007.751435474	17506.0418657694	41151.1463733766	5415055.33700037	17743.5737336877	2206.12181875348	1306.23319354544	1003.61964557414	657.742257886706	553.859935694388	456.953180368394	386.769181323897	338.32705775526	350.830739844441	307.979867559317	277.05541142651
332	169117.106467447	130551.016158048	132121.51495401	141261.127500503	122106.355193816	84957.2316513505	271214.926801083	16695.5359351296	17556.953472775	4621032.08669957	199130.982505388	2410.29631432816	1332.25652359271	977.717398512092	626.768154071584	503.24606548015	467.845924667319	428.450256897536	270.592281869297	371.837372678889	306.640490831176	266.72668959229
334	151050.594839771	123244.751637572	125464.365623928	127324.493034933	112840.096003698	71312.8861506315	285954.213537152	16937.9282079534	13975.1083960773	2977602.03626001	855833.121601832	2669.48642076971	1380.26223059381	990.808158920985	698.382538114374	555.564657935468	381.996494723773	380.320296186985	323.915268110827	312.816662123804	296.273071643872	235.667158734474
336	144715.357623404	113143.058418198	116185.113653769	118346.940454975	103535.98512838	63505.6645607744	250374.930621892	22627.7284232298	11965.7057233323	1261596.9782718	2091102.26174729	3194.21206126666	1411.57183546671	1019.02101616178	628.318109282392	531.497495124839	398.993831889331	397.710546988982	266.287507858742	317.36808287933	233.546581821034	206.822815844456
338	137385.697238124	106224.154360121	106828.938154741	103838.305947541	93644.3124479995	58235.5661807985	176201.342015802	39582.863747059	10677.3939967227	305440.995699028	3207116.58669436	4572.13350022625	1532.72112241861	946.09007445002	679.600297434948	504.719211736269	360.825745830857	367.466678657721	281.066872687912	314.119899515153	306.700609999256	216.260247128627
340	117256.343709648	98732.7933046112	97121.3363918593	92309.4462817338	84499.4296459955	54181.5771270479	107055.053219099	73416.0597202941	10343.5727861417	34716.5082220608	3518187.84836178	11733.777342538	1554.58670361192	908.371100424898	651.937922477721	499.567342917133	373.827221131146	355.0993853663	282.86752420617	233.324717797433	252.8072858596	219.883450117696
342	114540.473613654	89453.8930281904	88800.6438271418	84388.2549810536	75763.0827403434	48341.0897525563	59251.5446776345	116974.322526667	9478.27716651023	12882.6613762937	3041427.6251127	141460.644179785	1828.3001386841	971.594962246481	631.082263841347	473.654161419218	368.64485214879	325.622162446211	259.701938512663	210.930765573447	225.647710547983	170.752245995692
344	107874.573125257	80120.8978809481	78103.5748701313	74475.511006666	68236.1739491382	45019.1248544973	34502.1790952925	154665.452165802	8821.07517593063	9867.05414795375	1986328.03435628	614747.67297026	2066.7200551608	928.428056686188	629.56690265741	476.471163867983	340.829674956703	262.205197243873	241.407457991565	249.724181784531	198.886967568796	186.987095525799
346	95378.3181279311	74911.3428651031	69743.4455206381	69528.0257342388	62112.5415091027	40782.9936109202	25075.7994606191	169829.32451479	9055.19655521602	8611.26379359196	831568.394053137	1424748.09083059	2635.61450980315	970.845800709094	679.012060215005	448.616581562249	317.24672466052	319.796683360252	238.626304906357	229.292425021846	223.609677054886	150.044568380877
348	92516.0133774083	74397.9564413823	64337.4409727009	62374.0572708032	55562.8270979108	37656.5313453341	22304.2658890513	151441.643337367	12210.7790480895	8063.18627132026	198353.330922411	2091562.91381926	3817.15618477259	1032.42376248921	586.916810335961	451.971811303574	299.253234024815	309.09954887993	222.894584120552	229.740840577548	182.399205458754	157.062491999458
350	84394.8770212144	60407.8855838981	58951.9771627388	54953.7823366053	49996.3456257415	34716.0532732742	20062.228831734	109655.13249753	21740.5738104708	7289.50653079349	21078.4169807743	2222935.62914392	10350.1399408218	1168.03949110956	614.954222593178	477.443365397553	304.161122490376	283.383311362346	222.149423598064	210.801466805451	188.221832247949	154.603303998498
352	85634.3742346871	59411.7394728546	54104.6111984118	49912.0118723085	45955.2666284766	32454.6369256035	19393.7275687329	66925.9190384269	40335.783426159	7269.3625925125	8233.41057900223	1880614.5220391	122723.039395575	1256.05118024234	660.437528140951	506.941648352982	347.7224453438	253.367882469628	208.969324126068	204.467228688606	172.916233344876	148.481715403192
354	74157.8345768168	55375.5019900419	49432.1758126513	45114.0876667013	42627.439997798	30069.0041646916	18227.0105661244	36295.9362276651	68218.839184149	6634.54039158148	6417.5071449937	1170165.63523348	541778.30430759	1598.70198604839	652.926007735304	505.227834772184	326.704921118892	256.384363507415	217.114766769754	184.413432244292	154.886186845799	120.393740033759
356	70845.9753345821	51605.1955727646	45426.3588022635	41942.5866487676	38294.3264683272	27920.7062756834	17852.765063878	20146.3215826256	95178.1061132402	6743.60680063513	5675.59334564251	460109.689712245	1222744.81971084	1940.75398312178	704.98813894802	448.783356505986	345.961727109517	262.4028560169	213.152171617286	191.264280479899	149.136551230847	120.168174189163
358	63735.5532010394	48322.5788158492	42885.0845391572	39274.7915884819	35822.8398875079	26344.704277901	16673.3018608213	14280.0320216173	108998.291009928	7212.01700705468	5361.94865868302	105630.792576511	1696328.22612792	2945.86557262152	753.661985453052	452.125443707722	351.538583137858	270.138136712488	178.653142021374	192.442849095879	152.718956843166	111.42966035618
360	67189.2772026792	46913.0179808239	40236.4121435976	36304.592252392	33017.045164982	25040.2736700486	16503.4142274207	12507.7449729623	103234.325121472	8548.86727587046	5103.72460436975	11787.1136580838	1772690.20486886	9204.08546733964	811.552822998412	446.16836364161	410.162424508377	261.252308945158	185.560557730491	169.80028507338	139.935439122827	122.130447878934
362	64116.4736902584	42225.4717303385	36242.7538079902	33477.2177673717	30701.7254388666	23677.0612277683	16728.6907901285	12077.0395170091	81396.9737253114	13706.0053014043	5034.59145070172	5455.79703832205	1521981.13923903	103959.99694566	921.635900489854	466.597336330003	388.357239023915	226.677447843769	195.768647571501	159.091298042561	131.595454687295	108.91092960715
364	59035.7473605526	41963.2572042719	35124.8188608379	31403.1882546441	29307.7467622112	22992.0273839231	16616.752693364	11867.4482608422	52500.0765515016	24480.6561607571	4901.24340671946	4333.78415235919	981418.008875244	444479.706660139	1119.79097256551	498.79977963004	370.898936457293	234.448351728531	192.192911344105	148.683478035175	129.0804985056	99.3068361067795
366	58606.7233377419	39487.2354581789	34355.3182605341	29692.0519386255	27660.7596637929	22472.0530384264	16511.5256661816	12051.751202991	30954.9606816899	40924.8056521588	5005.08712568699	3850.5252231667	407806.262513572	1045500.72323782	1427.66319562292	524.308085601239	355.031189597551	259.826478583152	186.651710491502	138.47149969604	136.065500798121	102.821123809847
368	55207.5483945371	39801.8198829703	32041.8052862679	28224.2963112202	26287.8484027389	21818.0529324085	16667.3324451303	12454.4937014113	18327.4422572477	58779.1323430305	5025.68247547886	3765.51508664617	91630.0283094743	1459637.09305038	2158.13247710226	554.089187337892	347.102997698677	284.461050015762	186.139593489109	137.51952977262	141.475583021901	93.4320054171588
370	55462.6274657949	35096.0957527025	30371.3455802328	27136.8723963307	25453.2170917593	21650.3581765723	17338.8290596014	12994.9741931357	12760.5537845706	70752.9742333942	5279.16916774195	3852.9681926575	9048.90365988684	1514823.57886675	6887.16065248143	632.025528996864	355.457300554061	276.454393722356	208.177854695914	178.138290302172	134.479936556739	102.949894742465
372	54831.4784583205	35538.4090186418	28630.8864647834	25304.4813487645	23695.5858445785	21749.5500555396	17554.010510049	13353.5594253554	11277.4743433378	71782.5378994459	6126.15572459307	3756.10764744484	4601.48428445738	1327270.01784503	79952.4735551856	723.801879999691	355.751335027028	274.436305209417	209.065232378638	149.007594802206	99.2429849029012	99.9917711482606
374	49176.3515289632	32340.401320445	28476.021111747	24689.3596734693	23572.7121285009	21509.7589326097	17878.6385437494	13729.3669757144	10825.0551726473	61164.4773568952	8575.87899593072	3705.66085532691	3602.52284206032	885986.637108964	329643.683477968	882.44119006673	390.000889855873	260.896340955311	232.64292773056	142.91764368774	104.663301522381	102.476107412182
376	51910.736531685	32089.4101413555	26699.5470437075	23530.0294998919	22958.0687750712	21196.3969585099	18519.2937710281	14713.5725302172	10830.3503594458	43821.7297275958	14148.443454272	3710.95185675475	3134.81757633228	357772.40492385	722799.787005061	1124.77487039607	392.755956267547	258.823925095089	273.601807293402	146.315201170521	118.333098380672	84.995101509553
378	48734.2990323412	31340.4167411111	27377.6794296788	23250.4178045323	22974.0170966752	21669.6724818438	19850.5357480217	15422.0515741933	11097.0878458218	28340.140738846	23176.3400248375	3618.11275280804	3081.26104848651	79954.8102590886	991321.698316566	1602.81554071112	444.49656968599	268.977313903693	248.273143216364	134.198490495637	95.7710349839882	84.4206690790432
380	54983.2985671001	33457.2860155886	25979.287141725	22873.0254402575	22211.5602747115	22241.8214952255	20155.8675547648	15769.6245104929	11386.3149141029	17593.3252102933	34357.4117042533	3733.853804474	3032.06313847813	8261.63381527112	1049808.83494991	4372.70303968526	490.802598564284	260.21514962657	276.062586836928	148.452065829478	115.114928736658	89.0905767663837
382	51699.7228436592	34182.1367404089	25677.8426516234	21924.16101374	22668.7859979615	22492.6648699664	21497.9814645278	16680.1679147598	12065.6223564841	12526.9239380617	43690.6558837293	3982.04575140219	3066.85893608851	3784.38910170668	919922.444377656	52770.8484150997	567.656619023976	292.103836648131	256.761911740549	171.457777120847	122.593865884731	87.9929791024052
384	49836.4120852116	31517.9219406927	25286.8937503589	22529.9856050842	22206.1480088031	22737.0569086659	22055.0447752153	17343.8435050424	12340.312740332	10299.3462593671	47611.2725341675	4235.60307392923	3063.23379398936	2721.75208750289	612587.422987676	230900.224736138	709.144359046368	276.344613341229	240.374769221722	165.958616486498	108.373722951975	93.9049549884499
386	51485.3935977828	31949.8813204795	26081.5952335249	21558.9033083099	22291.2243076385	23300.9921321598	22219.8703160613	17866.7350656116	12626.9718423442	9742.37739838996	44271.5350058737	5411.1285776181	2994.94059221252	2490.38338498192	262832.440899598	542336.72772903	880.927254833744	302.953600453935	248.859305997108	169.86321673578	106.116783686777	95.4092434655274
388	51872.7439136619	32879.0160030946	25780.6835084262	21794.2983935242	22190.164243362	23688.3274372649	23528.8597660537	18766.3871539549	13125.0666793523	9702.78972033073	35763.1366333826	8263.27179869159	3017.138475742	2317.54653369471	62199.5852595827	799485.081911331	1396.80219854401	332.04244335614	229.851715937971	186.318754712135	112.197076466244	83.8590559374973
390	52915.6656280083	32326.7538870829	26434.4669129045	21581.3551946177	22735.6146246369	24266.5556094919	24141.7430647907	19508.5676532044	13382.9204758658	9900.07360191371	24998.2316307486	12864.2599244959	3063.54026198396	2281.43928394532	6752.82380792835	885141.19395666	3161.94016687086	391.128181559208	256.652702186941	188.664453619465	109.547963937339	82.0478467308688
392	51823.7270640127	32607.70823509	25621.966890162	21454.1291853137	22905.0771931269	24999.6262403852	24937.2036148843	20006.1990469824	13845.6065431944	10098.8585065573	16202.2427611726	20377.7208633175	3153.84351520244	2378.4069976642	2860.38298648983	827517.385592585	42120.0176933774	437.999046029514	282.049637668903	174.335243964766	118.079190548263	104.171022200762
394	55232.8797203827	34192.8698572712	25839.3296167089	21395.2970906897	22818.0780664869	25611.2870860314	25170.6993845628	20584.468297516	14503.3572079253	10288.4103167235	10984.8437914351	27561.5015090892	3315.68569026698	2392.23086716634	2255.26797844749	612938.659261795	208555.372190244	532.424338094286	310.548637805801	190.360742772378	118.337397487958	97.208499944917
396	52620.9445067657	34263.9814442285	25712.4181681571	21432.1893349254	22481.0945321708	26019.0467097277	25823.4842909811	20994.18322823	14775.528413437	10600.8739290563	8685.36822543989	32734.9470719575	3531.96327040267	2487.32108294205	1913.74586019363	296300.051321818	509294.765886561	762.245345937307	321.289674124549	196.963227507471	126.831211937437	98.0377820940701
398	55275.0104370006	35515.276251358	25717.6387527353	22211.4170387288	23440.5769957881	25801.4672093726	26469.5246716694	21750.3867511929	15323.8666411674	10852.3498624339	8161.89920295713	33096.5618732402	4179.64385307324	2478.01380329476	1795.17536411718	80707.4976121614	726561.697076498	1134.00799425915	350.610746453692	213.496516170994	133.691869333569	98.44904069821
400	56486.8698320694	33439.3826205701	26531.6068901278	22034.9125848329	22755.9271573838	26366.3985381771	26927.3234324493	22271.6686800071	15654.2897363539	10932.4603044882	8054.46560539292	28533.1129816626	5742.96440163451	2528.650223295	1743.24762939702	8200.86348871973	783266.554709106	2914.19428749662	406.223937989064	213.124256453266	128.141737544569	111.003672730584
402	54478.9440608167	33380.472908588	27252.2664063845	21917.222542948	23304.8002890397	26211.6483292517	27145.3085518506	22358.9345158111	15916.0583606081	11394.7201476841	8050.78950260452	21207.0646539311	8910.61947347731	2555.6460749766	1840.51034936167	2640.15670068483	711818.480433164	42624.0889004551	467.1038463107	233.250703078159	132.652184427762	104.074564623987
404	53967.8348990219	34724.4909972091	26021.1669311244	21605.87528454	22570.0459949935	26544.742099416	27840.4515780876	22902.8949867506	16276.0836277295	11554.0571808998	8076.79542959034	14351.0659534917	13741.0596100961	2617.82187733744	1845.89895085977	1995.76414114632	498451.316519741	200594.630873224	566.65784308352	260.235165804646	122.594835820709	105.290416706383
406	53708.1023493818	35141.698655084	27066.5670329522	21463.2683870072	22868.8608381143	26875.9705306263	28022.4851105916	23179.3011777691	16826.0918689879	11860.6772115952	8249.78613013272	9746.24088276006	19281.9496018506	2736.47625665192	1952.58345956823	1703.63721646369	212259.391948359	469171.710040522	776.179943624873	267.177645960336	143.097146345868	117.281303419448
408	54209.3041324521	34842.0201306811	26924.8095368983	21814.2926162542	22887.0395322957	26817.2790214233	27654.3110691348	23438.5331287281	16982.7132712667	11935.4710121479	8426.71209884538	7389.09301207294	23971.6827082959	2942.24825617533	1990.89900124739	1568.59289335293	48933.5822341531	663711.168616665	1153.67228556712	282.690664408409	137.130703393831	119.053604327526
410	54362.2280622608	35484.0166970465	27688.4776224108	21576.9926578758	22563.8497705138	26215.5261239798	27940.1387046005	23593.1853849125	17336.2299027816	12306.7437521179	8663.52301872537	6598.73039451202	25693.9680432136	3349.86983796366	2099.3841068413	1572.3002416049	4951.6369250887	708914.546509336	3249.06448568605	326.149307155476	156.314368113618	109.791561869802
412	53953.3887070629	36422.6511199559	27383.9975169224	21723.2980400071	22635.8901428468	26276.1625237846	27515.8518554734	23729.1751313468	17364.3431071833	12497.9183698135	8888.20769880808	6355.65965679458	23659.9916129591	4404.06593556627	2180.90131900861	1588.55026148872	2215.94711364721	632240.409730877	43111.5804075874	383.814783420606	159.528230655596	103.588652624749
414	55390.3867755899	36234.889457073	27543.111996759	22052.4703715522	22452.2087910983	26281.6954896066	27665.064085239	23844.366473187	17722.0686377096	12614.3901247358	9127.69819068191	6461.64930213786	18767.7517206873	6358.58203348577	2162.54175603624	1610.90740537909	1781.66543594714	423156.068892456	198883.158540838	452.403910672057	172.32944874538	110.762648375418
416	53512.5535728512	35025.0593810781	27813.0054203952	21523.5406459792	22475.8894193846	25674.0802462282	27526.4072736206	23557.171553098	17509.58819269	13020.9896390487	9255.50884875658	6405.62165539364	13653.8577723059	9668.55613731329	2357.97874416865	1731.47741659082	1506.69532656308	174184.564287014	448427.215113834	637.997570544065	200.1617103473	119.119850562101
418	56172.6522551312	35677.3160602518	28106.6892160012	21818.1695596453	22041.9365411672	25379.8389701765	26696.594170154	23238.0179330475	17709.5650158179	13157.6913466768	9264.19269204833	6508.73732460604	9401.78782265119	14055.6645328711	2427.51400552793	1778.60865814898	1499.23525535328	39571.3281026465	614495.889370888	1000.01198733372	206.007099790046	134.330207637933
420	54809.655764952	36685.8655401549	26843.6462619386	21771.6917882722	21869.9598629297	25097.0715572918	26653.2726449673	23426.967911124	17852.3346086156	13114.512970468	9520.3735688458	6702.06072407314	6856.632428441	17829.7408996353	2557.30564279654	1876.35863216266	1406.34899125535	3980.09362414943	646212.070309215	2672.00890546831	217.892637162485	122.65241376815
422	54080.7047944207	36102.0738537109	27481.6889397057	21419.934838564	21499.4106925636	24372.2170817468	26167.2793368646	23021.8530552172	17775.3561474731	13065.225757012	9625.60940219027	6726.6957907998	5912.97035021719	20131.1405461092	2763.97295687308	1917.53449652508	1466.454191526	1896.74793000604	566570.60825506	35116.5757168425	285.456937219854	137.268844338062
424	55441.8861578143	36254.3675183813	28409.4584462659	21355.5722520867	21252.3636455904	24011.7093241609	25715.7167555291	22888.2959171748	17736.8010421167	13118.9866080206	9775.16906182526	6867.11018640031	5585.35347557168	19780.5964725494	3287.11503613545	1960.71921697062	1462.15827691234	1526.42896352362	363100.365094959	159309.941791926	348.207119326988	149.797745757906
426	54481.5679035949	35407.6717538447	29133.458635107	21117.3577544377	20869.5017877834	23063.8342624775	25048.2500912494	22319.8243761157	17448.7811920261	13433.6692854918	9821.16635238739	6921.39813876789	5563.9714249284	17174.903138815	4402.07655959516	2048.2736618974	1547.60414261469	1322.29317674135	144544.768249903	371036.903410961	462.898200257047	169.956718728309
428	52453.9784803929	37698.8156173908	27387.9171709595	21241.1362122957	20564.9267461002	22831.4924629519	24896.7487231846	22439.6066512763	17579.5489786725	13391.8643369061	9673.87621157541	7166.70174403057	5586.55697250352	13153.646666833	6395.83834430873	2115.36076241088	1626.47609263685	1213.46926561942	30926.6338607251	547007.190702872	703.14101112289	169.108623440001
430	53423.5849608707	35105.3918016889	27302.7481626632	21291.9739146235	20802.2389634214	22621.0983664906	24523.0357712285	22009.3943720458	17601.5164410185	13399.3400478993	9717.31317837715	7219.19098778318	5671.09777999668	9654.60846988039	9185.91126253023	2240.58126435261	1685.96940018835	1227.45150458566	3104.81346752437	601658.195451302	1866.21827113132	200.08429232647
432	49490.8839149466	36045.9499234561	27184.9560869061	21332.0116205014	19934.801632612	22151.0053851439	23873.2731024012	21584.9120527057	17504.0007632789	13447.5757091438	10102.143179396	7278.27251041403	5727.55090888972	6943.68007662332	12219.0756042243	2315.92523192271	1721.21826190307	1220.75845217126	1575.55288507136	544793.457045343	24287.0653287929	240.489435725332
434	51961.476751652	35957.0484027308	27563.2820179824	21163.3568038923	19498.0564902824	21816.840943806	23348.5938937065	21460.602068939	17488.5043871083	13482.7777180322	10092.890465251	7241.44483322442	5940.97233576528	5819.76137518632	14824.7140916694	2478.99091420569	1785.47736616267	1232.27885931917	1269.69228968915	391997.475815101	114465.898855576	272.102783365447
436	51275.6766803282	34933.2653021261	27893.276250753	21723.0679255768	19238.1493101387	21057.0237344387	23054.6078306404	20946.2850408856	17527.5845906409	13750.1271420476	10024.248860354	7367.09287815196	5885.80337035462	5292.28105012743	15814.151015331	2772.63183103332	1826.22844512999	1315.50743362037	1114.61942211434	177099.412720951	286459.468625541	400.813886226528
438	48033.2527736131	36736.40220619	27883.938885112	20609.4736840752	19072.1220060294	20449.756220582	22250.1582782135	20679.566645878	16953.2172525378	13385.7233332107	9999.65057737474	7478.69658243885	6121.15546932602	5183.06045677511	15084.3921390967	3341.63145108995	1906.46719946114	1366.36588384336	1036.6840127423	39551.8400942023	443580.368452624	593.714027722031
440	46711.0993651031	34931.5075876104	27423.8595693841	20268.184080946	18691.106863056	19479.477648455	21645.3524048693	20450.0716583299	16951.0999035816	13443.3735844176	10197.1879184854	7459.90499384535	6119.97839799943	5200.18948953099	12723.8201379461	4351.53293977176	1999.84053244502	1434.64703880044	1064.97914506869	3527.73912766081	509296.184548727	1361.12659588463
442	45874.9937349288	35590.489020218	26599.1049022939	20296.8991512691	18373.0097415136	19454.0836925275	21294.508419165	19863.8259702477	16678.8138489545	13304.5579809827	10049.7093033966	7679.71372435935	6252.08647180516	5157.67819968162	9893.49598202751	6074.8960703854	2046.91274394893	1448.41901958519	1003.26322339979	1503.50749000665	462647.304471049	18027.4927927274
444	45796.4007896941	35476.0122417779	26951.6001340579	20134.5549223442	17739.634727329	18667.9063700475	20871.2899172266	19513.4464546611	16470.7195228218	13176.868514889	9999.47053010954	7557.96413098771	6148.44317582853	5297.47732258326	7417.48965920686	8140.60353822838	2123.6464253467	1532.03852411324	1067.28508350491	1166.32766467692	317651.506532983	90889.2337044754
446	45208.6852089724	33873.9407165986	27464.6354008036	19682.0798854896	17698.2483080736	18409.86028615	20270.6468937833	19269.0259857689	16467.6289677703	13155.711230923	10138.8103539227	7713.23201640052	6331.75641016411	5263.88415611249	5776.73725443618	10445.1145705839	2210.60593351165	1548.73646674988	1092.27921068792	999.56664476003	136679.235838164	250427.873759415
448	45363.5100348802	35442.2766419844	27474.0427688978	20158.0271988175	17840.927926043	17799.2335620147	19619.6830095358	18851.4797018688	16310.8533005636	13258.9773259452	10180.1726236072	7785.77647470098	6374.39017665798	5339.82060258617	4955.38892519699	12058.7071842728	2373.13758097805	1606.0134909588	1194.29325691056	973.96472876573	32632.6475907076	416122.675130233
450	44751.7118103704	34952.3342097293	26610.7740355381	19904.3510564723	17429.5651811155	17737.4379944325	19193.8224801992	18834.0477291112	16310.1694620085	13177.5417221639	10141.7903878539	7799.97660911086	6517.77945531671	5436.58611603537	4693.40794885369	12407.2874680572	2655.97526950401	1721.39802873355	1276.87462173477	938.461321532019	3234.03316984603	489275.467606768
452	44781.3877091549	34663.811419681	27447.7954192911	20210.0089621621	16891.2226135304	16955.2154996688	19274.8047890283	18208.7718075261	16249.1206125802	13217.9836091786	10072.9698730217	7879.53662278844	6572.5681770843	5632.6138288736	4619.82221218892	11680.456114754	3348.61674186216	1804.59047018564	1336.15958318536	966.449511584391	1230.653123344	451160.555132595
454	45010.9981477867	34446.1789685656	26815.342639002	19734.8235638489	16763.5725481243	16850.6725576661	18434.2414314854	18165.1085545311	16192.5565934334	13099.5548509697	10049.3954713818	7877.91487898715	6569.99948613586	5674.55555440615	4681.71067938262	9863.35994243758	4333.19389676993	1870.26551222764	1384.5300291096	985.955310695641	1026.32777010447	311846.508177488
456	42874.1436253166	34941.7291833993	26764.9468984516	20465.7205131045	16885.7682447509	16472.148884818	18115.7991860323	18018.2805856034	16018.0079762151	13012.0915021489	10119.7317530066	7939.80310966983	6671.69793226617	5782.35670807333	4718.79674871601	7747.52994113582	5899.68588969008	1948.26259864671	1435.25611649178	1018.03988462191	893.293400071103	131837.263510923
458	40780.4213084225	35337.3169919018	27587.4219069065	20159.4606392979	16618.1059604598	16222.5311353555	17861.4125878871	18110.9236236285	15987.7080349304	13035.2216423931	10068.1066228928	8073.47331036293	6741.56963222871	5884.966695539	4840.47822483317	5960.71172477141	7755.3426084923	2007.88176691193	1490.30543213268	1092.39267583557	850.921987245729	30058.5085812393
460	41006.6116784967	35435.6362704351	27225.7269662673	20438.5753742043	16790.8905140855	16050.6834025087	17679.1818645055	17681.7007764184	15878.3358479161	13148.9674669666	10051.3794531939	7961.61819267965	6784.0626949879	5973.14430300419	4856.0483561711	4901.59406130961	9359.23714965099	2120.8463771091	1587.97149002874	1207.10195234266	841.592218812983	2898.58880866935
462	42071.7280974342	34399.027822675	27892.8643535757	20269.9306822379	16248.3808472543	16020.7634098076	17379.1278348896	17421.2433042666	15816.3706330936	13124.0878664165	10058.8427713691	8115.7236462905	6903.19562879915	6017.77564957352	4928.64386883786	4393.37573605333	10384.6442655526	2388.33103219471	1708.28048040514	1254.67682070009	874.279485096196	1181.76267002649
464	41957.4000519741	34864.3858310136	27142.7327898581	20585.5512965512	16369.632348266	15498.0238260811	17121.7833018816	17107.8743377389	15661.409853207	12937.2114963526	10200.5855247752	8045.43504200428	7025.36499460342	6185.4361908449	5030.48661176822	4275.19981773602	10396.5693145557	2718.54355660641	1763.28190921559	1304.25585454616	905.281025858584	972.813325504506
466	44579.7634192312	34734.0359935336	28366.6943302628	20810.2757996601	16531.9141980599	15214.0811002323	16640.594973473	16770.7599167521	15369.2816711322	12809.5994906454	9920.25191898345	8033.83870140639	6922.44727194255	6121.43778602154	5071.82728097491	4328.05959441449	9321.68854219577	3440.83129491624	1805.39656745126	1357.97730688213	942.572445522254	883.409063433022
468	52475.2645176031	35367.4316665167	28008.3113261623	20126.5425862351	16323.595957512	15116.6001806856	16370.3191256851	16727.1930184877	15407.2303928609	12552.115619513	9810.76038561571	7960.27142712645	6983.43693916937	6136.22221745006	5228.08704203338	4250.83681668767	7782.96590359289	4398.30198556327	1871.21068209238	1409.54851233557	982.048759890121	822.713488800179
470	83024.663351968	34552.8555166082	27254.0257156707	20639.7811157121	16285.2891725187	14840.9649093329	16190.6376925428	16523.4412433165	15298.6916882571	12527.2431797575	9786.70559830179	7839.79144039484	6922.32104222654	6119.11343059499	5242.49672022608	4306.86312015579	6192.32045457261	5729.04639642188	1971.58143022779	1526.25866922628	1051.64626430808	819.321186241415
472	144552.393566868	34508.7786951905	27762.7723224458	21052.0688073542	16125.8756137661	14743.4787505566	15548.6657212061	16285.6341400145	15096.8261937856	12380.0441758875	9808.4355512093	7874.09034628291	6928.25250924902	6260.05286536588	5308.79242021424	4307.36273877134	4945.01723108052	7163.45678709741	2146.66203130182	1588.37714858514	1114.04160199039	824.208102345817
474	245573.816791629	35178.0830504599	28480.9313759237	20656.1148731468	15883.6637628753	14338.3373160753	15460.198071164	16098.3235095854	14741.2041915443	12426.0019094073	9498.34966725897	7802.27946923727	6918.59944655348	6256.83883880884	5335.54103736283	4388.51601380685	4243.84892306045	8357.27672754703	2261.62620178241	1658.119378987	1175.2804809339	830.539278305908
476	383668.127740594	31960.9530831101	27638.77115051	20374.6562003729	15757.0458110461	14219.5494922423	15119.9167912109	15909.5678644079	14787.3630571127	12311.8325357997	9591.39270619981	7736.91824898092	6959.36586262133	6265.77606843609	5347.01434694463	4522.46414175109	4004.63874064003	8840.17788371555	2423.71172226943	1674.44896759476	1258.10593137244	865.924860927567
478	558806.598034665	32723.9936071563	27220.712079329	20220.6608665483	15779.8489876175	13749.1476588597	14891.8004492284	15587.4242378901	14368.2277542951	11969.632498496	9292.66952499995	7672.22173844409	6864.28273378807	6276.5525142133	5378.30227679583	4488.17427177779	3849.91409077992	8672.75691880939	2902.10503726428	1750.69833185095	1288.27930765649	926.950616449903
480	702727.670066597	33241.2151371094	27461.9813900095	19722.4685446192	15552.1929024558	13564.3109146391	14560.1059124188	14924.7548201721	14380.2590642871	11758.35207817	9116.17664800121	7505.18419901833	6759.08649253526	6254.66416873718	5377.05458943806	4461.84303403296	3892.92606526087	7712.21977683672	3503.11295450544	1865.89427704851	1330.14880574477	993.698504030115
482	787366.209482178	33017.0245901714	27016.6006602829	20048.8328100011	15495.859842783	13477.329828274	14311.7269807883	15166.8698887773	14095.4765098828	11653.9385718831	9117.90523277272	7577.59116171111	6679.80387044835	6202.79361870001	5355.16059306522	4488.59530161016	3883.76927016775	6433.08239825313	4468.8031754331	1949.7355440582	1394.69352857479	1060.31997423511
484	775790.626715557	33143.5010613756	26743.3159072556	20078.9129092058	15257.6946137422	13143.254388412	14003.9414759025	14628.5912905797	13660.2962738428	11247.2265895054	8960.56149400715	7249.75305955337	6595.85329315708	6090.36092826232	5363.36772934089	4615.135215705	3887.81044212615	5209.81580710276	5550.90460276305	2030.35811068223	1468.29940678516	1110.27426901617
486	686244.844410363	35394.486027694	26136.0389700641	19805.650898367	15268.7340972731	12910.2154228904	13581.4640986594	14194.0269444222	13786.3798928546	11143.5085013131	8841.64692541482	7159.44535818795	6644.83467758362	6131.38062846796	5361.73938045222	4594.83627130549	3905.14516368924	4307.25887871064	6675.04191167361	2094.18113175503	1502.4836252137	1134.58924807026
488	482422.196611687	54232.6259454223	27126.8279976422	19568.4601519191	14796.2888164069	12997.9383787402	13433.6902934128	14312.7467469173	13334.0437686288	11016.0010938074	8537.60386596691	7043.23516447711	6462.10564501414	6079.32805759682	5318.63458519359	4578.10789899378	3954.25375337814	3859.44678946801	7426.43698695109	2295.92173113375	1557.72793316052	1162.31155920589
490	273454.353087026	99829.4963965403	25384.7751337924	19519.3928681389	15069.7868379043	12334.7997591753	13347.9722857631	13937.4685131061	12965.31818539	10676.7919841271	8270.90095994852	6858.22075571991	6448.21671635114	5947.02200538536	5360.478391105	4715.49489048666	3964.18104474469	3651.33750088333	7756.29100840045	2467.46366828322	1635.07353329104	1195.21211887055
492	125151.479391623	189370.681090969	26755.0546438011	19548.73859253	14972.3976741931	12256.5313783178	12909.7541307993	13590.6132829236	12827.8036180367	10323.2321786625	8187.2925677622	6853.22555803326	6287.84759943263	5925.22246919466	5183.1534196375	4649.93335898367	4023.18603295787	3567.69879911375	7388.97960673069	2802.94645557113	1692.21194291399	1246.76019249925
494	61534.2751814068	315502.109902561	25427.0060546639	19271.7250716194	14761.7116480005	11887.2031353197	12368.3841634863	13218.1948232949	12403.3783494896	10307.3471844977	7963.29246163009	6749.41647817874	6171.34368561162	5897.28890637796	5287.80029300231	4619.58554730234	4053.73582764848	3633.35896158398	6586.22733278765	3482.40295556562	1784.72573940334	1247.53582885412
496	41114.4576721492	476964.148731242	25806.7875406662	18538.41413268	14821.0890201744	11659.3569013878	12257.4704404968	12912.0935165633	12369.0379735344	10015.5047885606	7840.74079319474	6596.16465231419	6124.99746572974	5774.93414721476	5198.76665516464	4589.32513180967	4083.2738699295	3593.94903810602	5621.34944244483	4144.50802961222	1837.64118176531	1330.38896845121
498	36180.7422898199	626900.50957879	25804.795154308	19233.5363995672	14578.9572039585	11707.8551660196	11918.4985293655	12813.6179626036	11881.7320582997	9911.13320265391	7529.96838203253	6456.58648835596	6017.94484993917	5704.87658683242	5207.6240218925	4616.95788627132	4028.0546636967	3598.72775491309	4582.45473376363	5070.93334869222	1887.91859787185	1421.2347629066
500	34033.9251621237	732623.016106556	25658.4689800813	19160.009048201	14506.0960767753	11307.6207807778	11814.6671450225	12332.5206019189	11764.3497546822	9678.6210985781	7474.31553732039	6359.70222208597	5953.10109630749	5577.21448661946	5178.15516638753	4613.98454236947	4075.22119955883	3615.38758699494	3984.71312037206	5924.60939037423	2011.8709769849	1439.19099774181
502	34954.2425931177	737883.868253637	26555.3913153265	18566.9412580649	14627.3997379904	11175.3374596935	11395.8995712865	12204.1299517281	11407.3772381717	9320.81723755379	7386.90227199412	6052.31499677367	5810.92368072441	5583.63232652064	5014.22522253077	4624.0711813484	4116.73775489462	3671.509275279	3601.3564193242	6556.97533840704	2091.33836425331	1483.32507406121
504	35444.835455061	667270.13617723	26390.4372047254	19326.8409847981	14730.3428103538	11285.7498130453	11147.5291145307	12043.5057085618	11195.9719107134	9074.12717588703	7158.22368695351	6025.48533379251	5765.85819903767	5566.66999532395	5126.14199406235	4635.99573369233	4103.60461785392	3741.21500249395	3503.33221018902	6738.83840614927	2316.89029707324	1556.42660630501
506	32312.5220527027	536075.9978385	29824.2323078399	19350.9313920563	14727.5046827426	11193.4868760946	10948.1135786286	11595.317760336	10955.0311269852	8895.8480670933	7133.60991635949	5986.95902852653	5618.92186762044	5438.87146880218	5021.23347245758	4523.30156472644	4077.50036344022	3649.97589047404	3387.73770369721	6476.59787878399	2626.31035388338	1589.7306433461
508	34444.8432548893	366970.284802385	50498.6480416062	19479.9475871486	14993.013244484	10788.1991022768	10646.814768093	11376.5111516348	10760.5691962045	8801.87404164832	7034.24139762035	5949.93585395225	5499.91556944023	5265.72248304458	4993.92062143283	4469.36688837378	4158.46195988629	3773.23458862417	3460.78810555702	5900.35009859309	3189.66015739286	1598.36543532251
510	34192.7914022561	207588.911197333	103520.066399032	19624.6904304759	14650.2950526932	10876.3434605462	10499.7681345722	11234.3627615606	10462.2030153827	8444.18437888018	6730.54010492704	5743.14271325513	5450.56707218348	5247.77264436364	4957.9295569395	4527.66726087968	4146.61720209688	3752.72277229727	3439.17365530796	5005.76481372426	3781.11366604637	1732.77477558578
512	42150.0377573837	99700.0642925721	211723.00308723	19984.0181753575	14887.7887904909	10803.7213371714	10095.2762972209	10857.2595015391	10329.7103232583	8416.85394183551	6714.77596673742	5607.46063366044	5369.75900009453	5193.90795955837	4915.11104208755	4468.4627951688	4159.95219318732	3814.12158738863	3551.93532663649	4219.05497039469	4586.67031650807	1738.65806402139
514	50931.9565785725	43981.5034382883	365839.031221054	19979.0934027831	14969.4385695006	10405.4961405274	9839.11808500329	10826.9507104414	10251.2596144205	8230.02040164607	6544.61503948477	5573.07557503627	5232.95634634392	5168.49815948172	4817.21008504122	4446.43865112154	4118.03411961372	3776.56089512519	3539.80925950046	3696.60998852406	5168.67890088838	1912.17445191688
516	61128.1354161589	33875.6207718792	555033.687462795	19980.507447365	15109.3760869016	10345.3560837442	9765.79101775313	10289.7844437429	9787.77239894176	7921.38173627084	6298.51309949959	5419.40160648817	5198.67009660639	4952.78266325749	4734.85178038999	4332.85584067438	4121.16736750954	3795.57891814857	3611.75221182836	3405.05110152037	5779.09376277098	1995.62573000264
518	75540.7419676761	31855.5505403845	742051.606566867	20376.9131756747	15291.5684680841	10329.6106561895	9558.32160588958	10124.0578305362	9464.2435483965	7808.65983661204	6194.14285945643	5303.92595482832	5039.48310887375	5000.93463691447	4696.07932278328	4305.515119617	4054.95783030485	3785.19855494122	3615.77633691898	3332.33983423488	5819.47519815804	2234.19339142464
520	88804.592230369	31205.7964014	875390.14815392	20435.8467685582	15427.3580229433	10476.1277293294	9544.0252004203	9837.29794257426	9256.56791985572	7594.27917985835	6054.1611071369	5226.2112978513	4951.26438893603	4836.27334107801	4602.87673632955	4378.93809731389	4059.97604226209	3831.15800590693	3578.09987727773	3286.2803950317	5595.43413968961	2542.16239694156
522	105571.934792757	29134.4907936223	890670.601263377	20994.3562452893	15142.3418014949	9781.4508433314	9013.47269411573	9658.07313558756	8992.77394478175	7491.0465292762	5961.13336731152	5000.77051761626	4886.82879782254	4706.55334168694	4528.22564929648	4242.54628668714	4034.24588607758	3839.19637535709	3571.13224082841	3249.24290448797	5019.28420368948	2898.7957958056
524	111826.289394967	30912.6602813348	789066.559311848	21929.6426905218	15463.86699361	9841.60589920175	8776.67095734934	9401.13064114348	8807.13135827411	7343.4763405693	5833.96518525371	4961.72273419478	4706.93000687954	4641.32913333844	4413.31681391429	4138.56077264461	3970.94162299161	3841.68622904037	3576.57583072803	3297.00701633711	4414.94339284017	3545.98111646518
526	112397.291883064	31409.6613840837	595977.29446877	27092.3432286856	16044.1542999712	10108.951693333	8451.87249695047	9131.5912802408	8653.00267521254	7104.15599828472	5676.49197463584	4732.28810950618	4621.99481361028	4611.54115034583	4441.82468824485	4096.46449472932	3937.12655697512	3773.50442801199	3587.94769338579	3304.22118699407	3767.61325978174	4087.09917882296
528	101060.763082487	30688.8599341933	397477.751147444	56669.5243365414	16020.8967397641	9754.02319198336	8339.92422962849	8827.07736078876	8281.72600096234	6966.69543524031	5506.62869032719	4656.12668075923	4545.33311651247	4534.60983901702	4237.6255658196	4050.0737076851	3876.11777669291	3646.94645136973	3543.94066119581	3263.83890653278	3268.22882434506	4670.24207126143
530	90978.7435306976	31792.4570010666	223103.924251848	137364.226837373	16490.6105440807	9826.57203683894	8203.33449311614	8566.11568553203	8168.08089087786	6721.74541616075	5495.09565316323	4533.25036885526	4423.483439643	4362.50228068029	4213.69314057423	3946.38187248593	3869.02791099095	3696.95494586078	3542.41414872454	3341.51511718096	2904.60438166879	4998.79365872925
532	72825.7698879	32822.99215898	98379.7204305156	276668.383095024	16197.1003654595	9816.39733801969	8020.72914405094	8411.04544472742	8093.25571004063	6507.11979100587	5201.68771371539	4497.60427833852	4271.42594610745	4258.98696787124	4078.13170275243	3926.39861598242	3723.48149276281	3706.06443379952	3489.05791364428	3310.88889319576	2833.96129765554	5181.62117504402
534	56953.5237255914	40761.6718359263	46240.7811576197	474332.412120807	16452.5722600213	9443.7673565492	7840.36608143711	8060.91027989801	7662.37925772391	6338.98282148331	5095.72504272204	4265.76039018078	4167.909437338	4137.87420204992	3971.04188045029	3799.39759244108	3665.99285826271	3603.11228481131	3458.11513435608	3283.41874110769	2774.46866160957	4875.87109559161
536	43161.1118694225	50696.5984130017	33828.6533552292	700601.401893726	16943.407747671	9454.87886713702	7774.96191739609	7990.92496594341	7303.8755096564	6162.34681247857	5082.74310007979	4117.34805926519	4107.63235977987	4033.40035924249	3993.27218994509	3715.21128366799	3661.43410962121	3540.58537472548	3493.18396897648	3304.78331683022	2782.92021456976	4520.05768658315
538	33769.8800743268	59503.517609218	32321.245605572	921824.446506367	16855.8870184782	9251.3066652121	7408.14751627253	7712.15463652968	7184.27052195068	6036.97377923809	4817.44005027903	4077.76988260706	3939.14186404098	3931.77518257052	3815.31796083325	3663.24739757632	3582.03629169502	3453.28110325078	3508.98660761409	3334.19642043016	2779.53548248982	3883.186171784
540	28510.7884253289	80394.8703511922	32238.209550247	1053523.68062843	17366.6825575455	9291.19493722778	7271.53981702963	7441.03546695797	7149.33388499021	5852.67741291594	4790.3826447487	3945.55411048166	3884.7237643961	3838.6653044675	3671.54823295094	3632.08848333959	3600.55072297602	3514.40592102041	3446.72674577797	3369.4811663762	2833.64880389518	3325.35041516638
542	27391.0013837824	94673.595723484	31577.6814461745	1051697.97142898	17843.4373298599	9240.07855373208	7307.00783513074	7242.76765772246	6930.9107489821	5699.94635554313	4558.65786354685	3857.91011098441	3700.48591379507	3833.09262633505	3657.89014399179	3560.73542427368	3497.98765840787	3422.47579723519	3435.84490513495	3203.27544060355	2820.51030274505	2925.30039904197
544	26527.1648692245	108444.692942072	32066.6566697481	907401.163766231	18645.0236521933	9363.19708510676	6910.12618259249	6914.65195688574	6693.23498721805	5531.32873493674	4575.16697160292	3803.08765498546	3705.23778904042	3667.31837735516	3576.80531142208	3457.22786511145	3451.45920612954	3420.53165838853	3374.58620553374	3151.93373988149	2753.89511360841	2629.35072009071
546	24705.6769206063	115728.039986085	32250.9673503915	695429.175124922	24372.2460508317	9214.09677279192	6768.16939732247	6837.21311216814	6587.51024124181	5394.96250642926	4312.58861736681	3708.43624782202	3536.76538327023	3583.36491775265	3473.48294342697	3280.0559914676	3340.13127404036	3325.25383605309	3304.46673020831	3198.25354184441	2789.88831268871	2587.59003882021
548	24963.6193526816	120055.557329542	31089.4490351844	447680.853919371	57864.6881915942	9088.58762744656	6762.77718382593	6775.03796181856	6366.44769471393	5267.21804162309	4339.68092717122	3532.86986427385	3450.70723022257	3506.06713561588	3427.01464059571	3259.19804894743	3359.99047914307	3227.65552928224	3348.68180181162	3157.49672773309	2788.65255659883	2540.93688303225
550	24778.3922389141	114042.717120296	31112.0447905358	234647.239841145	141450.588951746	9078.51448266524	6282.49071269747	6535.7855628118	6035.65983939377	5162.14037069224	4142.19510022331	3468.91383138516	3389.65354321138	3491.82794123993	3338.20570301014	3209.79008712963	3183.92322208035	3192.57062409286	3239.09734196185	3165.46992820562	2766.03282413659	2502.68336003976
552	25658.8618316532	105741.624151336	31720.9831695875	99348.3350025536	293521.713182141	9634.00730651117	6271.14893623705	6295.87488099705	6181.82338575277	4944.20034658885	4152.99139888814	3367.90385456784	3258.79413212702	3380.35246660957	3260.06517768252	3143.65859533484	3183.28313863413	3198.5054744782	3217.40776048054	3133.82403623428	2731.66197061838	2514.29848921202
554	23337.568184361	87391.5790749361	33076.6308707396	43490.1280275436	491628.533804141	9220.5916892718	6294.08972370207	6184.84852050307	5830.47999947045	4867.86217273276	4022.04943084726	3246.98129023662	3122.73202832192	3237.85998284235	3169.69184927111	3095.36056038413	3106.77679053372	3130.67547985667	3172.15124948782	3155.24336674867	2659.97081912989	2452.22383863236
556	25541.1738974338	70679.1094494978	36214.7076719817	30916.0076595099	717254.214266369	9338.62794968733	6262.71789766879	5903.70646399241	5803.57532890072	4617.91117244859	3817.24106307928	3188.23452952951	3068.19753909822	3177.1762508719	3097.06278902322	3010.55321376331	3043.76946931408	2983.13821866761	3087.20506836404	3075.18586704099	2659.4908313707	2447.07473485284
558	22780.6184120216	55906.4290849419	45480.3312241234	29473.3525828766	929672.988767428	9372.70432966322	6044.9695433072	5872.87471789541	5628.98379753378	4615.54202014256	3799.34622386182	3030.09681606079	2975.54486155966	3065.92999052949	2996.95005732789	2875.72905891323	3042.37868071057	3005.4188613699	3064.97788701429	2984.08724603388	2641.58842877798	2454.83936744846
560	22585.9950563481	44046.9610321083	57286.2739098363	30132.1453110735	1051613.03012159	9266.8330701641	5840.77609967648	5513.4270875875	5345.53938411731	4433.69583352525	3729.32284909054	2952.73054727074	2912.72361815876	2992.70279787031	2840.18105153701	2866.1500358873	2906.01600534566	2961.11592557234	2980.47200276471	3056.53841451597	2653.23428025761	2443.88769183168
