Wavelength	240	250	260	270	280	290	300	310	320	330	340	350	360	370	380	390	400	410	420	430	440	450
nm	CPS / MicroAmps	CPS / MicroAmps	CPS / MicroAmps	CPS / MicroAmps	CPS / MicroAmps	CPS / MicroAmps	CPS / MicroAmps	CPS / MicroAmps	CPS / MicroAmps	CPS / MicroAmps	CPS / MicroAmps	CPS / MicroAmps	CPS / MicroAmps	CPS / MicroAmps	CPS / MicroAmps	CPS / MicroAmps	CPS / MicroAmps	CPS / MicroAmps	CPS / MicroAmps	CPS / MicroAmps	CPS / MicroAmps	CPS / MicroAmps
300	2182.37964525079	1535.3103210679	1714.83873826502	33726.2442703748	3620.07432500491	2151.0466396311	170567.664664666	868.944599381919	131.948821468066	86.5333437928069	65.6511418389522	59.6495178347021	52.8389087374754	60.0676631759206	67.0929515037423	32.2769176752329	31.3778017658017	29.0427821040834	25.7984113984794	19.0238743135167	21.5106400598053	22.2364947412401
302	2395.30369356272	1890.64984516874	1904.64542268568	22846.2247774418	7962.51708773483	1555.57040941232	149762.238183916	8779.68229514707	155.555245283981	94.0377025944268	73.0689133550933	68.4824878244154	50.7100827144357	50.5541473332899	57.4398327195275	36.8108698871516	38.5124754322569	27.0153959734445	25.5829725735762	28.6509073044467	22.7496684038847	19.2175776709807
304	2489.01109550345	1975.1772382565	2182.76939799871	12750.470568224	15977.0633633742	1393.57105502459	92153.7014767458	37778.4765073376	165.530073271735	108.360651919355	75.5488774937616	63.3962373762566	69.7998411851731	60.4396042510326	62.2480854348032	33.3294143343393	40.4027872808139	22.9221248624901	23.8468563947346	24.7150267465101	26.9325911726745	23.5351026564757
306	2676.48497443347	2191.86751245001	2285.03681622414	6216.8221978992	27171.8926945091	1365.14726213104	37862.1121082756	96845.964518132	224.968069590077	96.3375150537529	79.7255365045317	57.5653266833466	64.2860808895625	53.9446300981226	59.8318939064163	35.2326365241892	39.0183649739712	30.639539280727	29.9145867129501	29.0912226066884	20.8845468882707	19.7809502505565
308	2851.91635364969	2516.99942552643	2438.5828680998	3559.67465750276	36647.6300583502	1382.21349231283	9768.27984452016	161130.267539967	292.10741906299	114.695741642615	81.1995916703954	61.6726623722636	65.9702489110748	53.957967046132	58.9501557670138	38.6676739215917	37.805940325779	31.9980483330087	29.7115290352713	26.2338500674511	23.58242566598	21.4846146333736
310	2812.41125660803	2679.7626208931	2675.67372869179	2981.2375230852	38859.7676238309	1641.45318867733	1979.47234918338	193052.197477287	970.732582768686	136.211316261998	89.2529241731236	63.0028161391333	67.356727039924	61.4125355415149	61.9764917503475	40.2858036702364	32.0891193848661	27.4598132871062	26.0192383005	29.9532948643587	21.4966398642534	19.9807835986374
312	3187.51237980391	2806.29296069392	2780.39206425432	2878.06032561643	33472.8761819116	2845.90247741724	1436.40703486594	163805.052317859	9805.76592337824	143.428685022271	91.3397318474768	65.4033784655591	62.878691761782	62.7333434887184	62.5368274370522	33.6351059994014	38.5230769014302	30.3998410380135	26.6769444730119	27.0955021162923	24.6365461692721	23.9586813122233
314	3278.74790940742	2998.2829735966	3048.25342961939	2988.16160458445	23325.6352881521	6717.87380257336	1297.10740424634	98999.0808885046	42088.8506349236	170.783526769771	108.206774930784	73.9383012959411	61.0969323198372	62.7673856153184	70.104857351635	37.3484191717008	40.6514535699162	30.1881082220146	28.8637226000151	26.6750664353381	22.5413293307965	20.3483789497858
316	3560.52683727804	3584.4341536202	3400.02604351692	2945.71951117743	13060.6555017932	14052.1499966433	1239.94210797273	38904.5221947165	108240.240571109	219.525658958707	108.213122107592	69.1648976806557	56.6149495707521	62.1149093215744	61.0049712722257	40.5522220795536	37.5376469938482	28.1484538091744	25.1690935023648	23.3907957383081	30.6813896124248	19.0174944157233
318	4497.68744075089	3346.29089250527	3230.65670053672	2912.48841347197	6368.60167789426	23686.5976657978	1164.11685894352	10003.5595957002	180296.509476751	302.104721900266	106.75325546276	100.135627295428	61.1433883442952	57.3672994798464	79.1493254447222	38.7128044984508	32.8225987433905	31.9931952508558	30.3729771801531	24.9298635554398	23.7987410466141	21.666715382556
320	4134.26391240164	3588.10836033297	3230.89868354953	3101.83563435552	3536.73730525369	32425.3214467771	1094.32117535277	1880.5511626274	214632.220145239	855.950594543673	120.145359719085	95.4007106108597	61.8080014899563	60.7899485194824	68.924897386078	36.2668094564015	46.0861361981017	32.6721695977716	26.4628257055063	22.0697710048743	26.0832610495693	22.6027502787149
322	3668.34785064025	3971.44221371524	3469.68521429364	2952.74747117691	2644.13207670843	35141.6098488596	1369.64014790341	1309.73670857788	185749.125252958	9192.95573695412	155.310091702373	90.9071211470083	72.9200650189257	66.8874482236948	64.0301940108896	38.9487365009424	36.3895840993878	30.8701651536879	30.9981445018024	28.1977737160547	22.9576308679398	22.2326221075353
324	4284.29117361326	3991.692895682	3652.55172049648	2998.95236502095	2355.30702797817	30952.710408366	2368.54395409247	1150.90864222814	115828.382976903	41241.0898211537	174.916909909794	97.4267383358889	81.2805849048325	63.5097936606001	65.5740421877848	37.3640647453473	43.2765427492895	29.0382241977095	27.9774293615151	28.1974307753584	25.6676766334861	22.2303801862259
326	4390.50060261405	3861.58683250799	3748.42612309645	3197.54917289258	2420.1219637171	21814.9381884725	5422.28563767883	1101.50204216082	47511.7005962203	108294.140924254	216.106137532572	101.83153603352	78.0725709820787	71.6080392517449	67.7135027968043	45.8683252886383	47.5560721178031	25.8700203928881	28.3877683828813	23.8181296273603	26.0846371592197	21.6719085539771
328	4389.86573513385	3837.85127600074	3681.02394451152	3233.28686579828	2266.92300825285	12709.8740617774	11724.1329100954	1003.19608593364	12306.6980813766	184828.207532009	285.318300771467	113.412167919738	89.2737396194788	68.5539955416302	74.3172532268867	39.4719230378262	34.4754290192406	32.2320620558028	27.7608436327696	29.5072323246779	23.5792359087956	21.1010874427995
330	4094.62072560055	3906.75573096749	3681.2848431411	3147.1143256607	2298.98690885186	6118.20917615203	20046.4096065428	955.101266476961	2184.41681248061	225670.174143559	807.130530603475	118.141685455884	87.8600873122277	74.9705626447269	69.5293342678276	38.9393801403246	40.8673316073963	36.9792184657066	26.6694496695423	26.2381010890403	25.6845464405891	21.859577852393
332	4415.84861243301	3943.36448301237	3522.84876501886	2981.59707385253	2371.47736492975	3158.36955270195	28283.6165096266	906.420757343737	1297.34134990873	197832.464402043	8985.06604760965	136.575660568693	92.0346970205152	72.608608884488	70.4322736123792	46.9337057715817	40.6372229095402	32.2246881811064	28.4109760049941	26.0224362253602	25.6710620363544	26.0098714156454
334	4041.86898087337	3956.82442570032	3322.17379405454	3038.6358060546	2233.0907998326	1967.44716907664	31645.6676399858	1044.07410706985	1163.74587109132	126079.759604804	40548.2015098537	153.934622800117	120.922758417563	72.9368913698758	78.256640581268	45.3076097069604	37.5506121388492	33.1227831191907	25.3808610203623	28.2060755400376	28.3783071042024	18.8470801757708
336	4323.89744682759	4037.80236617746	3417.49757326974	2923.60378963992	2209.65378200632	1708.38894616332	28561.0111638563	1929.21954166818	1067.83750782173	52504.5785808421	108394.059492908	204.832133879863	101.812494385045	96.3945124099411	78.549208665315	46.7148189139396	46.8254936779601	28.5922117932019	34.695523517877	25.8134088134124	25.8883682278235	22.0382498324526
338	4948.45483751056	3733.42920935646	3551.3795713191	2866.16397311288	2131.53842985631	1600.83056939122	21056.894994584	4530.00534053695	1034.60347202407	13706.698891822	187053.554026231	313.247608120843	134.368048488531	75.3253696213357	91.5459937918964	43.7578144036038	35.6350187124912	31.3141813887386	31.2336255480321	27.3359593091114	25.8622219013041	21.2913112701576
340	4603.43869950134	4137.67105480703	3465.67982696204	2884.45549019276	2176.60675485379	1462.14416180439	12594.2472152679	9940.15062291129	954.845358805432	2392.13559216042	228721.026608499	811.40018881968	127.114790817472	94.0206560612658	87.294909837608	46.9427264832101	43.2773497978487	35.8684615511201	29.0505027998666	25.1461285090922	24.4115849696748	26.9590920651988
342	4748.55091055224	3733.64859653432	3161.22412880123	2699.31861505599	2064.43232214065	1486.26741766253	6188.99599941565	18031.6373286813	905.331538044037	1366.4233550013	202629.903362379	9197.88075804364	137.801111640296	92.6424231019975	89.165088685563	52.8495841838733	40.8625186946269	32.2294128053568	32.0937867962983	27.7601152369721	27.7516932885497	23.746042747003
344	3812.38425063415	3896.37472213243	3185.96862894594	2667.68223889882	2181.9282669871	1467.42107416073	2819.17161468013	25827.5012398847	873.186347475592	1108.08937086971	130681.940442358	42845.9481283647	176.335675748429	86.2105473925803	90.0618781308185	42.4160513249874	36.6163837284599	32.4696732719955	20.6009903916738	26.2327836224122	23.5784983703055	22.9808428898383
346	3959.40463743648	4115.91970640929	3066.93084104066	2627.81901025632	1908.77167828925	1379.55542569533	1531.18504844993	29986.4831783931	938.684045187946	1017.44217266911	55612.661415616	113369.09543628	233.360234484918	89.9538400820647	81.580279956883	52.0187125774879	42.7969480078236	39.0497467490422	28.8363311119365	28.430214845457	26.2966705518551	22.2235630474987
348	3745.42176253485	4205.3722703708	3100.18839589473	2539.33806731763	2059.74429586379	1399.91849178737	1100.96526772352	28508.6328488543	1577.07110505411	986.277472440618	14457.010638554	193269.7822406	341.602423846469	116.412802365542	103.408106337837	55.4868165375296	46.3773091868892	32.2485875659239	32.7384735650827	26.2372281137956	23.3717669869211	27.683158996337
350	4189.03097714035	3855.12049624415	2880.31545350665	2330.75728623289	1911.20967708113	1281.68854901195	985.744755865432	21710.3746368386	3789.37595299672	936.632875104444	2376.06167359874	233762.883708256	987.367605516464	135.10386666752	94.9207384950937	51.4846107181799	42.0788015358237	33.8218725096406	26.8944891399542	25.138866871578	26.2905802519086	22.9802872131121
352	3786.7456289336	3688.94711132577	2910.72733406926	2476.04498746652	1842.89769834975	1328.14497827744	888.49738828613	13255.0971180385	8497.19677524274	877.069783841486	1310.99538817006	204597.33269342	11068.8364076609	154.000341440008	108.492701046897	56.8465198429024	48.9916493676111	31.3260172737801	33.6136099784728	29.0902447379634	25.0445330767614	23.7335147993535
354	4082.02833350168	3786.34858925632	2638.38598834978	2479.96670168265	1736.99594192492	1276.21591824331	856.09971933436	6732.22854144546	15933.358760303	796.311175660607	1063.74298270787	127326.196453888	52180.3831483303	165.61029480198	111.221704217078	60.296435628865	53.0362938304135	30.8763487968149	26.6782089954568	27.982549574813	26.9162509146317	20.3604938119759
356	3599.61408494067	3662.6701019972	2709.3882255252	2172.95001966979	1687.97765123309	1222.61066834351	883.483054850185	2972.88264612608	24111.9961841252	790.185749014489	967.115067872739	49937.0772880223	135944.723566074	219.256924432443	108.238919600528	53.876985307739	41.1253082919689	35.8745253809754	29.2884929866479	32.1402658363559	27.3343867766326	23.5369200682762
358	3960.1403242319	3597.05359262835	2532.44658271389	2160.40679334287	1678.33428910131	1253.78932743634	857.419295386513	1491.47260139121	29058.5551579812	846.193074496943	941.842916956895	12184.667219774	221607.465201994	352.13762091236	139.308319608529	55.4909795566565	51.1375950996209	39.2460552614153	28.6257282081708	25.3642751349361	28.591128659601	24.6855510145628
360	3640.63808220371	3140.42102553148	2482.46473377726	2009.87018274558	1556.36513919014	1254.8994377485	829.979679969675	980.168059128944	28567.0047387291	1290.77072040366	917.516623178419	2111.72975731832	260764.491901353	1145.72739157266	163.501589553902	60.0404446042543	44.9275540561711	31.7933349379038	28.4049086744422	27.5467082016757	26.499073722249	25.046635074116
362	3802.20699769022	3109.28467417656	2404.36708841791	1978.9436048095	1549.95123564533	1187.68071884324	844.177071060334	817.528498213471	23039.5525753681	2999.28362897448	841.170069573729	1287.80500825526	218913.354176635	12454.4163117711	170.179619437952	67.7501939423385	58.4974626467666	39.935253839486	32.3048346943667	25.5697486387105	26.7212542949459	23.9130002773749
364	3761.07743667922	2917.4441580653	2071.78979672227	1891.33638771426	1478.75183414585	1197.14730222323	821.672947382954	737.451290803611	15030.9074115015	6803.2622973173	792.955201935864	1024.13263614202	132014.308590195	53502.5257021262	209.186738375146	81.3849928039032	59.6837102115463	37.696690624742	27.335946551321	27.5429853560584	27.3439502024327	25.616166336762
366	3761.11183869775	2796.97597657502	2023.95889129704	1836.2299386828	1455.39024398128	1142.61085650608	803.120613065516	678.373145228979	8198.20510563972	13236.3119095334	736.780291273784	941.514935395218	52971.3528349261	135709.872799126	284.803397005529	73.3743112279684	56.3417085372053	38.3744636033221	26.0165796359404	29.0733659292697	22.7460924859424	27.7046657559386
368	3640.90486643778	2917.70053763874	2063.41841507716	1979.30577365165	1417.4947738302	1074.54247947835	792.698076117481	684.559810302174	3780.59353852916	20596.2714080248	683.876142873467	912.356187686444	13249.0674968622	223086.069282985	438.652454234394	86.3993906785066	56.2907463773593	44.0325241049747	34.2728294361398	23.1737580557417	27.7573214138257	25.6128018269619
370	3131.20311115273	2951.54677787675	2027.19171254119	1722.59383720728	1397.02116775278	1093.06940313462	836.870665919194	663.265915757854	1768.4718130086	26209.7631692137	739.068590786482	858.912734737517	2275.02758658941	261154.090435984	1474.74771853253	89.1131066503422	55.1777165515249	41.0936090277736	34.266417558707	28.8362352994922	30.0576991547956	22.0365334365652
372	3667.07779397778	2525.90884063649	1897.91213618929	1742.89237259009	1313.4264678694	1001.09990053458	816.741701819918	676.195059260751	1165.34567852953	27650.2811064899	1079.90561443251	914.99518578497	1375.15862079708	219194.430695686	16987.6038381768	100.007767003996	62.7551300738638	46.9863243954974	30.5698251079362	25.3526526894385	28.1554871337379	25.2530813358418
374	2997.10365226271	2466.91377054639	1881.7578368518	1687.94447844159	1292.18889370783	1014.03157703363	841.184110783791	674.085170776361	916.844508529036	24176.1241595595	2303.17738320559	826.289444928875	1068.64976139042	130975.954153201	79293.547994038	129.880241417256	63.96792782029	43.326359743255	37.2988198939516	32.3588663796664	26.0926972463304	27.6799356059317
376	3198.71859284904	2376.35289020841	1865.74876450483	1754.60705156631	1319.03220702204	1012.80653556025	828.699579778915	684.918464537121	750.899766828292	17269.1718839454	5149.84087969232	776.584479830825	957.222018499357	51023.1515229515	195228.213441094	173.887066208109	65.3820450243649	41.9862136702574	38.1823342635004	35.6496738274188	25.2469731287562	22.0390992241596
378	3265.29041652613	2440.29561251416	1873.4068369889	1595.21200906218	1361.4452020513	939.13185366189	816.378610638915	690.774857957788	704.739882180903	10297.1126825064	10158.0690376182	740.759014119969	939.566508546657	12835.7226591954	294428.088693498	260.878605715609	68.9537100225235	44.0375441492875	39.6852280729404	33.0221085397732	29.4175400276304	27.1374951203488
380	3480.27862095962	2292.60938274273	1737.41763435219	1553.95447874057	1276.81165573747	943.963984421987	780.75966999252	669.572388540744	662.563315781039	5169.05820980967	16777.9979341732	685.005950227941	901.841633569983	2259.86503308166	319047.225122991	679.728502937929	80.3501509412478	50.6213790310772	41.4303247520739	30.1713102929683	27.9638860985946	23.9264402495417
382	2849.51349825703	2314.27583563354	1678.70109556141	1505.3746932137	1183.67453613303	999.013573457861	818.512185806438	711.690975997653	672.717067657401	2515.46341286779	22626.7983552001	688.863442718256	873.465285365299	1332.79083985541	248681.962045489	7679.65806461054	86.5712037595492	50.8473728983622	42.7370430394175	31.7117993241603	31.727404572922	25.638447908982
384	2944.27048025329	2096.6423463121	1587.59010037001	1408.85777678446	1237.33527191292	941.01229784657	782.887547869623	701.270731965252	664.94036672441	1333.13549385585	25859.8854353297	887.687168294493	858.144490999998	1025.40652222599	138956.293858454	35949.5787093676	115.357368432339	55.1283185065448	35.1320688154784	36.7364346610555	29.8280416275116	29.0254652740327
386	3451.92767912884	2006.59709285335	1642.97483069219	1385.14855620635	1186.15037204026	912.520437172504	802.657073297528	713.447502241297	654.754751610853	931.199945477038	24163.9605798231	1597.97175534705	785.842632636778	871.025189465895	53458.9100146748	93313.1180008234	150.495390332783	52.6442266166048	39.2454122703222	32.7965306342654	30.8906958527451	25.8104328464507
388	3333.08474716713	2081.00129791437	1639.73580586103	1318.77992999093	1078.98056028658	883.991269013854	744.305194772701	704.156754997903	651.912279794427	803.196004769771	18946.0901994382	3543.15052003112	729.29368224535	769.445733856714	13225.349671298	160902.807313497	214.440171995108	58.0999539702038	45.9970208393609	40.0064877655062	35.9053830845163	26.7507371967648
390	3318.82809590119	2201.5775900968	1513.66423211042	1388.7689809735	1148.29882406835	906.533944622835	763.991930238112	703.946491187259	616.866538950873	697.647822672108	12264.8453201981	7220.25714100923	682.661613956035	780.896058195593	2238.93513474619	194824.460012684	520.681139567184	63.7657004706354	40.7765836647686	39.9838005656905	28.3696259107007	26.1817408456228
392	3199.78131356476	2280.75721789892	1524.33875965998	1368.88961883915	1104.00780231891	925.486889907601	719.252160322201	676.658805980896	649.87852937571	621.117223658811	6647.18110294203	12479.5175805218	636.721699361226	773.812620976848	1199.86570189306	171316.769465031	6320.26347812862	76.4844610692931	49.9096395091969	41.0874269352173	32.9771847170302	27.8801815153856
394	2891.5189329201	2154.73186388876	1559.54776696535	1192.19115140848	1109.05616931474	938.925748350379	736.967386120918	713.491356260055	601.735900926154	599.556681115698	3149.61663757251	18458.6948742071	618.263584618027	749.875076409297	910.861474055189	107345.73648654	30714.702526688	92.2008229837954	48.1588872340095	33.6436859889759	32.3201182261484	29.5812243669839
396	3160.55669544361	1826.13402805971	1518.98436700999	1232.72636137796	1031.11798922361	892.808601626638	752.711936276493	700.579945913247	619.351254228513	610.964378453071	1593.52680372181	22360.6006332979	673.354195481245	708.532777096514	767.880616392014	43401.6932998324	84873.1187022538	130.310697563389	52.7101089383045	35.1817915141735	29.2065021525885	26.3754946353328
398	3132.49318377719	2042.34370957918	1504.94661709829	1230.59872030353	1069.68135639307	831.379702839058	696.516848370099	702.891538768909	642.958089192875	569.201659921019	1023.87706557385	22718.3689379061	1149.25293032762	626.46087324274	626.637754970129	10851.3187749501	146924.72014138	208.607044067221	56.8296012427467	36.7277507957618	34.8682622012107	27.3139217642744
400	2716.26190892206	1905.31529833989	1232.59147877104	1204.17341696431	1037.99047541888	855.870634743573	742.027058667988	675.51208759109	576.968140868063	612.192507051538	787.889050870923	19264.0641442952	2494.75690411007	562.092285230821	640.069041421681	1752.24242243581	175237.951307707	481.19294954917	57.4621177160881	44.3453137608809	31.2917056807198	27.6862817372451
402	2932.17944052952	1836.76019696915	1251.95364714745	1165.23348324558	1032.88816362977	856.950008938502	711.878412593698	668.076333250199	602.450783024835	544.000943167355	673.52024607577	13468.5502368498	5334.3473970337	574.290259485308	607.396007926776	937.383974295432	146987.322507238	6151.88347682153	67.0037606005225	41.7407007794522	34.2213598463767	27.1215035962594
404	3627.16282861492	1942.09987273874	1284.66079420836	1097.27932094115	1062.67011122673	865.816549198477	727.305142343345	651.813367473141	611.35082525754	567.184946514921	593.859691028581	7940.55426108232	9775.2273666543	526.161198474479	615.028576121937	734.500746907645	89179.8740080451	28344.706192941	94.4069797634425	45.4622418615971	41.0952512236551	30.8992629771831
406	3185.6939626045	1884.6951168163	1402.88308344765	1070.29349714048	996.939069381324	847.22443329537	696.768837822172	607.639457829516	619.16269518356	579.912136871859	553.347608828915	4082.99844760178	15196.8674108936	502.350481527927	600.325257858449	611.15441509907	34609.554768964	73645.812781258	118.826151414288	47.6150944084733	31.0751660818251	32.9549558964495
408	2986.30858726372	2059.48049926136	1364.56066208316	1077.82162537897	1004.24870174001	819.096746045835	712.124288318543	631.71560710489	614.266655851169	537.038672214779	533.572752262125	1946.66987312979	19591.1726488518	532.069663770248	557.894722923947	541.449433711189	8053.32644152806	124722.504898324	172.728948640017	53.118060322885	35.5038807762499	35.2231071742497
410	2638.13310490654	1757.04150530725	1202.26185339835	1046.98759803342	972.98763811584	843.594687805124	748.087194273676	602.233805803341	590.973807507304	565.260130938851	525.887477986529	1081.86411169092	21269.4853747269	807.235910032234	508.826161829727	492.54641825356	1317.0609016153	146311.232226619	517.260943835938	56.627209213623	36.5430737780125	30.9110934360822
412	3173.59325610442	1762.79169705309	1323.13530819342	1057.28374264452	978.456904321528	770.00024135835	706.317396937091	603.725195581107	629.408723492632	546.350083618142	500.153506416922	785.291098788981	19201.3247495354	1733.55056368482	472.201831267105	463.133945572559	803.451071475673	122737.589902799	6153.77253703729	71.0400368085045	37.6033550740099	34.2886658393774
414	2666.66809754039	1624.88533450513	1180.60756826514	1042.10144474483	916.178721599643	870.647780627603	676.60352631365	604.395788658837	590.161627468193	540.675544147702	486.189838700576	639.051710964437	14569.0412057399	3687.25701285644	428.518390815584	464.836258034922	603.703738147398	71751.7695411761	27568.927270533	75.4166765596014	39.039801574724	27.3202689437723
416	3132.43593541504	1736.03438251689	1336.32821135404	1063.48954529303	910.12959968956	776.739540055167	731.091984839467	575.498307698668	584.763107654311	542.691656839354	471.522761489804	546.488455174925	9252.80846176957	7017.70861669409	426.498807175404	478.899762213086	484.928655791181	27431.1166361253	70967.7389524581	106.028682213874	43.4281863860121	36.9075088125533
418	2624.37719574541	1687.40124352204	1237.65579027826	1013.05146353595	901.789166394786	762.464866642651	653.063825993284	621.675820831707	617.036584566437	516.908265555194	520.549589774744	490.249700648896	5033.26471326525	11325.145936979	380.400485367672	477.124714717362	412.271370669682	6340.89593665221	115871.145105798	172.879264923593	47.999294417241	36.5371631495828
420	2905.84460678711	1571.90958481443	1226.98125128903	1053.67509110134	843.327357392788	737.257925886198	663.427061379862	600.603546666466	586.814258898365	543.543619360944	468.564411288637	479.558379067171	2522.21773340125	15518.2676476263	383.206822511129	412.837818368657	378.323179118162	1049.91424424516	133749.272079036	452.767642763689	56.9918868584377	35.0243408571583
422	2476.29372376469	1746.31876904352	1141.19233884954	945.415249843401	887.888967253307	674.442240797829	661.191992939569	588.055913749746	537.674033825629	539.309477155864	486.87915631109	448.575677946494	1328.59555026052	17892.410422695	505.598412410596	375.2633948746	374.171545017178	662.546145631606	109184.204903456	5331.72053611415	56.9828749359863	43.5011428741891
424	2263.00688591924	1687.73200633497	1201.93013896623	940.771537442205	806.624420761784	742.559672179463	622.234892510234	603.034411491747	569.454342160163	513.17523468417	469.128978974467	423.731474475241	875.799248170396	17668.4707110217	964.042111778399	372.636788875548	382.083207066522	521.225045789384	62688.2863751411	23862.785773055	75.9635788830689	37.6738173432132
426	2718.88089900663	1620.27199322268	1155.89621063402	883.033243144514	855.507136758977	751.326971701807	631.977732316461	540.987985119778	516.297673771934	531.228881337781	455.947893913771	464.174860258495	651.340944701477	14624.0365582611	2016.94224410509	333.446702703161	405.759193043863	432.467856645777	23360.7391145733	60954.4564670491	90.4057281125706	40.8448436367222
428	2570.10294628588	1742.14502132775	1070.03904999682	874.461546299268	861.856342114418	717.596037048269	587.687577114531	554.613432047884	537.903307386619	536.856367499134	474.982305673315	453.056899718939	582.518394352443	10361.8150202961	3926.7688778836	319.059465950633	364.119635882248	371.290745018057	5176.61410498352	102622.232489088	150.040871086638	47.8404646184976
430	2678.26227144555	1688.38361772729	1122.8653360558	1001.44629093185	855.797817072457	693.315419815989	637.295145212678	569.402725739491	521.409161469301	530.383127405102	457.082838258849	417.361537483097	491.50800900958	6267.82032327504	6917.52798977632	295.099964676871	359.689047660506	316.011934319573	858.573158911094	117025.736959578	373.372640023962	47.7647111735398
432	2395.03360915207	1551.93695733009	1109.51963896607	851.846784719465	851.44259184487	735.30489593747	626.469351336568	513.159544912383	499.675416370212	500.701980723179	471.582111163636	419.485184521856	465.037599025374	3364.76870949713	9980.89776023001	298.102935083509	325.418262528204	290.267091572204	586.608042252685	97026.9444366478	4194.19170391775	59.25143990282
434	2584.20379872988	1704.95810350938	1158.13949621854	933.2338806232	751.684183053768	751.928567690157	613.539892268296	556.439059855373	525.563812191579	492.416748817976	445.24421367353	422.382541100664	426.692096428246	1706.14606110614	12735.7959716164	351.566054611105	315.192143067479	310.054708982524	453.818379718121	57840.7239092436	18996.7317882113	73.6528765341861
436	2596.84035686381	1604.31159908508	1106.09433640533	962.497605498029	815.96412964794	652.003044755203	595.678051405594	530.101895421775	521.46071235536	475.431218721663	448.595945589631	421.630672897397	400.674047431868	970.570874518838	13865.8712745487	546.864919900392	290.578389909331	307.086692023975	397.223000494898	22294.1902302757	50832.2205115655	102.821421241076
438	2113.61377230382	1588.23006059345	1244.02086769028	899.563208820342	758.10420182966	679.673531801623	541.141524687833	497.421029860045	540.724165320444	477.542442808454	431.582641791289	412.418582570785	393.092926507208	692.14735416918	12997.8788282484	1054.6940389238	290.669919764565	330.19397438362	315.977989421165	5478.63672214882	88410.0753782657	149.995014606577
440	2489.70322237518	1768.22400651329	1111.54253977863	910.839776323828	781.474035115345	628.877196517703	540.726538176386	528.341914014578	487.719875824231	466.167933043765	443.081708367051	395.516966840145	400.843157824157	585.212883051829	10354.5200201326	2033.41016460299	264.321481725435	319.124580698379	297.267102264935	870.750771155542	106164.131901521	325.900614504842
442	2357.04634833584	1539.36861633488	1114.64099629031	920.789669063295	805.360402852517	658.471915205888	545.868751400389	523.364943488633	479.905383228598	456.102064800968	431.923753271594	399.819673238138	410.354122197877	501.188197020208	7150.30538843282	3671.49167727083	256.33156601467	299.218221326098	269.308596704583	500.121751040598	90507.4474486945	5218.12543621762
444	2611.13509890419	1635.90174479505	1150.51648558026	871.138107527791	734.367619352291	623.684424863734	539.138452730964	521.232453409136	458.527637891407	436.223425643226	460.186412411292	410.147158085181	388.861821290315	438.069338186124	4191.84006380773	5945.90593112444	240.664519575384	277.405091114575	257.474931917132	421.693711240771	55366.3008639716	22289.6127065194
446	2370.08325157608	1524.2911993106	1106.35017107974	886.114654801541	700.302767483182	604.971044614102	528.993834594184	494.242434280752	476.547850198946	432.811733274719	450.345372734044	378.706200873428	382.623414721319	370.244438135763	2162.58675455029	8336.69352536902	260.547087529883	261.462633988849	270.001120425471	337.629835911117	21958.9374039585	56703.3138382474
448	2318.1624107303	1466.72806895003	1010.39061831428	916.199261634368	790.988116831522	576.489973269925	515.149522094253	474.871491916952	479.088189136894	469.228127642783	422.662323698843	395.922120513626	385.324699030978	392.511904528677	1118.08021787424	9934.39789359092	320.810535640091	244.877493639876	272.233639806831	296.262821571279	5367.89103095292	89332.9309480926
450	2503.76854499168	1577.13244162865	1152.63178099893	800.245890903026	731.474160210282	593.657357183599	492.010067278536	477.860445381952	485.383546725453	426.092644905169	426.680217261201	385.961680610528	397.330077998795	343.985725142242	685.279854602156	10293.6583133196	545.275487344636	246.14419769809	299.338578624232	252.69145163001	795.308671886371	103597.335031331
452	2450.86593239454	1614.4316040739	1128.33859679884	951.074878218873	767.379270655549	551.49720287181	509.297551982229	481.285973277372	438.158531928764	437.013970053307	400.426642005605	386.948087662911	376.353151137456	349.129792221412	547.578407384243	9266.11267898808	1097.86643888393	236.412198989515	285.437533845869	229.699101356012	456.235179530243	86028.7233277434
454	2115.18912708642	1565.27556013734	1133.67611596498	906.136513345407	732.129765476635	600.035927626568	488.983723998956	465.969399142428	453.592676402222	431.629425853458	404.716622231498	388.754277355389	364.502321255901	351.652784873029	467.662242777108	7162.19969677954	2128.1470935514	232.762023201778	261.654273141411	219.009750575288	357.928288621034	49319.0423684357
456	2517.22985126731	1588.20947757966	1029.08995403221	836.163817941227	671.581600498617	552.494684179257	471.542245093152	468.356715798024	454.231168502416	409.090309070985	381.018823449127	392.62831316777	367.121190738388	353.569442778219	385.349257015278	4683.193757982	3534.80033017621	216.316476392597	223.257332423011	245.850334860522	299.988076337945	18573.1428590321
458	2209.92932319662	1513.23143477975	924.455569691871	924.674388665376	768.755513543217	551.407038457587	468.867379606198	443.337792771684	425.8128784943	413.894309407522	384.817762771878	401.728792554163	369.138259005843	349.388339585719	347.020912488381	2669.40087565223	5241.21732083199	203.777388273358	229.391350310488	237.977860867551	255.030963687014	4150.19566414786
460	2315.53999548469	1418.42026205838	1136.52738126593	888.849740803253	672.851533748795	551.697810935924	482.602621880109	468.645333294978	428.802428115121	401.888078026152	395.346168727121	391.879994451338	357.705740915646	350.335615055405	301.949447344476	1445.50238309443	6836.83880477019	252.493562278729	220.197538309342	234.340908671167	211.557366791351	652.82585326685
462	2142.54943246608	1593.99531105841	1191.30443527128	852.088846852772	791.006917857093	523.37711018227	446.966568538898	458.488993488675	401.830958829447	389.299702327017	368.282070300665	359.080374405114	360.705765965391	332.217757412815	295.589742244359	778.557738111711	7721.55793314313	346.225139963786	226.18791259637	267.800047557257	195.327016867035	390.133040643302
464	2517.97776326541	1561.00453437492	1119.86641285455	884.014959913318	703.27940573552	516.838879351982	448.615566100689	432.416269109844	414.245348393863	406.069627537589	374.940662330772	382.247500346403	335.661447761708	340.624075671073	291.312971251684	529.114748580219	7505.3641919228	640.033618180528	214.663822950573	242.045385654746	190.023235767101	308.557125988701
466	2717.10418444176	1366.05212314687	1172.79254404936	898.658094124129	805.340896187567	518.593024741702	435.733225158407	471.217450114333	418.560237682053	380.531244384594	355.999806890471	358.72223652391	344.092047584735	327.275411777618	297.319189873515	424.18799075241	6414.6291284322	1197.36638168201	212.812676038967	226.329798740115	197.488737423748	247.525964261227
468	5021.76797963273	1439.93157342066	1169.75263499814	836.41702238699	759.111033689697	491.552513251017	435.823610598952	500.810968269508	397.905966946781	350.4111047837	339.243364536628	354.137947019165	340.839824899003	343.328201382654	293.353142718875	354.540083014036	4731.09099321075	2053.27755633399	196.75000756366	196.792672361001	195.659871262476	230.830026182634
470	12013.7325994093	1572.44441611027	1150.36561350617	880.012641335375	757.878443777679	510.856545209297	422.390671238435	558.94601716873	395.398697548381	363.66479089259	348.149513465884	334.161418701112	342.041735140894	320.449406395699	280.998503179062	316.518186712733	2953.9702104731	3220.1560636559	202.244663320077	206.589295388501	206.437048919813	193.533205241378
472	25459.8114634878	1523.61609650847	1141.97264633255	841.544405977919	777.056594176419	503.183798178257	397.796128712395	620.311265677794	387.112101374136	351.093702621674	340.548808373625	349.094616264633	360.679361109782	317.809094157782	270.865594865648	281.472055679366	1652.94372460721	4492.84415126073	218.559481934298	209.034591226932	219.94695070438	180.407734818389
474	46769.3367777878	1371.44627270692	1113.56257558245	954.218888986293	854.274574560847	502.042043163482	416.493038997509	680.231773734755	388.831694513354	347.011400910612	355.93318544981	329.822664639857	345.45567956144	319.259460467124	276.625529543795	261.290923733293	904.579476281122	5480.38747467696	270.437049262854	215.290280394386	218.655773518596	170.635023491414
476	77110.2502721063	1307.45719085577	1149.77676723177	934.680619233853	783.301710878963	554.330698438609	433.033509469283	680.935360157643	360.376847260782	346.036701434555	324.435427963294	336.910919380898	345.378564353079	319.61746750418	254.585219916114	251.05835081608	552.255120428956	5905.93889685025	419.51543943245	214.016457540238	224.634082411527	164.350430323789
478	104503.945157029	1481.49857857452	1227.21414715235	990.620480473104	765.650111012263	532.149247048321	391.778537827544	658.730369479369	375.942237461342	323.622002695512	338.48030144936	323.082111438649	331.382026806222	305.318776911011	253.957795140191	235.470158962975	424.657478291976	5592.73156950795	690.317119111083	208.969001617521	198.678046804507	165.231861305516
480	128120.430256593	1546.37945262851	1370.76600881544	1102.06763045824	748.85223292054	529.224688039529	383.096137254718	596.717164635145	358.730747169798	344.761356895981	312.34558576498	303.224215418645	346.803888533019	302.624324232425	268.534814926844	240.938174951271	342.207401351254	4534.6177991018	1190.22853365811	203.880114603214	195.708323902609	167.083034909776
482	135524.442283614	1572.12287416196	1307.26617987425	1061.76014386344	811.794330506755	508.536525307963	424.539351302961	544.794922684082	329.064392396987	340.20833120001	304.667052163058	283.123810550556	310.546292179081	298.350889377418	270.913395607234	241.944788770729	323.546508085653	3195.72702832627	1921.5062050366	202.849667477247	200.803195164817	182.742427484616
484	127771.068449547	1667.51442960067	1406.36215509547	946.51196224925	830.592438196815	564.511608385928	386.822882590041	544.201932779646	344.999711612732	333.4370825421	294.872498403088	299.320276228946	296.737637196654	304.438428122167	260.850240223467	254.24296351391	296.063376376133	2056.16563070995	2824.15684453789	199.092228127328	205.632022530367	201.172728919841
486	104836.331945499	2785.58441686521	1430.8308037704	1065.40202791907	820.040489398772	488.009407249974	378.023908856214	508.86372001101	350.455129378923	323.392590937959	297.497464087479	285.149326248302	297.987497189868	301.399429078397	249.279479397544	236.642134317249	260.421558817159	1210.09872831159	3727.05806812159	230.125889677203	192.65769740772	198.542339748537
488	73373.579016827	6502.97637377592	1348.42960565925	997.347932662942	868.288760456156	512.573656618069	378.356154696882	473.732265613145	344.126757793873	314.670315662034	283.419125863448	272.825059651524	315.930149250304	292.890516223982	257.351728789475	238.802145787871	252.555168504002	697.521798048251	4328.00928536663	284.447087096952	190.596658882098	185.13894758694
490	41306.4561169548	17301.6329761029	1301.6258219334	1000.35740391935	778.336330706225	519.19339893064	359.80310082368	440.134653101556	336.347412701865	306.377213184447	295.08007871541	264.63157919663	290.141113391658	293.930246827001	277.532523458588	231.8196903243	241.778923018576	462.219019862569	4485.50547091104	388.038284987682	185.25007712578	172.542619017799
492	16902.3343623953	35365.8406572729	1379.49167108333	1074.81557106216	782.605252187629	472.284540210445	354.889942350247	426.191680923755	346.38496557246	292.452367606643	282.361143668769	262.279959919999	288.582267190624	281.338473376613	248.583119462507	215.958447963939	229.270704955374	356.096539708475	4146.43646899458	643.995475732099	182.349350760591	159.481024221484
494	7029.47138490857	60690.6942252712	1376.49553654421	990.788787553632	764.484454493311	517.877875651086	326.216694325132	418.849372984057	328.785628419287	296.547826627271	274.893202191287	250.960305843432	283.902425242618	295.362212101282	243.947629389054	231.132387455035	222.60518305569	338.131246483373	3363.94641310441	1052.92856787651	163.020696068092	166.390862669231
496	4128.15941638305	90810.9007291566	1258.06127830689	1068.56308397361	794.361629117911	524.185837549413	352.908387573968	407.533606493241	346.644893189185	295.562479706753	246.848551986726	257.043302683326	264.511070375757	259.013638550496	242.619297901146	222.874037110735	206.473280043748	278.126955206476	2392.46388418722	1635.67330151717	175.960731164067	163.42232224316
498	2935.45893937451	122874.938878988	1265.88714762997	1035.66214295999	726.024409832252	494.845766502758	329.917175322513	388.18808367304	306.474187095477	269.904831343639	274.793609748338	242.669342069628	257.557315979405	270.267825314122	264.996185170512	229.856820856781	208.844881612394	268.033852664376	1533.92289802216	2292.36784766681	178.700232762349	155.571426674754
500	2827.11849411997	142688.358191036	1384.23471701635	1008.89624533748	730.729865232752	468.772094111461	338.981436313174	356.580536090562	297.358264546888	276.970770240751	250.044724829967	245.059982182824	247.066142628619	268.456278370259	226.775024046859	222.759271570048	207.76096648317	249.907973493992	910.276772895287	2913.02861336056	205.609684863314	160.595425321029
502	2852.90960855669	145381.991070126	1287.77813805898	901.062549316712	731.288727290664	499.982803071611	324.036742353791	378.12777995155	297.073500425404	269.068253484096	252.305511273667	241.305943689798	257.562519656474	251.871170740631	230.067896065124	219.059174259516	210.157504924355	233.045885784078	553.437260356223	3293.79066548732	253.875903353589	153.213044583553
504	2263.5641221875	128456.801493949	1502.50289149853	965.60084618101	707.881104015659	480.076607437998	310.571823687906	339.94824067624	284.412139668012	255.177498201566	257.475783584631	234.289103425925	236.153023730722	254.272432154768	231.410643952355	217.556745065093	218.922669251237	221.118087032988	376.21842218349	3403.2297288263	363.135593012812	139.757212749192
506	2705.75054273555	99628.8520217417	2096.94034799838	950.754804730574	700.823366214591	438.359288040792	314.794095573158	338.621211552303	269.776063049908	232.978850699271	255.411330027376	221.505610430875	226.279563455311	250.17556705046	236.671855155835	205.190655479753	202.19604822665	202.427326627173	317.645054886217	3119.14828087443	547.69845297971	128.673129930292
508	3306.38844055529	65275.8524401164	6227.90995924916	912.832112372275	763.603053235411	478.76511943459	322.74448816468	318.986331746342	299.525432896833	265.323732512528	245.176947963503	228.714185782989	229.101998229965	232.467123715733	201.663456276282	201.389353684596	201.977232299233	205.803340340451	288.435849779132	2509.90553087381	875.823927731779	127.722150393371
510	4286.50895698929	35831.9110228754	16864.8189303304	952.044016655847	731.815700672028	454.633500256675	300.362026405468	291.697187115953	276.329084938643	245.720242916295	244.201436244383	212.574162883537	230.701098631459	222.300403467825	200.840121482883	198.079189295855	186.377176963587	212.03744285159	266.865275298933	1779.89192675902	1342.29487427887	138.62755885786
512	5745.86532685467	14341.3350357201	37253.8853210949	1002.08966040173	730.881427663953	423.582787639443	277.14848038854	288.218079879241	243.335541000461	235.961394065904	224.806570710662	199.259703363396	235.74215376265	209.684033207149	208.436228320701	202.436268189268	190.71769155995	197.701312556379	234.527985012764	1164.63868638248	1816.387523035	153.926826835778
514	9507.45215684057	5148.91095649022	66107.8765393319	906.068666262883	749.654171933321	387.282747352406	283.731700405951	279.841657322213	231.395408727134	227.276843024501	218.179349332545	210.167391923664	212.68619819324	205.572820436197	225.06477067066	196.09184672583	182.445404137638	190.425275546293	217.783453603775	697.764252560433	2208.7944326302	167.298263968145
516	13101.3136626814	2661.5182380783	97335.4736481194	945.446515429909	665.854778072748	426.401615207028	273.764784216893	252.154446762638	236.180578129493	223.904340463369	214.627294405468	192.442875120452	211.37082755431	222.9796603489	210.35937979368	190.376461647922	157.534143200326	191.305799096737	200.56709783002	409.918179633412	2542.07941721913	203.647498466017
518	17607.5968306498	2445.85498357634	129544.54858729	962.553426767281	720.714708486465	439.124060875364	281.877120680133	260.342478407976	261.891421733152	195.181480849584	204.097269416095	197.647673778042	186.350764983308	215.633151549242	207.126356767511	191.95540333518	178.902619917155	182.814712523747	189.130954936073	290.850715965468	2573.45177816621	297.303096825633
520	23567.1121547725	2026.75812852576	147875.095703298	985.941004776578	658.343351304024	448.848972966156	286.804558047836	246.116255609215	238.541978402711	217.193838576261	213.994492737943	181.556647951373	199.598426150645	196.417655813494	173.9107978931	185.693914006493	175.189487290795	181.738097127609	181.840716982069	266.156105600819	2323.50845350064	484.488389752222
522	27087.018832042	2000.75893817805	146276.190271796	944.288258216458	719.419690468371	413.525023799969	285.771588069905	238.858842487678	249.82933380498	209.159194326982	182.741168052618	174.120424752345	191.703387878259	208.152049352948	191.428787805541	167.78032336584	161.451864668635	181.843508680558	178.915760053094	246.878817684171	1840.0203186839	714.483236855878
524	31814.1256055295	2042.99297071263	125471.748823177	1156.13198498789	663.492466739745	414.73149070657	253.268443776821	240.534161955319	226.2290151757	190.433860791118	194.02708926577	197.631133777439	185.019923096684	184.63088078537	179.698576410105	176.895522074745	166.139769153044	164.830169441223	178.13403039272	227.852411820539	1366.64487910615	1027.40854461701
526	30378.1521218073	1995.52427010869	95333.235598052	2043.17808756341	720.164678775946	414.646405714212	272.12105313995	249.916982887272	234.774211927893	215.577505350418	170.134255512082	166.402375266699	184.928132059854	198.154002437915	157.798242059629	172.158228028271	170.927887406947	167.556173067985	169.790115378187	191.626996923314	854.70932372137	1394.60097043053
528	26745.7215336338	2175.42479602845	61567.1703613556	7113.76362362581	689.998522777563	420.587663716912	242.628150229977	214.396305576448	221.64052259989	197.936029262782	191.152949304174	145.540262992665	174.276094544029	186.622246675407	168.142865897501	159.954399089828	156.440643817783	176.233479053308	157.978010458283	185.548374347879	541.790850252359	1704.55662333374
530	22429.2522070924	2148.97499878653	31896.24627053	20224.2336514322	675.401892269292	474.318390450521	259.38977265681	227.263936404899	219.56138057514	185.849694271438	162.044879708557	144.113805820184	180.155341428824	174.780121592882	158.392145376096	157.234954712503	147.144482007631	159.291272457652	149.630917468339	161.074789652345	337.693984175394	1892.17948257743
532	16458.6484723897	3290.736737769	12696.6864908948	42335.8505469205	766.288508361688	506.383627325677	238.870347343152	239.700068412043	206.792926829578	176.54934200557	177.463146883558	158.888475240423	161.026038290585	165.536855287045	173.493305006777	155.597914993148	151.197283235949	153.041818682111	159.955937360863	164.932110821656	227.741646900421	1923.03997359851
534	11369.045378612	5266.04598955879	4362.85007150994	72544.7376070134	802.530587015072	508.502472157945	263.2563860738	197.298659387428	187.367391708652	169.722291352633	151.770889601876	138.684254483728	163.158356820102	152.762435622317	162.939067789994	151.12320215176	142.665633351861	148.577388803238	152.501977729232	150.301357002469	194.973392976814	1755.96430182184
536	6346.91203459499	8640.45723196343	2532.30491518128	104883.294848949	803.371312872278	619.038438051505	301.778982406626	208.844022097087	206.002933744507	156.153265674616	185.113438863521	154.4207268988	149.945563110503	159.194027852965	146.229411179961	157.970210435539	144.653783994071	133.879332878106	146.52089341963	151.05870346764	181.411400990541	1400.40948032679
538	3925.23736687892	13177.9168223381	2206.3257847148	135319.922802436	822.294545638193	712.549630653986	293.240002716503	226.319162044588	209.417331606219	201.318550462374	163.650616697279	163.630832315608	153.836402855787	162.790625422207	139.910183648104	139.878041142851	130.576119480542	148.37893914765	158.93400717364	145.080527433935	165.570071157565	1013.5950139698
540	2799.68337997575	17987.9370188208	2118.85011293049	152048.951514734	877.754465215409	788.471351537126	321.52216477989	228.979684510868	208.974272404722	192.869567125803	178.810489163467	127.097424066407	148.689557127367	161.921968588908	125.760817455002	132.859912871822	138.86861202136	128.383831773857	134.748586424287	133.344387829073	159.685265036175	678.276184986266
542	2369.86003867559	24082.8426225313	1954.05898441598	147703.97483618	1005.80150234659	914.351219459251	328.033249610135	223.647760705149	224.231275963953	196.033229720208	157.699289556364	151.336714055898	160.776730139367	158.812525242488	143.882156139164	144.111566609139	131.756803478751	128.685572708987	132.999192949517	140.998727335684	149.252244282263	426.49966372527
544	2222.43947466307	28438.6604631593	1932.5315041859	128059.171597466	1250.11342462953	1101.51594113972	375.261622435385	225.861113219421	216.311855270768	190.672958707942	147.881694562354	142.40799189734	148.292239129052	142.831606678208	135.925406129235	123.561776657873	130.541930581236	131.387997065939	133.925570155144	127.162823378423	135.360809956192	270.343099214986
546	2062.31891826841	30503.3698832545	2026.60044734706	96110.5610330308	2302.35308903845	1283.81382964713	412.921677800073	250.671731034337	220.501028961865	201.274394138161	176.38439176666	143.73166584347	144.746589323502	161.19561001966	147.84521437795	114.773038850394	134.769695594959	134.321964764288	127.526805276495	130.739549451685	124.595505459766	183.27708372441
548	1995.60285034667	30710.0003638097	1769.82068713835	61743.5904213248	7932.50405198952	1439.85649735292	428.807897036196	260.886596512125	224.565031187431	180.647816878394	166.802066143061	146.170298211432	134.680150497222	151.346102341805	139.911388089813	131.856827105603	134.977346587317	127.785605345205	129.09432276711	118.927394190206	123.776753047068	166.132405032148
550	1699.51809007271	29898.416952639	1715.07366169197	32693.2724005194	21384.594977491	1676.47213877173	487.344972539981	266.960896008437	231.327013738971	209.570401662738	161.592404019604	138.629559797096	142.365700058665	156.663300403517	134.506885770731	122.266907893188	120.303939600197	129.323088003733	122.57572024385	121.696969528349	119.615331548557	142.312222653943
552	2129.43373635761	24386.2075033067	1986.95047447696	13459.6297964044	43234.2278481554	1921.69056789548	499.846679887579	277.921802155182	234.924696909997	211.851898741186	165.065810814945	134.493528220537	143.678063236228	155.120298032753	135.755648538993	113.706305497089	127.861816267108	114.351714273434	117.372497889108	121.345710909915	112.642260780221	139.989754248449
554	1847.22842559598	19738.5894639856	2481.91014598007	4951.6448399857	70461.486581519	1908.47955944994	534.380422818979	287.66464777872	236.176414700607	230.813400086425	161.227475056008	132.576391336304	138.17254354468	150.890271308384	129.993973034197	113.421897765264	119.583465212802	105.976132018691	120.241908349242	115.393642482867	95.5491273982266	124.234669668905
556	1605.93665682234	13994.3149614547	3681.85859160798	2673.1600458868	99990.6562173265	2139.54608803977	580.733249854768	299.896767035788	251.815706358826	188.182134840879	161.917002782938	125.035667191589	137.068062211964	148.280746454431	127.896519356935	120.10837386282	111.045834036217	107.559885208391	105.707760358029	112.343933392976	106.343679448241	117.385532132399
558	1633.40888443038	9247.53753741795	5694.71605175945	2311.34349041424	126661.728925673	2204.97778473345	553.600472128529	314.615697869393	250.270413490382	203.21218280934	163.778225966869	128.392164674605	126.622649643613	159.529200328696	134.263571178363	111.278972120939	107.667434224241	105.952862879644	102.836722923371	98.1416586130344	106.912001947479	116.838906825885
560	1766.51826614586	5363.2592075369	8697.22781327908	2214.98031303255	140044.80666448	2269.84605422385	601.884919614783	309.671245596251	238.623441459899	198.593251787247	171.448565579282	137.33171634077	127.771411923927	146.56878167588	119.716463756331	105.962864272468	107.964300162504	101.011235180817	118.932853502353	115.350708351019	107.335993429342	105.156605571183
