Wavelength	240	250	260	270	280	290	300	310	320	330	340	350	360	370	380	390	400	410	420	430	440	450
nm	CPS / MicroAmps	CPS / MicroAmps	CPS / MicroAmps	CPS / MicroAmps	CPS / MicroAmps	CPS / MicroAmps	CPS / MicroAmps	CPS / MicroAmps	CPS / MicroAmps	CPS / MicroAmps	CPS / MicroAmps	CPS / MicroAmps	CPS / MicroAmps	CPS / MicroAmps	CPS / MicroAmps	CPS / MicroAmps	CPS / MicroAmps	CPS / MicroAmps	CPS / MicroAmps	CPS / MicroAmps	CPS / MicroAmps	CPS / MicroAmps
300	3113.10139882868	3070.87844350327	4151.79880658926	37527.4416201877	5676.83708588853	2755.85741251189	207476.236905296	1036.32057412405	154.385771681604	91.7217950957985	80.3800133646361	70.3852990421725	66.5934696661777	51.4192354899777	49.6919647864883	35.8081684720971	31.9316976768195	31.82342941128	26.9201791576212	29.3346132316401	27.5724740886446	23.3736892027228
302	3662.74443575831	3353.13720749104	4337.70959672086	26680.7769616175	10106.4945729945	2047.28302348478	183540.841261707	10964.7058674854	159.687164855627	91.3220671032658	83.2657146630855	66.295122132785	64.1813322144289	52.7928880360253	51.218020253926	48.1014294276534	33.1166262082975	34.1122255860003	26.0598301598156	25.8396235821325	29.6474430832887	27.5237971124367
304	4303.08964465966	3610.25123926365	4804.52244405514	16628.1894841131	18702.5023294479	1965.8956794529	114442.43485927	48014.557652948	202.561600334133	102.599784029681	83.8669772785611	63.2363484512041	73.2173343671201	46.3172070383787	41.8156404575924	40.4059830473624	37.4043560760371	27.2706910556184	27.1615053994496	26.9163768882436	22.7693941194046	22.6318941930618
306	4622.56948624025	4228.7605268889	5050.53788627728	10554.9852621976	30172.5274941854	2000.42115731174	46626.9731707885	122868.875316448	262.627085882304	110.574245125659	98.0000127881653	70.4389606096106	68.3379063444468	54.1374701035106	55.157885667803	43.3453516777596	34.3138191104039	34.0873525343668	29.7491000088605	29.5436466522933	25.0665607551067	21.6825533816188
308	4786.11285869749	4292.24209558113	5554.61173992558	7467.8318399707	39823.8786710999	2054.97417598442	11823.5941587217	204328.897707926	355.472186959048	124.535258772531	94.125139335485	70.4063803592509	59.2544535620779	64.0053616155104	56.974800199743	41.9622577354877	33.1165596196453	34.554490407993	28.9051426656736	23.6386644931285	22.3575199743296	20.1804330598455
310	4811.6483832568	5013.27344176871	5899.38360948259	6999.74611096196	42411.2458850839	2397.82966372482	2387.06699979745	241490.573398078	1180.89515766829	148.32156475049	100.423759440523	76.2267344131454	59.2733388683535	63.3307662948001	46.3740590991369	45.7478749804918	35.7399752662434	33.860076172372	31.0685980519632	27.3526142104476	22.144209733965	18.1062976143694
312	5495.80534393695	5178.39689906806	6127.46489718795	7046.68758288778	36849.0256340392	3708.96828276939	1592.2343624654	206203.563862372	12444.8906145605	147.924368011553	104.299626855229	84.6629765251342	65.2196084038489	52.4355677261743	56.3687613922546	39.5751184985145	32.6460959541325	30.225915748573	29.3283810909289	28.4608713925626	28.2036566762921	22.0715396905849
314	6165.54743603555	5760.53636547103	6755.0558580775	7019.99193967462	26547.2294498986	7443.72309758989	1436.42599180928	125397.578466598	53017.7715250976	186.800252248538	115.56531140433	85.3618221239698	68.3491448503242	49.0413169884237	55.4662709373631	48.8981193420433	39.5619779382415	32.052722512917	31.2823623078432	27.8168894581971	24.4165384816551	20.9330066606816
316	5794.05677655211	5911.12774010576	6954.91356948076	7102.09103758531	16198.6327625569	14998.3104396028	1382.04661265304	48784.6827926646	135630.822582	223.019211963459	120.524240958009	95.298872353323	72.5221312256561	63.303516602025	54.5526213386016	52.9582450811086	33.3439250412246	33.1776112867543	31.5043665220276	31.3096689072881	24.8424773756084	23.5707444776293
318	5445.56163775809	6289.60377956528	7002.46090526015	6902.33660692443	9334.26888080814	24932.6436652156	1352.6620689378	12362.7918235201	223563.461608576	366.248714637994	139.293256161104	83.3737913999198	75.3769869594086	53.1404854745396	52.7355058921463	41.7026077262455	28.5926399511413	24.9941414244203	32.1405597067147	31.3147694423951	27.3541589492164	23.387678843711
320	6273.56332127247	6547.00204418564	7524.11149672726	6991.97088026717	6286.99476090097	33731.5916891085	1382.16134670463	2275.62999184281	271316.081309106	1038.2289183156	148.451359840048	91.9253899787531	86.8419847000154	66.7335702776726	46.3749358510236	47.562610047377	36.9226849667303	32.486014441012	27.3726787995014	26.502834547264	25.0575466353209	22.057257948446
322	6821.62796948774	6772.29753844435	7160.52037867648	6815.14272415555	5388.16881423231	36443.4079120202	1601.15101267102	1417.45443211207	238832.774239799	11267.3377253048	165.32042605162	99.4644470303938	78.0940284158902	68.7940022764618	51.532525696568	47.3456503905392	36.925478614664	36.3651261971313	28.8900067694444	26.9205948436077	28.2040599902523	25.2718496167367
324	6377.09343173536	6675.12481188453	7540.08001795525	6933.45836021344	5145.74056549421	32268.4828678288	2702.87446897675	1301.27786491111	149613.22656653	51488.2355232883	192.158460414062	111.401443589857	87.2018226700341	78.6466446774608	58.8114162891931	47.3079979656451	34.2991925232535	32.9326580416397	26.7249363526252	27.3675951004038	24.8645192480946	29.9813819123129
326	6098.90866016724	7505.51893912362	7721.90719793073	6823.53659737499	4935.91176881448	23287.7644462725	5802.95499207871	1165.23311583623	61366.9667779615	134636.068021778	244.910267829635	126.472058630735	106.339775290782	80.0269271072989	52.4630150526332	49.7235293244669	38.6030185392002	37.0415905375164	28.8941078700248	28.4539957062437	29.4583995842981	21.1233944189902
328	7434.7302093082	7170.53044108787	7260.23473769924	7124.15918694297	4846.10956632094	13950.2793878918	11964.4166947708	1184.80224894815	15761.8245501107	231297.071092333	383.951269121596	139.773975428851	97.2492231461153	82.0604667009825	64.8605210706998	46.267545758605	40.4985269866761	31.383593743107	26.2985329046022	31.514461143688	25.7066728043102	26.9711507555705
330	7420.33677790176	7591.38444130861	7362.15364460372	6809.63875990052	4782.14435643854	7325.5054856626	20585.74371834	1081.54382013443	2546.20884116621	282075.187091457	1007.42810921461	156.518368210154	106.022810874734	83.0838130205324	66.3813671303967	42.2279369888928	40.2771980922977	33.8676378527688	27.7921951337899	31.519205944287	24.0342367752168	24.7057417470975
332	7178.32639323687	7399.9075350562	7462.81079561412	6591.42068371275	4607.73981659623	4068.50741424637	28804.279296429	1086.51009163511	1483.16788566414	247168.345986538	11258.9358937651	177.436902565464	111.899960481647	82.0119092701745	59.6850496998647	52.6400289712287	37.883625746401	35.0264166166981	35.3949356721096	29.3205134703402	25.906942489223	25.0873347891176
334	7210.76462878799	7029.63660188156	7216.13680351281	6493.41873744872	4441.95052181891	2944.17245366947	32630.1493499565	1243.27295414219	1290.50528909503	159469.607212804	52951.6553230418	197.538236899967	103.917970568742	91.2685144368126	70.8914825976601	45.7406308320391	40.2813017949649	38.2102840049118	31.6896217013357	33.5076312486936	26.7348156680517	26.031882265698
336	7327.25938459654	7349.05480884575	6787.40036979588	6327.68509665062	4572.41658859447	2675.90051958904	29891.163233294	2033.09671940383	1197.98369463397	69563.7972305049	146934.958653158	251.809378197658	122.077214376124	97.410867103439	65.1636582470059	43.0527106560087	43.5842355238327	32.731907864132	32.3560837248113	32.3839946100233	26.1135771236671	18.8556439389668
338	7637.64601580871	6856.800053409	6718.25420600297	6023.75958504363	4351.24180270866	2493.84712441634	22159.4864274128	4669.72668872186	1097.6381962348	18180.9595325049	263726.170128557	375.772664582506	127.680170731352	99.0678323868681	65.7686213362195	50.2388704704309	40.7437191931062	35.22505882092	29.7433216840165	31.7416250984979	27.5697505223972	26.4060663216604
340	6973.64647102254	7161.03690103046	6749.17633040162	5794.5275728118	4208.44960000059	2459.27071603248	13516.0862531387	10117.7327487343	1072.5874126295	2811.41199950278	318184.227577035	980.21815320248	143.71937196691	105.612025749357	76.3529616773852	53.3796505637209	43.1333615094921	31.3669923851341	32.5643036523519	27.8188018205075	27.542755383463	28.2846014687968
342	7073.68311275926	6776.66500983863	6262.49661319143	5615.48379496207	4223.78761260331	2445.44152352858	6815.73041939529	18324.6599709376	1004.14533249124	1413.67548431572	279584.799839028	11660.9512984914	172.655658645821	99.7939949262629	62.4498658342882	55.2800313876863	40.0198491518931	35.2090568821245	31.726496095503	28.2501437551713	25.0321564090206	26.9481317477478
344	7115.63456029653	6602.29809954645	6135.74253107533	5327.91933782547	4060.05499289289	2322.1484348209	3392.58646153389	26470.1620992307	972.881664274226	1213.66566986607	172935.244904997	56717.3689446694	212.697754380583	112.007082181461	76.0856317074749	55.0413077351742	38.5971909975877	38.1740083635197	32.3507949035818	23.434668297543	25.9002684508206	23.1965813857651
346	6647.27743797805	6091.46032731956	6068.98204547516	5243.57427434017	3905.54834333887	2392.37669457836	2004.14482666624	30988.6495556426	1105.51700386215	1167.54888213592	69832.5342246278	151959.864432711	268.219185292346	115.493685106964	86.0986356514061	55.6147571159901	40.7424854640468	34.7751727374447	33.4500522159883	28.7023132165253	23.5951756627508	26.022811689559
348	6808.90415596888	6457.49214486386	5927.59284991987	5243.42902090864	3750.02075173029	2378.91229492938	1597.39575814458	28966.5891996437	1758.3674056615	1094.24870948259	17608.7668696948	256297.246284802	422.825292842931	135.543227721017	79.428517447028	67.4251842311458	40.7594436974951	35.6851768320998	36.7014274536542	32.6208866566126	30.2964753639211	23.9454246717693
350	7557.21984221171	5994.66582133957	5696.88205642428	4900.9997202981	3516.84687956387	2282.65445890141	1537.14396650701	22376.6437138976	3951.93545383325	1089.91542391993	2702.73956686042	313615.669376354	1174.82470196821	152.479385369181	90.0250434291636	56.924152234867	53.1513601692488	38.4146674587276	34.7470535323769	34.3753709457711	26.3352247978051	25.0807565203945
352	6702.4240241733	6321.35434739194	5357.04357953327	4856.02207928501	3525.20160262081	2305.39473262098	1513.5762358088	13892.8558313701	8752.6434304004	1024.79946734191	1476.26740996203	270422.047792907	14446.1740877651	176.631464304478	94.2246937143419	75.1275427095996	51.714887244732	38.1889135482189	36.9317015798553	27.7978790499084	28.5978838208307	29.0282072943182
354	6472.90703434132	5734.45128253132	5270.86229624057	4528.06937755365	3351.83256958502	2218.14976780413	1429.95041703052	7188.96033172787	16382.8357526277	1003.1995785596	1241.43453956733	169265.83140803	67374.8544086701	229.099119607147	100.632744454654	66.3240208855719	50.0441515354595	39.5405447608794	38.4306795641927	35.0213291653834	30.2883239032741	26.0079526280645
356	6686.45444365472	5543.36463698387	5053.37669578011	4256.24230028229	3176.43816287677	2272.98121317545	1443.08286346851	3337.07244848675	24288.0382596276	974.348281688731	1072.69732482404	66870.1792080096	177231.183568706	290.723549062154	112.751296537811	72.7185897710651	49.5684056460209	39.9963143407133	39.3183164212662	32.381670407565	27.9856706083971	23.196937658899
358	6153.97541598232	5438.04549542279	4866.85889360051	4024.55222146331	3156.96401916921	2348.95756774903	1410.40812191925	1829.2792392748	29714.1183552144	1069.6240238669	1088.44499710966	16224.2104852207	289906.957688305	447.663192497212	115.815831377267	66.0711681977593	57.8736646339778	45.0031141343051	36.2736607583102	26.9473123731782	26.7337943050135	23.1666208894564
360	6735.43848196133	5314.68408927487	4786.69356676455	3933.28465831578	3089.71424126	2267.07563637876	1448.2770864641	1375.87826386762	29472.6079209912	1555.74200305497	1101.6512372164	2548.17384739059	338464.745085988	1413.5033917884	126.315606079433	79.387599333336	60.2843862450814	41.3573974920739	41.2549055403156	36.3627382368051	27.5644406219034	24.6896586142704
362	7141.59965097225	5376.51324956131	4331.1728540268	3644.4040222067	2958.62894216548	2237.73888546126	1470.71730816297	1216.35037772838	24072.0556585614	3336.75259975548	1077.31406004338	1488.85868492982	287338.711295846	16637.449773911	163.756807133571	82.0993695740397	67.3969130823516	46.3652070558174	42.7987290927765	35.4612684216961	30.4999635183007	22.9906744239115
364	6642.81821916189	5246.63689866505	4482.00856451728	3670.42676579629	2881.93378829071	2207.47541414724	1451.03608610823	1182.70772481359	15781.8774050351	7241.82539128092	1032.47046223415	1224.71898068835	172421.360457756	72734.5226599933	188.250672842992	88.2131833688652	63.381560014296	47.5158260052804	37.3586427162981	35.057264870062	28.1942252803887	23.3806627287489
366	6014.93662144839	4829.4191570161	4224.56594078556	3525.79636929248	2787.26256211469	2262.10595825165	1572.91374656725	1251.86575412079	8778.65931008147	13581.479760622	980.193280599153	1113.91499051933	69378.1696111787	183540.733193444	225.377588055204	94.0726088956891	63.1358238339957	42.9593007818897	41.9176365098818	38.1022663077047	30.7087330172634	21.4912158721861
368	6044.15776736926	4722.80040842994	4217.93963578218	3388.45714021118	2842.50251935086	2158.21134238478	1589.70765022984	1225.80016995006	4385.73469208037	21095.6674392637	1016.61489249406	1084.54435834888	16106.0751399145	292182.388877076	398.045374824037	109.063638315253	57.6405555100191	46.3561140121521	36.0472692151162	34.3675376391119	26.1059349516357	26.2059710906307
370	5708.03654677062	4633.35662211301	4208.42658905796	3550.12971523314	2748.92637606475	2193.68520703463	1661.16356564978	1277.14051914258	2303.1218219009	27055.9004096969	1098.88623640274	1153.46516725097	2590.5311485389	338523.308531363	1318.99540312777	122.737724767815	83.4065000829333	61.820216558649	41.039672095484	32.1773079613718	33.2048325424676	24.8729647009992
372	5611.66614429933	4861.53140610419	3969.52571543177	3183.64756250609	2657.58056513575	2178.98613654982	1642.00157253107	1334.05943470628	1640.20740801583	28699.2550105048	1503.57367606541	1146.94621076642	1625.10869994477	281136.588883347	14530.9522614153	134.5222054699	75.7594492210832	54.1008331068351	40.1750078763069	35.2261799409504	34.2468079350401	23.7592907997905
374	6000.1927948242	4735.07029604332	3685.0103611632	3189.11762990787	2648.43474455115	2217.11944308171	1755.64889101586	1379.65090070383	1517.91589328465	25135.1101207583	2689.92481541942	1126.70832018016	1299.49424723713	172116.78157562	63707.4182761247	150.329911017783	76.9383685290073	56.5951977928551	43.6449643288404	33.4917446976172	29.8658022650713	29.4348063602071
376	6027.30856878905	4702.81030240998	3581.52803201629	3279.85625964792	2716.10353767199	2265.07932300233	1833.17117685597	1438.92635453515	1431.12319207488	18205.5176391511	5705.61577215418	1129.07451868068	1233.58273293685	70208.1506465659	156382.354013646	220.029946736098	93.1858007995742	57.9648770297378	43.0062672374007	38.9021273902233	27.7989616028353	24.1396867293809
378	5771.57103891185	4968.45238399772	3631.4347402935	3079.32707757429	2748.59978564586	2275.68399516208	1912.39235931675	1558.15389386891	1411.19109074755	11117.5677528644	10771.617433053	1138.44719744795	1159.00939154072	16992.4555062311	255804.468128465	341.269301326242	102.870298996233	56.8239692365744	46.9093059763403	43.2471195675421	30.1099424543433	25.655009438152
380	6178.64354127	4862.29056909726	3581.95923404182	3145.51181761729	2742.87035783047	2264.65642891927	1899.79233020309	1619.37005886314	1475.40773632506	6054.47251735544	17435.4396747294	1141.57973931938	1198.90613219215	2675.98918552447	303660.667120112	947.005086756602	104.105667330521	70.6908540609082	49.5341515858672	32.5739072616831	36.7980692985152	26.0289736824253
382	6550.86647918072	4421.69650020602	3702.56212061369	3014.96223862638	2632.52799860565	2357.56305540367	1970.27160277313	1672.62114219884	1532.08400107481	3262.24174160902	23471.9794211859	1209.28024979574	1201.98221392383	1571.67968503633	266403.153830278	11027.1752574117	118.665012210462	63.4165858738298	40.8152387198426	43.9528045646389	30.5062845491934	23.7432439223405
384	6427.80184140454	4506.01305136846	3481.55217327892	3102.24345784236	2782.92347771728	2395.91392559709	2043.51216614295	1740.87590557666	1598.64294304806	2201.1584784826	26764.1853323528	1412.77101500317	1244.49500850631	1265.12018110838	167609.38588332	53159.9461413081	147.667098002706	69.3210218132816	56.4726808447534	38.9621780956796	29.2503427106819	28.1002924630438
386	6174.17665803742	4378.99258358989	3802.04222395051	2926.73789427916	2789.93696181855	2423.18599562884	1990.13245936614	1823.58727281604	1634.4352935409	1865.16045562892	25187.6435177145	2160.10254827593	1199.97468175025	1104.99303040272	67380.7886672002	134727.181610204	199.222238968327	67.271063982276	47.5624503407467	40.9557094822909	34.0364370463652	26.3837199671069
388	6120.47287447944	4744.27108457814	3356.52781203259	3111.48812706965	2690.98666984189	2461.06987060433	2141.99919540534	1946.93128313335	1690.51791805865	1782.07946266593	20251.5662835054	4216.63297939802	1190.26021624198	1015.03637071961	16761.7843585613	225930.901779239	304.672415436008	75.6554002434662	57.3354907006138	49.9124117054384	31.9552819292838	27.5143317945058
390	6303.25603496198	4496.92938946272	3277.63053846972	2867.57595115161	2767.97545904931	2457.39071116655	2213.27230969715	1979.59194440622	1767.0605625407	1756.79218926158	13540.3794990564	8015.16172146243	1175.20859565365	1051.64322802361	2546.81160249079	268896.173066833	717.55180730039	86.5275963755094	53.6330168795601	50.7914576254325	34.8859786831969	24.8913164523699
392	6280.46791213519	4399.4457502591	3265.98755648139	2951.10752429194	2774.63393508478	2471.35465957721	2157.98882691496	2086.92473636075	1849.36206669833	1741.8720385729	7826.75128931334	13449.5375271591	1183.64530248783	1024.12249041064	1304.97987651576	236592.943527137	9346.39627983214	106.385279550183	69.2705759940316	51.883054821768	34.8801906633251	33.3675556509198
394	6362.57637976594	4446.90031026315	3500.90910877599	2966.72566938402	2657.9757704486	2574.60898607761	2267.00474968439	2194.02675853487	1893.69902883575	1744.04872700284	4429.18281554997	19504.1088384321	1254.95834963551	1105.33874332924	1017.51782770611	151874.465765505	46295.7271545164	128.764509683449	65.1431474605006	54.7156260431474	40.3411997893788	29.0401344771733
396	6172.70650211238	4660.6641650786	3474.3402840083	2848.79933319492	2613.18387878977	2497.43315180857	2259.66834168292	2200.40993747916	1949.49401809969	1822.00911291039	2747.35159807283	23628.0295475784	1375.38527653786	1031.00660628052	853.395569505754	63327.3031056494	128966.462291773	166.433726430097	73.6108937164549	42.4662668317884	39.0626436937718	28.1037403468392
398	5639.20764375612	4538.60319190237	3432.32535998389	2741.26789206205	2758.5535542296	2691.65185549676	2318.66960292498	2229.78123528445	1991.40934231071	1809.36452702706	2225.51378457492	24087.3967942989	1879.06828852484	1012.63666422061	756.643690144727	15584.8923506939	214724.690583955	276.30447364919	78.5877353389221	49.6594488783594	39.497895368184	28.094216261757
400	6279.93636299078	4634.76036466007	3290.56215670874	2946.14827603352	2782.82031808287	2675.33879181916	2368.67236109405	2268.25639293494	2162.08437431502	1906.61148113018	2075.98681419272	20634.0237817654	3244.35131060999	992.042964602529	796.813360436724	2160.61234075511	254713.071548714	618.773369998107	91.8638595132352	46.3888607984944	38.4559543750613	30.9298221337574
402	6481.27059003718	4487.84171777518	3313.45967245511	2866.20203297176	2779.98883945272	2761.19385079561	2466.67907405139	2261.82733407115	2133.09971991978	1965.56870085808	1976.57007124208	14824.7633751852	6137.52405594247	949.413260041462	779.562019864929	1105.35069881037	219470.202486676	8852.10339733757	93.8495656765656	58.6047386662464	36.7455336154042	32.6281000449894
404	6788.56774728629	4790.54428406945	3296.94634073224	2987.46608808602	2776.2960975765	2577.64553353386	2469.5206211567	2375.45683218206	2134.29864890083	2010.54028374275	1939.02290987257	9275.31793958423	10742.4043536466	1003.39526090507	860.671460323796	881.299363227317	135360.562764658	41931.4129732423	114.437764513113	58.1929751177863	39.069781147515	32.6093055726488
406	6279.35308037131	4748.20390651486	3357.68821024861	2910.40986396473	2751.40524008125	2724.39636547245	2446.48866334954	2360.02805853128	2153.54025689318	2043.47225969864	1949.74258866962	5256.15108910058	16323.8178694895	1004.55754876663	789.770079381274	710.350768213492	52398.8674873584	109970.511850412	159.005416912686	54.0262177617917	39.9097386586814	36.4101320971179
408	6118.87938731086	4601.4143445195	3423.52102219455	2784.87861075691	2710.77403326114	2672.42015752698	2532.85913082903	2370.82075874227	2268.72314283643	2086.24691523055	1973.80604583722	3181.18898368859	20780.1550096862	1056.14651427786	776.601999543525	646.403334886879	11872.8043532317	186429.892089862	267.212689243978	68.921261924459	40.1099876257022	32.228435882411
410	6933.81280904009	4615.61926548587	3317.22338910279	2790.63205760241	2679.7924639728	2662.70272404167	2460.39589566291	2445.41234307161	2280.35350761622	2079.5680123985	1946.52024177774	2347.15469542709	22463.9537313599	1366.35339020249	761.454035765382	614.928235144625	1685.21353062095	216169.584780082	709.87104329942	77.0346913677856	46.3884755832505	30.5445275421981
412	6199.76859398412	4658.21518874042	3367.29969401524	2856.09891244949	2741.4543597619	2745.74972801218	2512.89553014095	2367.65388472629	2332.93053539277	2186.10409506212	1966.30249257059	2075.15366195209	20495.8861770104	2244.04310504372	764.993287826363	637.382025321594	969.732005122943	185248.076223075	9135.60531497907	88.1752897599751	45.5674209273014	39.7801002421641
414	6697.2548780627	4979.92771843145	3355.76778489964	2769.57500938354	2824.39412580267	2738.14278986147	2516.7691543862	2466.08274725234	2389.61899779302	2100.63990837648	2008.853437146	1945.75534033648	15965.5576830289	4302.15498061207	742.080619210137	660.435099232481	755.320430850089	112524.926021799	42314.0968814549	112.290794920588	48.2385361882555	36.1988374490197
416	6295.52766016461	4881.28958703619	3350.7469618621	2896.30575878908	2734.52204629208	2671.30912457163	2572.06325507532	2421.3177251219	2383.71083240238	2208.5783089437	2041.86463451565	1900.86653609301	10635.1121835879	7634.84949224839	743.516687706689	662.625003704541	615.416883502523	42272.9811157092	110065.902708622	145.845732261564	52.0339749389604	33.7398183379979
418	6159.27750297955	4544.15016598775	3118.73002632368	2874.9008632957	2667.27678771867	2724.07138559266	2592.02882058368	2407.26812511811	2333.98410148789	2204.79239916628	2084.77360241564	1896.97488242424	6298.92320632703	12066.6078458401	743.763289946347	664.449146622994	540.808247868592	9408.50579125887	175257.326275968	226.915242801281	54.1128424150237	37.9282915326014
420	6457.17575350824	4697.87624368923	3600.29984209289	3035.06907053402	2872.64072759306	2678.11084779389	2489.8016101304	2485.23586344865	2341.60578957772	2266.84096514052	2042.14698050009	1845.6200643558	3659.35253577743	16338.9267197195	763.743016391653	632.352339225818	495.356636735025	1373.29840529837	201030.735625845	663.840228701626	64.977642538892	42.8244399821367
422	6137.23224883204	4513.11218521378	3499.30067491089	2756.73340980683	2790.90623793023	2729.87989107438	2570.81411249404	2441.21747184601	2382.65362323084	2223.6796651916	2102.56916876479	1896.37082908336	2494.41392518342	19016.1573278939	937.370674156485	597.720849805156	514.755331767515	796.481274589849	164802.532761249	8456.72930996493	72.6971854918726	38.6681371334352
424	6068.3520648451	4954.99855281443	3300.45852170678	2966.45942376928	2745.92177846351	2664.23968408186	2468.39455777538	2469.79316043366	2300.4961967979	2247.07125763217	2031.86447564496	1863.12210881555	2041.93321430214	18776.8731064628	1388.56477546344	652.839131107711	537.220222932566	634.692676345226	96349.5436707388	39273.8950530743	104.831769246717	52.0677607318862
426	6428.21372136092	4917.30766342815	3627.23514648781	2902.93165840615	2656.88472517608	2692.37963833799	2443.08394661899	2352.52133082155	2303.67224602096	2189.84534774445	1996.93798154498	1925.24733172811	1874.04865606099	15780.5829017012	2458.75580338775	630.775250647279	570.269933243466	549.869191123274	35485.8541701761	97400.3024359561	133.057725498959	55.0528419503981
428	6295.60479712461	4893.8859000034	3319.51648704915	2964.7492351932	2694.11312974334	2612.77873967991	2412.19322989896	2370.22854873541	2342.23908139468	2266.2678054276	2065.67192029378	1861.4808348917	1755.47031333819	11452.9695080351	4495.84148652738	629.674814132221	564.346253002182	470.887986451794	7906.95711382676	158297.260401125	199.116258641666	56.3629835797768
430	6696.69297559183	4481.82998319691	3614.45711665114	2937.44511179466	2745.76039434936	2546.28284138087	2434.78267723859	2437.76755432039	2273.29624581827	2221.49780177306	2022.18937252867	1857.98107374597	1687.40255257144	7253.40955631507	7380.50473372588	634.365001672512	569.441869620607	432.362952930515	1124.69236696447	181273.64924197	517.718889326752	58.0639848717107
432	5906.1964645507	4809.99238411637	3495.81496495127	2891.77579517582	2754.61389758604	2619.4857652412	2394.64773453343	2302.36318825364	2296.9087387906	2189.9998733108	2029.12781752085	1871.59578769437	1644.18890233048	4356.77834393879	10713.4473585788	628.797984059127	560.505235674612	445.725141188626	676.153248590607	152636.676945198	6608.72376574205	69.7287592000377
434	6082.78130461473	4804.87091981685	3608.37057295417	3012.72969787768	2653.55220004113	2574.40129640562	2340.88488059118	2382.63440886568	2296.61818889767	2197.11969833196	2048.25841674805	1880.90386247919	1635.54991889948	2584.55841391647	13416.1754471875	672.213464819458	540.97676281386	463.058269422105	568.512211840731	93816.4480532404	32369.9453905716	84.0547061397447
436	6412.98511376135	4645.26347421464	3581.94054729183	2638.54662459395	2566.22258950233	2455.62907328753	2314.55869630166	2376.02608267116	2283.57807866885	2155.97907008306	2009.18269697365	1922.07586104105	1680.78579741597	1888.3116836242	14648.3427863151	901.652040247903	561.364845297902	480.987137628358	519.890766479113	35618.5547265892	84717.2302976189	120.860241837875
438	6185.16950523321	4828.10227978345	3490.41490384548	2938.40528907201	2524.37892905005	2408.01798534161	2278.40531651444	2267.17870501603	2167.62116549765	2206.46785622729	2037.92662062085	1835.52546504613	1698.74086385972	1664.23477066807	13883.2324394247	1425.37475556327	537.487063581532	492.383093996401	419.81987655343	8804.60675926551	143105.289821024	176.435612975162
440	5479.15580286518	4312.93595069167	3624.72082033961	2895.51757930893	2475.19981855146	2364.31780487261	2204.67540796774	2211.38708974517	2190.53761417914	2118.70989711267	2063.62359414031	1851.70463966261	1680.70515356424	1521.58376847054	11205.208821783	2425.30224516656	570.280157534006	504.05529234423	421.159885042794	1157.19318208319	167071.112085885	384.579731434662
442	5719.68233975648	4275.76943455779	3368.70738893185	3030.46634724268	2581.70302505722	2323.02291160341	2139.17297247991	2149.09591309572	2231.28502848551	2134.48640995813	1981.23410868034	1771.38589373164	1614.93726668747	1422.71143341437	7777.65307425876	4139.74709758136	538.780839177999	502.710387975093	402.50822174787	630.0518052484	139590.127215319	4841.20660206
444	5910.82431852675	4500.04052907842	3486.09040237297	2826.67349954533	2528.8849598187	2275.53341077764	2161.55899304471	2154.50613028632	2103.69233038127	2138.07047346052	2003.83561607877	1788.02857362977	1675.03626597316	1376.61038221997	5026.02209571832	6407.54956509277	541.75901528767	470.28245714891	410.65193555336	521.247370901958	85001.9205051119	24028.2718055138
446	5468.02104338243	4313.42040114002	3367.77165981524	2806.41487123468	2437.0636986931	2305.00751524104	2111.34531979734	2041.58092511059	2074.69452845519	2042.45801369804	2006.1636222753	1814.711962678	1614.27601863805	1370.0483659395	2960.41110094722	8679.14908156729	605.354299574925	485.99185522512	416.80744417455	439.22125612896	33752.1885158842	72748.5199182734
448	5787.59268117969	4403.75338929129	3406.72018723557	2795.45621623091	2424.05231699773	2104.35350262947	1987.61641728416	2065.71895216262	2064.20943600242	1982.42354194206	1924.65647067907	1763.73596923141	1603.01286665442	1329.40573927382	1818.27462902473	10504.7192358795	688.650165637162	490.444936995653	439.524779455914	393.462326042485	7992.00810303642	127536.165701771
450	5870.17706605138	4557.7016109988	3576.38695297333	2714.06039379094	2436.83036440659	2144.78833196174	2018.80005287175	2016.27793010706	2006.12012561712	1984.24211799658	1872.54933741599	1781.48700501459	1624.38680386001	1324.78938993013	1429.88592936649	10976.5912573762	905.943410451164	503.589934261079	438.478977585915	369.010356939169	1074.18607056959	157363.094284552
452	5022.932757651	4344.74736451548	3246.24905683586	2796.60894270112	2409.74128253116	2040.49312857284	1899.19197821493	1882.93851711216	1960.39240506337	1956.53705968623	1898.02508998606	1746.25029402064	1573.54869575548	1330.01974373943	1197.94191155417	9962.97249472688	1483.99331634797	498.143709494973	455.747742923546	361.621049494631	553.596610547571	138724.339944759
454	5797.83698267316	4292.21764887991	3265.04274144957	2811.94852453836	2418.38960111443	1942.52497631519	1825.93427308716	1912.50426315483	1897.06897890827	1862.17511370795	1802.64986109155	1677.38622612601	1605.94055316268	1364.95862733093	1144.33273307204	7776.28286997153	2477.53646264021	494.787952915746	440.791392471075	343.817905246642	456.557227958144	83788.7806448603
456	5197.78846325399	4584.57132710226	3481.06612811616	2906.30623063108	2311.60228889571	1990.51091070571	1801.88478412104	1851.46125561377	1842.06699447911	1902.69612574491	1789.11014331266	1713.41457664038	1553.54385882848	1336.16722087628	1062.54455665114	5236.78478266656	3981.56385422448	503.669285340305	448.867924130945	343.04648476043	402.322553174938	33555.5005643705
458	5143.47534491927	4283.50059806297	3558.21004583231	2881.02757568249	2319.80509698742	1837.99216283244	1766.69498219198	1722.28928205047	1775.25840705436	1764.38220984006	1790.19308834137	1652.8190679107	1544.4313637159	1354.98874980064	1082.94629771895	3272.45047223716	5696.21297469155	515.58127316106	445.607171350783	369.482783741313	344.941785975877	7785.72901030148
460	4276.92906886355	4219.65469607453	3290.29548121337	2880.89720216817	2352.79172389727	1857.9042914447	1729.95186728166	1702.74374091925	1779.763633712	1806.05692497332	1747.32067599563	1665.22726397657	1521.05030879507	1303.47872026557	999.525393799305	1936.22778521799	7237.79867044204	553.986305321341	446.508451937848	387.397975817804	312.569331959675	954.597384589859
462	5199.140380109	4300.60873866493	3191.72281647269	2842.25473583478	2358.33344832571	1845.81057329874	1627.1208050225	1633.72651050535	1793.72450460928	1757.15583559225	1705.57478405461	1630.30166692695	1465.54337707715	1284.0217785257	1003.06508423663	1334.72441232046	8221.12336605693	639.295371037009	458.523072034106	421.59585447669	323.62707366797	474.394599263973
464	5290.66723678318	4258.54734741523	3375.16236267391	2931.41427075443	2260.86075741583	1800.11035248965	1574.07006889782	1677.42386469833	1656.10334785015	1697.06524686941	1676.83284725212	1601.51850354732	1477.03656478678	1301.51580340054	987.970025366905	1050.19767213962	8100.37945427815	937.503765820188	447.477356835341	400.521612374246	309.71335986099	398.948405734048
466	5144.3126625144	4518.50187972521	3291.25843228943	2873.31294116777	2327.01863015125	1786.06730812759	1575.56896939251	1598.30546918367	1611.89433830039	1662.3757663622	1629.1064242241	1588.55488564041	1443.03743483355	1249.8620812242	999.400943227672	968.565640892999	6869.92607429945	1519.15327363487	455.781759940164	396.237903949673	302.134836001928	372.422668381753
468	7096.21686849269	3829.16639474217	3515.41402441454	2798.48427196854	2288.67464670975	1729.62589029533	1533.99333017669	1562.75350522769	1570.77019516351	1595.28847843778	1556.63949016154	1518.74008798476	1435.75021996597	1224.16772195432	965.702285031598	946.213104324204	5182.96860488946	2387.60539172785	453.031648331753	393.697037842887	318.300907028075	321.004077100309
470	14842.4035705601	4120.07122325473	3578.97325031638	2933.86467605489	2257.41259419684	1697.57201401453	1499.180083395	1501.73030158593	1525.70291770903	1545.93178296662	1547.53659551158	1456.91705359709	1408.24086065027	1243.87570858509	970.550312042477	878.342886631506	3459.49648848312	3625.95189595911	458.916934801042	413.218782253149	329.159460857813	303.599170280638
472	30115.1440549686	3548.05685672272	3350.47997008649	2920.81617981082	2188.87490418684	1608.56120452586	1415.49128997514	1394.22411179845	1534.7833996429	1486.80811604434	1461.67602229581	1435.69890454151	1391.33256768403	1219.2776352456	990.924381929948	825.961181138758	2160.36841683411	4825.60237264409	478.007555274482	413.069940413742	363.66079961558	291.577678844356
474	50787.8744392005	3865.30391674599	3190.92309397531	2793.55548692595	2169.7297908039	1658.23007461895	1404.49241568274	1383.39919448167	1473.62069550988	1448.69290013469	1410.13780669442	1379.89149311473	1338.08839186642	1203.69456813485	966.688924652333	818.608717626908	1374.69379998335	5900.89040839302	519.103012462695	416.220999200207	364.835236032828	270.523555022012
476	84124.4902439509	3840.69741549004	3343.53874832973	2855.28004799844	2187.94606888377	1597.41926465024	1357.03390353769	1342.29206156138	1321.08075963846	1460.07019399823	1396.37099073191	1355.66267053585	1308.22379926671	1148.05184133362	933.339894782564	774.072387905676	960.691213615451	6266.87279966721	655.540524734871	430.233677877668	341.357692242847	268.099244416564
478	119447.393808236	3770.41772868373	3340.08161992181	2750.54262447186	2231.91733351649	1565.30685403161	1281.95577956648	1345.20271218076	1302.2684654533	1354.8759169399	1366.62015512007	1308.82998447453	1277.73376741752	1129.69685160811	927.196510452635	751.829455196979	850.2469511876	5952.65473505002	950.419423889947	425.712590170555	346.025102517303	277.673268247924
480	142513.541383829	3581.66714594608	3379.17435959323	2828.34354445668	2155.95165687813	1502.25150276422	1247.87455762288	1230.06470422235	1323.29723186453	1336.29197581059	1353.40050672055	1254.43768175561	1270.28738874102	1136.0455241417	963.776879607818	778.917250245007	750.938988751781	4955.82043675319	1499.86165081889	400.196170602303	333.700385595402	298.137544170191
482	156236.419856162	3712.48166499951	3288.5544773474	2867.99524594912	2202.79415064276	1407.95984505141	1212.62875325601	1220.31205329244	1182.23846328061	1272.12590753949	1284.3344038731	1245.54785481991	1242.24868239379	1098.73968586491	905.171501215686	730.888452839319	714.823736232179	3646.36358591869	2260.2018119498	424.139130843677	365.222156601028	309.905767078491
484	141841.578886586	4104.29265053175	3212.48157073495	2758.58802872635	2197.82143543478	1517.27973117428	1168.30095170059	1209.67904458221	1184.08985610005	1264.11025401828	1238.43698468043	1182.71290632506	1176.58113597961	1098.96907052321	877.50761731678	737.122742815586	665.946511021615	2456.86618745851	3135.67483512347	420.303717218297	345.984172606991	323.575698172164
486	117953.2314111	4541.14110361391	3426.9337384307	2714.77845199737	2241.12462114978	1446.36224391399	1108.33242870301	1171.2062080847	1202.08381330968	1198.31977334004	1181.2050268834	1173.70261648515	1179.49982345292	1055.17663345581	878.228426985015	726.832494334932	674.687534767514	1543.54931729389	3924.41273497857	442.496761911565	357.643437059545	349.745351428743
488	83651.2145037983	8763.56119290744	3346.04562642639	2810.76873469474	2139.07766725629	1409.7823418113	1117.07323067357	1100.4054206314	1115.13840670259	1144.05424615833	1167.22673768728	1157.81738765077	1175.54404498742	1062.79457751654	867.830983693464	716.528370330622	634.053709617857	1028.64292852035	4620.43350436058	505.695546997254	360.581943903732	322.06609180908
490	49507.4395331857	19064.5115972638	3338.64721305546	2882.16537272461	2102.54397579789	1402.22276105797	1097.12123519238	1108.19078554162	1138.39093889536	1126.61318513801	1138.10500672524	1110.79385244621	1112.94483648285	1031.7760267706	864.26495186604	728.199224111981	628.783500563864	771.731689334491	4814.29240730592	643.223700335996	361.247173764589	312.100434563177
492	21840.2463471936	39669.9915442979	3498.46318140301	2843.5749135339	2151.74795367216	1302.65587280173	1111.12194307836	1081.77620789897	1112.13249183735	1135.99719962868	1140.59357693662	1096.83992148763	1112.48378194892	1047.58334550255	789.94342920948	717.570287587151	612.625485795662	684.413329424877	4545.09418712427	908.356760194086	346.153632012346	319.749855758556
494	9393.36849252783	67239.8257199755	3437.02795417874	2845.90807391739	2195.56247444534	1351.22006706371	1036.49633769395	1014.02590468073	1036.62111712841	1101.37305489711	1107.86566547268	1051.35582712164	1101.50778095523	999.712503296837	854.333291311452	702.184022208302	606.111807506114	649.472342670364	3717.39734211181	1298.16880168137	364.618701552105	319.892054899042
496	5544.21902656587	100188.39859166	3343.66810858602	2710.44758465392	2081.58804162922	1271.69582249012	1016.73576299616	996.494966145988	987.781135768272	1066.82695818771	1043.66627577013	1027.17543705021	1031.99573028871	919.817406742965	801.186594432213	696.164790130717	657.826010674533	635.643874286788	2772.04615219824	1930.39003261627	366.858221921829	324.183360744064
498	4728.57987803387	134470.816519362	3437.77495489975	2828.36529580048	2067.3307293179	1287.86043029673	951.983838100424	969.034074413633	956.564375363963	1043.22122802966	988.05892769728	993.270381334406	1052.68296307907	949.351807686201	823.741545510349	688.838933546737	612.913339422268	594.249179380092	1857.20437500638	2549.40944416529	389.686854163201	335.517247833978
500	4792.72826737736	157146.295679318	3377.43460346604	2819.95754883432	2110.94673320934	1253.27748547782	934.982852027758	935.067676374525	953.673440658	969.414955660416	955.703533769577	970.818419484562	1036.9216154878	975.532481745019	809.414182853234	684.302157973897	615.317176630245	610.801868238771	1211.85482470672	3192.76503911738	412.559620597986	336.92263695383
502	4029.57429946468	159655.942665353	3522.98286592501	2916.24370036187	2208.01739439298	1214.63287162185	892.268920740161	904.820364976231	945.59384752249	944.563581962332	976.64034761143	913.137578955067	954.628495100209	950.009699961401	768.888246625857	677.43339622544	599.528264478406	553.938454251389	845.922549072924	3701.09322851373	456.88596437582	369.883417904327
504	4393.2496307231	143119.072181461	3758.47883122719	2967.43966968231	2191.08690061927	1242.90788995516	861.150604737144	867.476208493684	895.35164728513	933.467489144311	955.340654049078	957.279512049693	969.039317516096	911.428217076687	789.142493512259	681.81923939961	605.219628065813	564.570284892111	699.030690140935	3780.06059289211	577.027111082356	359.147752981245
506	4448.85742254286	112080.569853921	4369.33606118544	3027.08720190918	2161.40430614174	1249.66218632738	865.457050953869	874.752820518487	846.741695501504	892.140727793431	907.156724635935	939.392005321026	931.834087341436	894.620048334477	773.868413397043	648.24180993062	609.89636350605	547.15742809966	644.395724502608	3460.75980305857	791.550047913914	372.521066429503
508	4662.33700429526	75622.2179969337	8911.23743910201	2831.05031825743	2267.55620413817	1212.59118004409	871.698924130654	823.674012796201	851.360224475152	866.794855570571	850.612462109633	892.029667745793	907.850916066308	896.314086536839	744.752594803203	655.954674666521	588.235813397806	550.678899094786	625.29694592827	2903.1298245292	1155.24051531105	377.82645401231
510	5398.89086708062	41857.9700040285	21245.5306186734	3018.89537053837	2401.45343728865	1213.23935120346	838.44318865239	831.868778319474	820.066944156381	898.809386820697	884.424990605668	839.605933737595	872.754915703685	825.637127155924	784.568040415987	647.726162770882	578.006814002446	578.510445595893	609.574526754438	2222.69336864166	1612.0497473145	390.621312213037
512	7800.58301120786	18368.1039626415	44328.2717898397	3111.8239279659	2440.21489239916	1171.53452864499	801.101765461171	747.256209778041	761.286275778778	790.918239475683	858.62794284176	800.944661794949	859.590602643913	813.811544303781	721.968137492891	649.151646594606	598.187739028576	585.595100188829	592.144094896896	1540.86820043207	2126.94217885415	424.108119560384
514	10763.3045985148	7788.58191737582	77160.3462742456	3211.45420282238	2372.9194114332	1210.11143785344	757.929779424628	752.640024911999	786.341218136854	810.923332195141	792.562502950722	810.601630710569	852.156786295998	853.851452055469	726.593368694151	650.021274519949	596.62335467022	568.168889817102	589.310595350835	1047.39204930126	2575.66668292961	434.334746207926
516	15746.7218840268	4999.20414663335	112991.815447961	3259.55512096648	2518.71638189105	1145.2014784695	738.915695792749	714.234955251005	747.668071955137	778.478682998038	793.97618435085	777.529622881403	831.157318334491	783.683007521831	733.3140090469	638.831471908245	604.910270871462	581.510289815017	584.066178160424	822.076923582741	2893.38757251218	495.722589789701
518	19307.717538145	4928.68076703717	147236.028852346	3345.78954741376	2509.60393793584	1228.6386633312	724.232097107769	697.0444720138	742.609410500085	762.419586419969	765.150664844057	767.848026057023	801.013415525405	794.321404149588	695.148335599897	634.363658604884	581.438053163012	587.358641816473	616.625915372422	691.405732976188	2992.74867168672	633.111775937663
520	24193.2226653579	4795.36760221803	168516.839340101	3459.00642911278	2503.21898805637	1149.08713568144	680.866888981509	685.122258942451	721.283111036025	756.777605489391	748.758304835321	722.449023650958	778.740355919737	756.978698802556	713.064136048272	646.553371115056	619.560235168914	579.894992052561	603.023634253761	685.3833541781	2727.15796390481	820.364990477144
522	29456.385530412	4497.4941274329	168519.676915169	3547.65501716925	2604.28619881658	1147.92117305292	679.29050984639	657.616076843723	721.181363552936	715.088491167351	729.983030478832	706.54287027095	744.638992512035	722.927908707314	691.160141813792	591.69185982638	577.566875282967	579.408271666086	632.759799740565	702.93386809891	2251.93255870191	1083.47660607777
524	30341.5663867362	4422.9259286173	144403.98858067	3799.72125575063	2690.76277612439	1177.69737831943	675.540956117324	607.889918605499	688.108574203633	720.745186324082	693.477827955299	670.663718359183	735.051465126842	717.673347064554	687.398677913149	621.371927616062	615.946076293709	618.188374785462	628.602591765233	686.483617609637	1733.28245885065	1426.79271335546
526	31491.4393069595	4443.31507237783	110408.90681675	4926.39046624802	2844.26204790419	1170.44860582704	679.306340957029	628.108882248295	656.812242749559	709.796906648104	703.48768260526	652.956838944925	746.889009424983	713.994342940212	642.289977550109	605.253148329525	590.185778792929	575.145919615362	644.732291828913	674.341665514896	1337.90409506469	1770.11876262732
528	28117.5768573207	4993.56957292496	74026.5975209683	10720.3549792934	2885.33420750292	1146.87965418431	655.810624481806	600.427845937836	657.741383980539	672.310079160714	680.152878679851	622.898259201901	657.608186550634	717.046621615798	640.048297873268	583.86118137062	592.149951483765	622.456124424822	621.942784100413	688.446429969883	977.906752971633	2120.81678757203
530	23783.257833511	4834.41091542356	40498.5988527788	25324.5280376985	2835.66753452003	1209.39328227115	609.544629237477	615.729093893148	622.491110924398	645.545048611031	659.21715026742	608.253183256066	647.430355873543	652.346704305733	596.587067856456	584.915669337839	596.969134015236	616.79837870964	652.319368114298	665.394892395887	726.887404907487	2368.77708006004
532	18941.7578384154	6054.50947527263	18039.2392943847	51420.2766789467	2913.84643073408	1209.11620277173	577.403103240401	568.493972356058	628.239470729424	660.361354304296	668.165745256952	600.64805849296	639.639225864233	654.54677769355	604.625093133032	602.639442883335	608.327440312487	602.751137258524	620.999907098492	683.674071411183	700.433140580465	2375.15895157839
534	12191.2524116494	7848.89675034539	8533.24858293588	86317.4867214049	3083.66371484951	1167.83843402644	635.783244319591	584.291362183913	579.177739630425	613.03595401692	620.739147060816	581.242138762481	618.120896497033	623.543463502629	602.738203089558	578.810039168763	588.640150546667	604.194495198192	655.966569825359	683.948696749021	659.570357413038	2165.37053795144
536	8236.52187296027	11556.4411130721	6325.01820759261	124532.349575769	2987.09139648681	1183.71623764573	551.04594411105	549.126257098108	611.985550058653	603.979890966118	620.379727823862	563.968258373632	595.381971703824	604.553175449186	593.085568891574	564.385379071238	584.733500173344	603.499001334084	663.777700681572	690.516835966827	649.51936597835	1859.97479767831
538	5489.04245936733	15401.0221027338	5787.70213574074	158828.682013116	3062.45492403613	1193.0339074345	536.426025609838	570.023624545992	570.151726541204	587.886232719926	604.43304760355	540.206639180777	574.578231889606	583.007159196112	537.872770658579	570.962424013025	588.476624288002	616.978806688082	677.338059044363	692.640968231161	639.511954421958	1494.8804991171
540	4046.92532777977	20564.0549168612	5541.45406971437	176689.691674893	3177.42226253457	1195.44067477119	631.078766721348	551.485777479007	541.035089109924	570.013473489807	576.942685270662	538.62291556867	560.283338646336	568.062736945851	583.164802406541	550.580403662519	607.350345490257	602.71581317289	681.143438646548	698.905945262618	635.327353465274	1168.25904740745
542	3806.97761444577	25875.1393241117	5622.21826772917	173542.693549858	3243.60945451422	1220.99476350288	569.161137413716	484.817808095993	553.790926972152	587.764973210486	559.768391182085	509.436938076323	562.743541601874	587.357391170034	505.717566361326	541.887425151142	559.562572408804	614.459311673447	675.593798873542	707.318012476035	627.796166036806	884.041064203437
544	3741.18879396923	30304.6625313415	5823.17392397029	149333.417802985	3458.77544488254	1225.15302091636	577.617243045313	498.808226751854	566.750315917288	546.273309768995	585.492401638058	492.098217418733	512.374970932039	546.681012250018	520.601417812816	514.305774683509	595.505730955869	593.028455116868	668.987526345035	686.894589059346	627.873089417919	739.67639785061
546	3432.08653397364	33890.9866167877	5593.87360600965	114198.666918516	4396.86681165371	1254.80611705494	559.188186488294	513.484672541886	517.181086947348	521.585516770643	546.068025975401	479.267781911565	501.005506050713	534.431785573229	523.835313909593	504.645453926397	581.751194117386	616.477402812833	667.067268932394	687.76077333659	625.184624029125	669.141386937281
548	3446.47678988328	34628.9178708919	5679.83773650256	74871.9379144186	9784.33705931191	1234.97813895166	546.826340117368	479.158812278875	514.127946636617	530.897215615983	532.99114176626	468.689383472605	493.000156273293	521.510822487011	504.326277342024	487.457357889834	575.737316628004	594.852283267747	657.49558374564	688.916717019764	623.527631389611	649.618332291832
550	3842.42103473842	31533.4402654689	5409.62205970226	39916.3040372372	23740.5389297729	1275.93738645308	556.406081116298	448.544047159776	477.365700374608	536.665554990759	523.218351473236	424.03957090848	474.274730534924	495.524899126005	518.417704512185	497.798987807288	553.40629685041	601.264090805125	660.843509857985	706.888028212676	611.296638866582	637.662763371325
552	3044.27401730643	27979.319497457	5653.49893694918	17819.4457080307	47282.4385330527	1330.94709709023	543.718690161624	504.690721200156	490.187769630757	489.732583068188	523.872855401562	433.650926510716	436.479532560613	500.310980287232	486.102165780427	482.202083843145	537.698884229454	604.154699667778	660.427212236383	673.122799158443	601.212914812099	613.550745711515
554	3349.50468670935	22732.6302878228	6039.61643348561	8148.6196900083	79357.934054755	1307.61363967604	531.030976254796	479.471939224812	448.244271282052	472.116334829894	493.342670349975	392.776350735376	439.571225826551	462.169451939593	469.843885169449	485.531752323215	503.424578210024	594.164733337373	631.98359661187	686.316970691046	594.608890507695	610.571222525857
556	2736.59902632186	17814.4097023694	7466.02228207554	5821.83386821432	115400.619482652	1285.31537014169	516.942457884916	450.916380081544	471.875726572854	477.204103265413	483.057808795777	406.124110873654	439.249450253738	452.470566564095	460.347343872763	476.928390089124	539.696268498015	561.332489169994	643.009381950215	668.571865577863	581.930176242856	592.788845827629
558	3404.42993801941	12676.1797729415	9399.04339509093	5603.77788290841	145585.631315929	1340.80466872148	527.842104833256	438.286274310873	451.491959628424	444.27341801958	464.321283381401	393.666556675352	417.22832269199	432.45163277748	461.746300697236	461.408320329633	527.954865972728	574.944695223825	630.362853178272	671.060086842494	606.080187543709	586.686081433399
560	2856.97451974764	8426.28775658174	12279.2428819985	5449.6985934674	162496.69880952	1286.63040386381	528.58667354948	411.175537155774	449.127435941158	443.09932191923	475.589039284196	381.799290405791	401.6451326254	440.878340219335	419.344244262294	435.840900196567	510.137997661092	566.818735511549	659.857928598676	642.517551686045	590.534983591811	583.441406417747
