Wavelength	240	250	260	270	280	290	300	310	320	330	340	350	360	370	380	390	400	410	420	430	440	450
nm	CPS / MicroAmps	CPS / MicroAmps	CPS / MicroAmps	CPS / MicroAmps	CPS / MicroAmps	CPS / MicroAmps	CPS / MicroAmps	CPS / MicroAmps	CPS / MicroAmps	CPS / MicroAmps	CPS / MicroAmps	CPS / MicroAmps	CPS / MicroAmps	CPS / MicroAmps	CPS / MicroAmps	CPS / MicroAmps	CPS / MicroAmps	CPS / MicroAmps	CPS / MicroAmps	CPS / MicroAmps	CPS / MicroAmps	CPS / MicroAmps
300	4507.19678201705	3348.83812204861	4850.64418214882	38166.7155266405	7388.23412669285	3390.30492757668	316084.883990877	1558.31337085791	213.906761999993	131.410037080525	104.130379972792	95.1591447150804	73.0550039469539	74.3961785347244	67.4268562858805	53.3622523272478	48.0487341283379	50.6507003031367	42.2570336861742	33.651696705239	34.0172023681515	31.6476593726303
302	4622.94595212908	4300.99107692616	5228.70814243907	27625.7026832519	11888.6395902068	2610.40766748368	279005.121791959	15577.2998733205	244.747151105846	139.70081981441	122.335297647037	92.0969423685221	86.6299611667022	77.4359410300554	67.151263692151	60.0505842864608	46.1017056002482	47.9025413362506	43.8249924434526	34.312926137887	31.9434581691989	27.7018693096418
304	5762.29768233084	4637.1693996173	5544.02444755604	18110.7137585427	20473.7639657463	2564.59474832458	176548.803123318	68216.1569169284	262.918323775102	153.008954402536	125.939937393735	101.992390463897	98.4666529260216	75.0686864851432	56.2496877547843	58.1448055302222	48.280029821842	52.6683465702341	35.7656533127399	34.3269870914316	30.674348986824	26.1951388481627
306	6096.64000207542	5194.68627398605	6517.07184730331	12166.8024712701	31794.5912241841	2630.53762418967	74387.2635573789	176154.261432314	350.267819515917	173.31030452535	130.59758358798	105.709398469289	91.138623972078	81.1876624402683	71.7118912165028	55.7600754594276	47.3181297413375	39.4998894910538	37.505439250904	36.5122389466695	33.8231436993365	32.0253742427605
308	6642.24717605913	6401.51014408342	6976.95276283199	9456.61523388906	41111.4506503387	2825.97287624278	18526.4029015598	292798.918463568	520.212550334885	186.570039029869	128.432438137676	117.330518073797	94.9242480550261	82.9121400862649	74.0984758351038	57.9197427733125	50.4023996209749	45.6377826813602	44.0549073069486	37.7993027414289	33.8243503489948	31.2443159561595
310	7142.57539550234	6740.10039409276	7516.77614980538	8973.92645780535	44052.7052538147	3243.56165126653	3041.26831032207	348054.000132566	1799.57254541773	205.337378884985	147.928256756005	114.308236467788	100.182058882166	87.3365100115954	74.422017333743	54.4092571910321	49.9197894549326	57.0037206916159	39.6897020292583	36.2870859206274	33.1671648247487	29.3504951227949
312	7838.95850208422	7407.38867573106	8184.07126023892	9042.80319583636	38853.5881831665	4658.72646354541	2087.54927678603	300045.862822639	19356.57825686	234.535377638681	146.094674881077	135.07894258468	110.228943487154	89.0386133897506	76.561109345241	54.7262573404163	48.4921144975802	49.7154774488073	36.4075907173293	39.3389138989427	36.513683541617	34.2456707196881
314	8531.36447915243	8004.16108132729	8451.12265759967	9448.61613769957	28444.2571233819	8491.81707154051	1866.07446354922	186663.196083354	84407.977532522	287.802534243292	152.732805714738	126.486163009405	107.500280392948	88.9827514232401	73.1931595115365	67.7907666455981	46.8374654860642	57.2164731992567	39.0538913078346	39.7753830207117	32.142865625549	31.4361011328208
316	9415.3481254036	8746.41863443608	8695.98670076593	9364.44748598987	18265.9187949164	15759.8354916088	1963.03013031543	75381.2144470012	211098.156654783	385.240648259867	167.609401152799	128.313702104742	95.6291406526954	86.3745372584672	84.6870186136821	58.1292522716104	49.1869875114702	47.8906323112347	40.1096965527817	31.0303718185572	31.5184463102567	30.1090267436714
318	9160.6100065655	9376.29230649573	9105.11866714123	9489.16417319073	11606.0773154476	25767.938727376	1964.01986199497	18196.4197050998	346741.601755371	536.036050910677	188.987358294025	136.793953949689	110.645824140234	94.7713317053113	79.511317401745	62.4514897758411	51.5707965578002	54.256439972972	37.5190825709156	41.9666347931009	38.8276508317669	32.9628651785842
320	9642.70204336217	9284.66788356475	9594.47860792237	9548.3289402622	8807.20651185182	34516.3525061073	1943.91083919202	2882.95724428957	415256.018366104	1628.46156975954	220.286086078115	148.722869101403	121.086286000311	92.7717096646359	80.1096115007137	67.498741589168	49.9101896896414	56.5192412296316	36.4830575376729	42.1716526149701	36.3379267637047	30.8601332861154
322	10371.4199559231	10096.3506785069	10073.8630740968	9729.65723373464	8020.13093484127	37238.9537066359	2246.65869545414	1759.66371012564	379270.075627507	17936.500882306	231.997494277297	157.95981849056	120.380067233916	111.0986407048	89.7993970688134	66.7093419991746	42.0647104865276	48.1243494828455	47.4995137371951	35.0003547411846	31.721615613814	33.9089863603508
324	9789.1677905964	10175.8612344699	9840.38631491937	9670.00623544106	7408.26443516158	33169.9954751695	3302.67303316669	1574.50403819984	251185.239932635	79552.7154373858	299.847846710479	161.296382213861	125.273579493645	97.4627336002979	91.9437592508111	75.8139686599762	50.4039065771113	48.5724409627435	46.4244842355319	41.5435441988295	38.823977053807	30.1372753292301
326	10200.9575404204	9869.07006355168	9935.41242317178	9583.86458077077	7493.63526433966	24425.7586210149	6547.47294497281	1522.84675632695	105145.475842017	205643.658231737	384.790104755579	171.565007886086	139.485994408892	100.246664266108	85.9007309082321	68.5717446728092	59.4541635956125	44.0410625487431	42.3439228525536	38.2624480316693	33.1826674845253	33.8895665271463
328	10736.6494233854	10360.3894296127	10193.755048442	9399.09128647685	7228.75026417979	15104.5519849032	12704.2841518649	1443.91404626425	26093.5261420788	344414.461335478	550.70894757524	211.443814776915	152.227477113444	108.348294453744	81.9705538219585	60.0333775920901	57.0603426352368	52.2156208163831	35.8161248042759	39.5628907123861	30.6713134843164	32.5807709111154
330	10582.9644707161	10561.5553265519	10081.5196950328	9273.0754411054	7259.24918581813	8762.88016608266	21134.3399773726	1385.40699829388	3493.60621817861	416971.582265427	1495.12582444982	218.330295440973	138.104432924433	104.97766966177	93.4641890374965	65.1605924963629	64.9008358525275	49.721966319553	40.5640837424168	39.3155660997126	37.3598211940746	32.3992901841472
332	10207.4970018251	10358.9643570504	10036.2853975376	9076.03675657834	7102.70478993018	5528.11134829642	29085.5186009972	1332.85448772519	1785.04383214754	372115.220533909	17880.8166399736	250.617361603377	157.586003571682	128.483042219347	92.2417186864661	74.7125005500991	54.0015751860581	51.7825543901917	46.0303759152353	44.3673642081507	32.3587403250657	28.8021069007544
334	11210.0618712687	10569.4473306105	9722.54286960082	8964.01899245591	7030.94733871092	4514.4916905812	32821.9106770644	1531.7134957324	1529.75336997982	246430.263355478	81804.0694865583	327.608967016015	165.279367533322	148.861520029293	97.352367960022	78.7404084579352	57.3048536843178	49.9548564836528	44.6902236460027	45.2397883079566	29.6392021135642	31.6518992287581
336	10664.9295371568	9924.00288722385	9289.03188112879	8589.49379393756	6740.43678634446	4176.55188648866	29899.8789492562	2422.61330858446	1335.17762510718	106992.833840186	215804.243920061	427.765503176357	197.640107580248	138.747083352725	102.517567647281	71.8118890429608	58.9502227878057	42.2513635896725	37.9706469273086	40.8611620424958	41.7281451780969	34.8611008815868
338	10581.7508940276	9593.94855472088	9562.96621448017	8298.04442436344	6400.95672519947	3986.26689425476	22487.5560748844	5072.5351847362	1275.78857647266	27164.8505681478	366193.396530839	600.772662211003	193.007318247087	134.309126586364	94.64239656619	69.6512971787639	59.9394934147199	51.086541223393	40.361022321081	41.3530872582661	40.0798503208837	32.7616105281111
340	10272.1891259762	9797.86286185154	8984.25530124968	7996.55412607997	6278.57097131003	3934.53235183231	13764.104118514	10400.9743017409	1278.2406885052	3706.74436880157	435689.262472887	1664.65000851532	234.458293358642	147.920613615059	119.457009732491	81.9199605096352	63.4559413203085	54.9772486580919	49.4808104737246	37.8406056192878	39.8497051911303	30.3262371519927
342	10632.1317070563	9347.93891574392	8778.47819065933	7893.54614078375	5993.32221160047	3959.67131905513	7574.90941031871	18416.1714726242	1241.64958127231	1746.63540538393	393804.719408583	20912.2196359836	282.525047801273	162.549154646296	106.445232278536	74.1980641718774	66.8274609277566	63.3481570477669	49.0057507780345	39.3504665483913	37.1462411953436	35.7820605748834
344	10693.5935216011	9008.90577934669	8874.21139474967	7632.48325580338	6117.26804561564	3766.36268728902	4114.46112429383	26206.2252011951	1194.44610444558	1419.60268072491	251638.719683222	101276.063508519	319.318847419007	176.350285873491	133.935130923615	92.053944677619	63.4972332668416	51.0837762643878	49.259891108191	40.6726056773616	38.4223444219202	35.2038695768566
346	10473.3337797294	9409.11550179077	8293.0024341072	7117.07537923775	5772.23324584689	3795.88702821157	2871.67025313067	30586.4936779642	1301.83886312887	1358.11766854317	107976.992418263	246497.602054407	407.720444348	194.910084255628	123.060215972346	75.511985566429	64.2113789285558	56.0718107873361	48.7842833965227	37.7964669110102	33.4050918894985	31.6707535311699
348	10556.1366144649	8921.13593837211	8088.70539595066	6959.22721244306	5540.95583226984	3816.42289554513	2511.74712704431	28840.4057605339	2055.1784353227	1293.01427540322	26199.5003163894	395560.802299322	632.108180528458	201.161106746361	125.193744192176	91.0062638060172	65.1425159589238	58.5581756267819	49.4673937595721	44.3357981658703	37.9790298332049	37.1151541222192
350	10749.3091442059	8614.36186889721	7856.96548255957	6682.75428727191	5452.64773253843	3678.69841385454	2333.63808563149	22284.0760718005	4289.64853259862	1262.81837720402	3441.1565002643	468960.331633833	1986.68803753584	241.875420896011	143.678186906474	100.864798042431	58.2620591807577	56.0839833601994	50.7666205431725	43.486709936613	40.0843219841901	32.0208572092531
352	10660.748405891	8251.82227871976	7526.64560943293	6227.29671800901	5176.94799410945	3774.26186117249	2293.90197459746	13968.1239509006	9167.31713351411	1290.08613952585	1802.21109331838	415842.768450491	23085.5034386858	272.393104227034	148.516471953306	106.220088904649	72.5272503453816	55.3952100437961	50.1126065102158	44.0940792105707	39.2240098439692	35.4112582085447
354	11179.4360849622	8160.04226485262	7484.21073530726	6057.67781337976	5054.11446491561	3597.6674700214	2302.60853838944	7441.73518093467	16402.3517973058	1231.36472558047	1480.57831968228	267717.553313724	104990.429076255	336.815611421583	176.648991455804	106.465651178251	76.3019693493684	52.879667254708	49.4412242724078	44.319690123597	37.7720722988265	35.2245630041181
356	11109.7437857344	7806.26132774757	6733.48777034032	5932.91283374301	4971.035252449	3536.8560540923	2292.31662597114	3795.37013876933	24695.0774341742	1224.07000417077	1346.01859644633	108443.574838787	271518.382451656	445.619095785141	172.989524594109	100.346088867157	87.4982632634502	62.6817836380124	50.7422078795899	40.4199568801584	42.5792023757546	36.3562036453928
358	11328.0995209924	7338.44268543334	6655.04506523262	5825.54231567524	4752.05532260679	3596.69065090396	2318.82357270124	2397.60376765085	29725.5994401192	1344.80066671375	1272.91427537859	25294.0982692502	435680.958787353	695.560954885395	173.281536643783	109.718800605365	76.0622839954138	62.1984439557566	44.8991210194382	45.653939562497	43.8347065223305	35.593054054725
360	12330.1271004176	7627.63833079989	6591.25508977356	5453.74616462895	4583.21875906108	3496.51088926977	2412.91925746697	1935.03335435235	29489.6034332662	1882.82856535632	1294.99577642688	3312.86595114794	502561.124940086	2372.40973396304	222.312755242833	115.579861661687	89.1834999518022	61.3098449219411	50.5380097272497	52.2128765247707	43.6298119699709	35.4003332914793
362	12294.0394030516	7169.63953081126	6575.94149002802	5554.1073031172	4453.39866286422	3464.44814751624	2400.11725789229	1858.97019352703	23877.1094475245	3697.09988288551	1254.9735561878	1789.78732863697	438317.819580383	27016.7043932759	240.431600669982	126.268487423799	91.7852698185765	63.1118378229559	59.4298702071143	55.2524300990017	42.3899354895257	36.3488003903664
364	11312.1641652173	7309.28161407248	5958.70865631995	5248.22093850142	4321.76855845746	3496.91062115758	2463.79170124339	1810.74780305788	16049.7648834307	7637.22086483484	1287.84119989083	1425.46250721552	274559.278727976	116288.773462295	305.757358003079	150.098666035299	84.2320337057437	71.4864888999622	56.7900730513608	50.8721580464371	41.7462358055086	34.8493697775322
366	11344.6069967611	7076.37355643958	5944.72362672445	5130.89096373664	4186.94109006902	3423.12323245325	2475.03950453829	1890.90524494179	9163.25647154366	14101.3482452181	1296.23846584126	1340.62014044567	109889.137215196	284323.059305969	442.49738120307	153.193324063177	85.6081190245919	67.6444882981813	51.1758268823256	46.5410455002983	40.7131219035175	31.0970537042083
368	11113.5908631631	6939.15072618247	5890.84991093858	4900.94996344171	4201.11956573493	3319.13127915832	2613.02333316018	1986.98960319013	4884.21895237992	21410.1669436622	1320.46136320712	1324.55410979932	25746.9954261234	449908.156463707	650.73116554844	166.296765990507	96.0584842872388	70.4247642502189	53.1501367586623	46.7813783949888	44.060192903947	37.6748563472412
370	10472.3368439026	6823.9440733841	5677.28629044501	4601.99999422354	4166.16455226803	3379.51344556915	2692.99862468273	2120.48901393293	2962.9516942697	27177.2683161331	1402.10539139907	1354.72161943323	3167.5331536073	506100.169097123	2130.96795055311	180.20277762303	100.125062094248	76.7303618624631	63.1471122242344	53.7504182607539	46.5383816532671	38.4209850601536
372	10385.0329644813	6756.2699872614	5754.65783877091	4794.37664228264	4253.30441776815	3497.45339621627	2794.68778682338	2218.38596269903	2383.89138031015	28885.0582213962	1874.46127940354	1381.04668239446	1870.77545329399	437286.64420205	24153.0531020521	216.764036565401	102.770204582175	81.9997146204455	64.4319432361365	52.9135605669044	39.4580734992402	35.9960975595643
374	9889.6823022314	6670.65519094237	5382.8965026171	4879.84899510332	4027.93284761316	3610.00178155244	2873.13438110633	2336.96923869354	2207.26299840247	25296.3815049847	3031.76440949537	1366.1133908089	1570.47158946746	273556.380189514	105410.483539017	252.948620907109	114.410766122922	82.6532853533822	60.974502691203	55.4864777085254	41.112964041788	34.464416494423
376	9792.67354233877	6547.56270472464	5437.89202458932	4597.52464403308	4187.00624158412	3541.69969930813	3005.33065290302	2419.261212665	2168.15149696901	18532.2175022233	6044.04187167123	1374.29334824477	1371.47194900118	107039.559656913	257206.394021776	329.663589025885	122.026109644027	82.612387378654	58.3687459038727	60.4995512918547	48.6407448165542	42.7573923890947
378	9533.84480087533	6536.23954222404	5167.80141849118	4571.98730593964	4114.38010896421	3596.74713445237	3168.95676480407	2588.74347285526	2232.52352058949	11649.1114613217	11176.347251603	1372.72421210439	1350.24262051026	25446.8963999747	410553.296595853	510.349092686863	135.314421661517	83.7814486721549	77.8653625606751	56.1398557293661	50.0945663014491	42.019397069457
380	9225.29541862555	6790.63607673077	5300.52075866337	4645.37509721252	4120.60308049043	3656.01416376889	3304.01633759579	2705.89970911097	2383.91753809204	6505.75614767768	17657.2312927416	1430.97526198996	1397.92264098748	3389.75800283613	465964.087569371	1447.16101082911	149.5755266587	87.3966139790329	75.2777917593662	54.6100498547318	47.3668034455316	37.1313562876001
382	9277.21723726928	6715.74589251615	5167.63500967684	4524.20794694532	4162.11086581708	3754.51125277088	3403.86081770982	2871.163578294	2528.0503182242	4024.23787445055	23832.5280246179	1491.50128832676	1362.96628482748	1930.73473524907	415586.916643662	18354.621655855	179.552858675162	94.863981278878	76.3211402962239	59.6663617523356	49.8880732669387	36.7409812842788
384	9611.95795065869	6341.67898659745	5243.52622388517	4526.33711482616	4156.43595269004	3898.38185083675	3513.9198429877	3056.66433866316	2592.02385086441	2952.19055324504	26954.835080172	1700.75688434453	1407.08576459034	1459.752647507	262811.732478571	84142.9364449522	220.160958414713	96.7105700130227	71.7840304465276	66.2114301253261	43.6304878634438	37.3208783572966
386	8583.98169574845	7086.89427494463	5271.60655044876	4454.00809795554	4078.70514571582	3942.49846693107	3633.04041796395	3110.04550692622	2812.3285082094	2652.44404552715	25593.4380606735	2482.92834755738	1432.64789779259	1230.16618573568	111395.358650547	216642.824267282	285.643382709554	102.403575426735	80.7048850774001	63.3270188339362	49.4717623462575	39.0027219556096
388	9328.58315821585	6572.60038443875	4976.82702464109	4493.81320119888	4142.61092604402	4025.68769487558	3778.11595472352	3283.99555195436	2807.18153508976	2603.74481334123	20436.4247357205	4454.26016956582	1424.9699104648	1216.56043780513	26551.5165601903	353241.749359289	459.445302009864	119.376695210813	69.8376658264558	72.096623203313	47.6041814200603	41.2652052570902
390	8704.99697104198	6617.97882723508	5244.98911261632	4532.06474742254	4231.6941213477	4127.57964013895	3866.69195458815	3350.29158597217	2916.47041822259	2550.5744569912	13664.3399776347	8226.79241028801	1429.52166826718	1236.00472998567	3390.48454389575	416517.498835701	1219.82755893178	142.290200818243	83.534349896518	65.9908131260916	48.001523162733	39.969580545399
392	9923.1160556068	6557.13053670644	5126.82153677695	4586.50890496016	4167.6385835398	4145.72444449918	3962.52548247606	3566.08896471796	2963.27288405265	2639.55725669577	8323.29905931034	13836.1379942749	1473.07106737846	1280.80847058939	1584.85958532956	376092.83731879	16694.2260541954	155.499921243472	90.3048935482947	67.9626350422003	49.0485706715718	37.6637975586449
394	9228.36566042861	6734.86233654291	5263.53381414642	4625.15530009732	4227.58745064075	4193.90194035309	4151.04626975673	3654.63764530345	3105.84770506453	2714.6798183652	4913.67231665888	19820.3050265474	1524.33827399571	1289.90917519868	1287.73505160142	245609.678999478	80140.5470631303	197.18692823878	95.6581367508081	69.0615937784846	52.1921041289917	41.6539060867383
396	9664.92201570645	6920.1266798701	5319.07364625984	4477.13432723424	4413.02019917877	4272.27245692412	4203.75584942562	3789.37866438978	3245.51856570508	2719.1964266769	3385.66873489193	23838.2926002619	1652.96763553308	1319.13101293997	1126.24343248198	100956.555975126	202818.54256544	282.313232250788	94.3605558636369	70.5500131387928	56.3589415228698	45.586036123474
398	9539.27221864815	7181.6554275884	5312.74980248711	4618.00786808699	4367.68128326387	4226.60710622012	4368.57033165992	3918.94054721165	3328.38168623469	2854.06926697736	2828.71926876113	24323.1298824825	2207.86493293231	1319.98380182705	1013.9403482504	24479.8014237287	327783.513678845	429.300027270656	115.395783315705	81.2932782747351	63.4262062373819	43.7042323379328
400	9840.10074905624	7256.39290625434	5343.921404333	4571.7502846485	4323.43974741533	4291.34336595013	4593.19507892388	4030.78087634537	3437.53215518547	2950.52271359857	2754.98629532732	20613.0741187427	3540.6651788112	1284.12577350855	1017.7705675339	3046.43316817722	375277.681982825	1041.7842339811	129.024706364779	88.4558451513257	58.4697338812113	48.0589874687468
402	10136.6541322722	7036.14139560222	5039.34300563499	4510.82955615626	4387.80616018145	4391.94493502692	5002.55911348481	4034.57113128634	3533.87025890542	3031.68776378369	2658.74406713242	15227.6747570615	6471.67223510397	1373.41915453054	1055.67163450754	1419.73824582039	320378.692235787	14076.0807098813	156.000068858654	80.3855151211083	66.7752411738826	45.4156141853706
404	9858.69079122219	6900.3357542434	5381.71160786504	4585.88572278081	4454.88667738118	4472.87932250502	5318.84562014293	4119.72316920292	3652.70461285875	3103.00236015661	2737.8065123944	9698.23793144718	11046.5336210384	1398.11131451851	1131.26828855756	1086.77147773584	201778.281004416	67595.5099103477	173.05378860216	92.207654599614	66.7952070636802	58.2160209613423
406	9735.12737011059	7216.45690164882	5496.05335069332	4523.05800708827	4427.30996760057	4519.586893859	5776.43542156355	4290.61424465803	3737.78181195935	3269.28159762239	2699.07500232641	5794.66275938763	16478.4172559495	1444.14714042619	1131.3688887819	963.692099026516	82033.140963406	175701.191877299	225.47019140442	99.175401694621	69.1395710678654	45.7976214371141
408	10243.3437766907	7020.15017704753	5432.6146139467	4614.15048269272	4339.47615775263	4443.71212897116	6126.47876250359	4383.25559601635	3881.33830862043	3311.10025279047	2827.7864681477	3705.46768562373	20860.1354801846	1520.45696427938	1127.90161721756	859.593961716973	18602.2033494746	285709.385168346	373.774190500441	100.890668780698	65.7637654079252	52.2086967328707
410	10213.3852048462	7252.67326286897	5328.0390090671	4528.89291329109	4332.32664124208	4459.59547249526	6102.96065354768	4440.80245099803	3941.92813057642	3381.66936590941	2916.8202139447	3067.40119577283	22525.9771446971	1916.75758755945	1132.50205952203	913.799994526785	2286.64197687785	328820.353167659	1113.82668676702	121.490347935053	70.130072410902	53.7033943605295
412	10122.0154976001	7543.56308541656	5827.70485231704	4796.9373511117	4438.7475937331	4619.24934385194	6168.5711659922	4492.03760450997	4041.44293488573	3513.36731031836	2932.33943681852	2839.74951672816	20966.3850521435	2850.7796781845	1159.54267283912	910.238057258187	1173.79595724851	277389.967513998	14424.5548391889	138.282127252706	81.1919116848805	57.6322573493813
414	10489.3708444115	7215.11503582268	5725.65760404843	4938.31242865749	4603.96971594847	4635.46677687601	6016.92098671886	4559.02066603989	4048.6695651276	3470.55315122123	3102.32209369831	2683.82187637498	16414.3384853707	4952.91170740973	1189.65672471172	919.134429298288	920.616533753005	171727.015255119	64807.0683484408	173.055636561376	73.2768502826442	51.5934368246169
416	10835.9843647297	7878.86514650461	5840.46233587633	4906.9857591272	4586.22685888541	4690.6035791287	5932.8783573522	4554.95058355087	4182.69393488711	3610.30444721996	3090.17688665697	2725.18181720081	11115.2685829705	8259.38428663213	1232.15579688785	981.508765311693	845.753646018262	68071.8890542087	170158.217006122	247.330840771433	76.1857318806406	53.8692065013912
418	9802.92215048799	7832.25366543195	5811.9194598377	5085.30960313806	4512.46453073728	4718.22132140436	5773.95734146858	4604.8393187828	4180.96698729717	3736.68061525513	3143.77026242658	2774.14756472943	6997.96568531317	12776.7989611438	1312.33880993748	1006.64666827207	775.099973794983	14839.8683135524	267508.404432845	358.411734534662	83.9246339007907	58.9459575455302
420	9907.17228986331	8011.72238893823	5800.72265531444	4908.70688619867	4559.94577102495	4641.09783359622	5713.15337294522	4639.00215535478	4253.73552399441	3832.33382383052	3267.17884592822	2802.13558212536	4541.05774792248	16975.173353003	1367.57897659833	1024.71947115599	734.520456879178	1762.57068821791	305526.793113716	1023.4068494509	113.743400431508	64.0764023169926
422	9904.44697130126	7827.60157387134	5821.65220081527	4951.83809409871	4511.89662903203	4698.27617321915	5741.20735221664	4720.85754081735	4366.14043022757	3833.28049635046	3348.27575195587	2859.27915643476	3433.48245488887	19743.4382838925	1559.35578641063	1019.4301587553	786.649416283496	1027.79629378375	261556.653809688	12877.7529759013	122.94476478919	58.608780430285
424	10822.9761713281	7611.61881997073	6023.57434808748	5021.25288253624	4491.22800001759	4653.38417979209	5752.22928228918	4638.11032553712	4299.19690644425	3911.41713027448	3379.60872449226	2961.65212133329	2963.83029836019	19269.4682975502	2041.70463368557	1061.3146635311	820.582261688135	824.930248015554	154219.847489304	61425.9494889679	153.20505823546	66.5011774849953
426	9650.55403967044	7735.55520940413	6067.40380338097	5066.42626157752	4631.03267293992	4526.0089386411	5394.85268799338	4699.24785747084	4389.85277055712	3973.69273083638	3450.22479356813	3059.02260155522	2907.86314029163	16601.7745747311	3196.69516343727	1081.13730996414	861.007856756414	734.687640408298	57833.9701806368	154884.725014929	211.01724473443	79.7240504627469
428	10853.0691221245	7406.99342832434	6139.57872434713	5102.91782702553	4619.32300968669	4661.38516286603	5406.40150520261	4688.85598490457	4432.32024968131	4043.61043175561	3436.51800681838	3032.562525123	2893.26551999847	12297.9800148852	5224.79702015579	1146.77475448727	912.658575126083	690.977325398691	11978.8006222881	247617.813566586	323.191203618282	80.6115425002509
430	10285.8736025943	8079.45754498037	6079.7836620008	5210.36696311091	4571.53839808621	4520.81965783635	5253.72251967308	4701.19967703068	4385.53400051479	4080.36212497279	3573.63720531668	3197.59437638387	2894.89138404503	8109.21838112356	8157.36600877466	1176.11000403643	928.858410413491	664.893783021906	1508.80838856479	281070.085302691	853.62443664288	90.8141758594608
432	10238.7572813464	7711.04023018368	6024.22349103879	5287.7870610781	4626.33708134182	4529.6714775014	5231.55005213641	4673.88991935932	4373.03790483792	3977.42510172241	3595.14539713927	3169.74531881078	2957.19837656617	5369.7577155752	11581.087840212	1235.88283103961	897.071101797269	685.370646603027	924.708564580444	240992.449879958	10689.2316117056	104.888584961906
434	9491.82129530215	7968.44762936707	6427.00990479787	5249.74267711125	4571.31701272654	4542.59902876535	5103.49667415882	4698.97769777337	4496.99051727527	4110.76058731007	3637.7936357	3273.6257803108	2955.62240484413	3704.96377702905	14208.374073522	1368.65150016767	945.075467551286	722.495268087418	743.193301710037	156849.338248223	52387.7912051593	135.8344504164
436	10730.5481809944	7764.42657090483	6393.43187722211	5167.52004947668	4564.3125785653	4464.47448699552	5045.3922165828	4575.38813891062	4391.09517843336	4047.69414841681	3674.02422771586	3213.54363155948	3066.6458083747	3172.93820657404	15308.3378560959	1560.95011799621	1007.07966251729	743.634924666346	695.243444214411	66345.766336893	140026.899667761	159.340411281834
438	10436.6392718003	8087.33246199452	6478.12360260063	5339.78160077538	4559.68724003525	4365.21565078968	4852.52153321435	4531.99653845192	4332.63166821878	4129.05415249037	3729.54850891287	3339.98289162862	3028.71262781555	2972.24747817903	14687.6207259466	2115.17618924443	1029.69466901575	798.211417239741	645.1369246551	17118.9836584839	231009.535237779	263.986827657933
440	10116.4292048484	7640.36917916211	6333.47891465333	5020.2331318697	4594.1384220019	4358.15854623452	4743.68543986679	4542.79469322601	4400.97973926821	4117.48291561002	3755.1643830379	3411.08587075564	3139.89494393347	2883.23651238004	12039.2061338751	3220.75631857462	1073.94396554452	823.607370912734	613.854927502179	1758.15759751173	271380.624921195	560.705072513939
442	9195.36867993573	8250.15483865763	6297.86285686414	5042.87538671119	4526.13917648538	4239.38262551425	4614.78827492066	4500.09991608999	4359.16804768543	4098.15313580565	3668.27717242603	3395.09926964422	3100.8170956491	2813.55736197404	8698.86308901393	5018.25990828278	1106.41531198993	840.583837607079	634.432961952233	859.31361987772	228792.38249441	7498.08685011514
444	9385.34280691412	7797.23638485157	6365.45173796503	5311.82683036534	4522.62151217577	4237.39813907346	4558.51770704191	4426.44619219014	4325.76001771023	4131.98455497732	3755.094964581	3428.94363110915	3159.68930301419	2898.93406866944	5959.06445920883	7142.5124590823	1111.91264612897	883.485285874913	634.196740469255	694.270286548324	140014.865348082	37848.940683507
446	9448.8813720803	8193.79099862926	6595.04117622071	5331.13287987646	4523.65671995479	4206.76327885862	4416.2579345984	4335.16016451435	4234.20954763374	4057.11170299638	3702.54051825423	3440.87238702079	3213.88638759432	2841.46221264372	4020.22590132018	9579.88863121225	1193.22970881566	875.692709049412	679.102076284067	615.410369728475	55000.9962228486	112640.490197002
448	8916.69151459292	7567.67635031266	6535.41555800871	5498.30333972527	4540.18365759836	4190.98452697006	4271.36619484107	4350.50197061193	4240.7040308977	4007.52218058144	3783.95349454382	3446.68180939671	3252.03483744105	2853.17932697452	2997.04685736683	11254.6506396849	1301.8781744111	920.392803175477	728.439036377678	566.464034963824	13126.7380111103	199742.325164772
450	9262.82187051274	7953.85588840587	6331.23846178351	5329.35797008009	4454.11096592363	4058.1603369222	4177.53027352994	4187.6448889579	4232.46678318648	4062.83649950977	3732.12211040591	3490.02076100126	3284.42331192419	2880.06822400148	2625.98237360098	11692.653037297	1645.35425479937	961.260116029842	766.088791772346	565.648825074473	1620.19566623252	246441.837531052
452	9663.33263438628	7820.70304435765	6167.49268418359	5414.52303095235	4491.21561824989	4069.05527077572	3988.68532772184	4216.73376587461	4148.87573187801	3953.83988171892	3679.75240391591	3463.18591510322	3284.05738037364	2906.99268894745	2455.29856264338	10758.5796997533	2200.9711200791	1017.27427071318	800.848603153897	564.770570196859	735.527098438289	213026.046830191
454	9479.76118403918	7865.73072788364	6515.89837313838	5545.96885918172	4367.3411437614	3862.27601081287	3980.56693360439	4101.1623376089	4158.51151414937	4001.25344056946	3599.28902609377	3524.02057089513	3327.41077463286	2971.51076994129	2504.5363411664	8592.28270338268	3180.91970305191	1006.21668341201	777.285877164968	585.112012493898	604.519349655546	129765.08987504
456	8979.21366447057	7792.68222496462	6692.61856219306	5477.13593116302	4383.07022291762	3850.16698168405	3836.22492574911	3962.49179757238	4143.36211355358	3919.64144035027	3652.02580396448	3450.36667852632	3288.09108483401	2946.06508379085	2384.03549072472	6109.87148570242	4706.69398479237	1021.21532752539	821.027152471268	619.190561127935	542.069103810731	48716.9569897751
458	9173.91630270297	7742.2319819535	6647.35055581504	5446.75784544989	4509.41529080694	3753.22788845573	3811.64670167299	3972.60726902878	4060.11578855789	3815.36180497098	3601.04563945622	3418.24374734694	3312.95312004578	2874.73964821941	2390.2000594295	4268.40181594346	6495.65397780258	1062.30872486171	846.12681783109	658.785441136686	524.711330980887	10410.8810593571
460	9175.8960054831	7414.50988225626	6408.46480343924	5461.33460132075	4459.85631585367	3744.40408909874	3721.89848583438	3898.20636156882	4006.30960396299	3787.69946924513	3568.90640982019	3341.5182464272	3306.79914712542	2974.26346717291	2402.85337406135	2964.82635146341	8124.87776666241	1172.7837176691	888.57442526552	674.46727720405	477.340466998478	1249.51831122213
462	8353.17600536436	7568.64374007679	6495.94988433013	5423.79016882134	4385.93736942219	3723.00663390441	3659.08162793099	3871.02532183726	3893.06883789985	3691.68394120118	3517.90098616656	3362.04038316992	3241.79868497277	2933.40185535724	2405.34869001803	2370.74421656254	8938.06592621997	1296.27851737798	905.418576511565	717.712599557448	491.376250517134	644.770081060563
464	8636.39168375307	7380.86885539585	6661.15287966131	5400.1399994187	4420.71362269297	3564.73932396747	3585.85460810059	3783.3177997588	3811.63269077244	3715.13182688555	3451.41057684335	3282.8151658322	3246.02770382005	3002.97288432476	2366.64188901993	2142.24959695975	8808.66383782635	1586.39811167421	914.597370168582	722.404253136133	500.688181145954	544.286680824871
466	9219.00089006616	7667.31094907951	6385.78524917265	5447.34154291751	4535.4334506781	3506.07928458175	3517.38378474769	3655.90027748464	3733.03867039045	3571.56130942451	3432.88011350032	3297.08243248957	3237.11466067232	2883.61477652919	2410.96437099078	2086.24389740612	7660.51710858074	2145.16380084615	941.331420609109	740.93228987263	526.946527662252	505.80613508957
468	11490.2689454776	7542.12474901123	6426.78610223569	5506.98371341516	4375.66436338154	3469.24865868622	3430.77514630795	3509.21867234863	3702.05466456154	3561.01666563634	3358.7117592992	3186.97710171534	3218.30329852476	2943.5878099108	2470.28071216498	2084.69661813888	6031.91149902918	3014.08166507067	951.39089146684	748.044385659086	539.001796851283	471.014950799431
470	20851.7413097094	7387.88802054975	6593.76864917186	5521.85163827804	4376.69719297213	3407.3576708267	3158.7692693081	3425.00480254434	3639.07411004647	3492.22902834254	3227.14830916672	3206.95795282097	3156.6460081716	2969.25311088257	2403.65904061393	1976.05957106219	4317.94294766146	4248.03349172831	964.593479558298	743.993101527836	573.226020060639	438.190306343612
472	38815.3330296256	7422.19235688107	6470.87703329772	5401.224856037	4452.57850714496	3357.53143396767	3144.27517447636	3398.36603360385	3551.1030135714	3325.36743441598	3143.9148797395	3026.32210008457	3073.216755854	2806.26700883891	2366.30455304817	2001.48271262242	3043.28290939814	5539.77967369438	1032.43178437787	787.816861782795	613.402923200243	438.87082553568
474	67147.9120340094	6911.50079257944	6309.52154177595	5382.12792224112	4227.07916998195	3363.34830546086	3068.08762763014	3213.04905380147	3402.65881046022	3236.85515398222	3131.18786678855	3071.91037505159	3023.07976084404	2862.39680912526	2356.97935436831	1924.79156117985	2254.82426367107	6529.62276759166	1053.38012137663	811.660562436431	627.79549510788	423.688258024749
476	109174.998436169	6732.16853716872	6178.43295532484	5138.94082075974	4361.76028657355	3282.27528988936	2966.43430174171	3126.09296246481	3292.14843268526	3232.77277027712	3057.90756090068	3020.7745763772	2941.20059368425	2797.90727513916	2324.58545343649	1904.11035751379	1886.24047415679	6953.61534447749	1195.2099644326	799.862521889119	621.530962418872	437.702136473659
478	154493.251174028	6869.8429016426	6465.64815743565	5336.10327989175	4183.95719592381	3054.80249927663	3013.29450026446	3085.55918232084	3183.74708585189	3078.99457492294	3067.65681555781	2946.37010672983	2889.63317191031	2770.38317145516	2251.21393606602	1852.26976731708	1771.85149021218	6601.07873092932	1539.13078025236	831.903574994337	603.82481651172	474.754891863035
480	187809.447474032	6989.36022772726	6359.56143784141	5357.70667854614	4166.33752907958	2949.15136759287	2891.42303756129	3054.92776374035	3156.96258521567	3175.66483548307	2908.2747519004	2844.85098708212	2863.53284087174	2742.79954112232	2298.63314280642	1883.14775586646	1712.28900577728	5650.20525504439	2067.76653360293	808.554557071064	612.948202377035	475.874203906352
482	198810.18730042	6748.44367196787	6253.65669110566	5371.32553406781	4149.72491283754	3053.8839520767	2813.75694173002	2948.41686928219	3018.3319568589	2933.37129991306	2804.38729934696	2841.54658740653	2814.32500098546	2643.48464017961	2243.30249492721	1868.87551714341	1654.432017403	4300.7694694501	2823.17277840138	838.906466513123	651.187651300032	492.867833320576
484	188141.382970833	7126.9180577236	6317.45279428008	5139.08925592808	4162.2480488758	3083.74060841759	2710.43330968153	2971.92888533218	3054.56090276724	2811.17318048598	2784.02326538256	2745.1919562063	2803.29164314005	2570.81967141642	2234.26091988638	1847.79781979331	1615.4584145649	3162.46619155775	3712.49104627397	829.96282772747	643.770249849952	505.826363658956
486	153066.05298203	7591.19088488129	6021.53752323958	5192.99696662852	4111.46401952067	2901.31901356429	2658.12316272386	2799.39944214608	2853.29800965212	2823.26231095083	2711.23369772897	2622.25792585231	2754.91759801894	2600.29729540941	2215.9975346676	1851.99447006689	1598.69131222501	2278.38491270755	4567.27255593965	884.433221350861	677.72551796437	519.929671878684
488	107134.785101199	13371.3620888719	6227.9346308162	5260.00739327254	4089.45739434348	2892.98213258248	2609.20332427028	2720.54974765879	2801.78441568774	2722.90388875827	2688.93224238847	2654.99391314114	2653.74812133125	2607.10922016591	2183.30684354053	1836.55059490082	1587.60362301691	1811.41245604532	5200.61556718569	976.84996631967	682.316465506116	542.580246035562
490	63306.5755934502	26699.0840352834	6066.42953651838	5190.66716257675	3934.78787008123	2877.55276429597	2527.21796530427	2660.54097300916	2684.1489582303	2635.31883749123	2606.04123098214	2563.06689914044	2612.70850039643	2524.23081527344	2142.39706353957	1790.36718936803	1585.89518006562	1571.32321562955	5328.23982232175	1120.30248052584	681.155998045329	530.689156885966
492	29995.5914863006	52396.2564816226	6033.58792917459	5086.02164131462	4040.0838307444	2685.28285446219	2487.16524777837	2562.39346087654	2676.74820652282	2646.49560844068	2490.58906521638	2504.5067427085	2607.11125769578	2546.45822630599	2165.14273343239	1828.53498374504	1561.88064169444	1486.01848073238	5059.55824536732	1363.23146788558	702.738739919122	550.040399956585
494	14073.341767082	90770.7343515607	5970.03980383349	4884.83628015313	4037.08850176208	2705.74007874169	2390.47684119879	2519.06120219379	2603.87553416371	2508.80621113104	2484.24175919725	2412.68853937277	2551.10465946087	2409.43772000309	2066.41813307045	1792.85932723996	1538.04442828805	1447.69082502127	4293.00765002825	1809.84126933532	715.244732649192	553.36453385397
496	9024.34879068138	135271.453755431	6087.19764299055	5129.58064752325	3842.86828180892	2665.0590301236	2406.48306714065	2409.0053373469	2529.26246201072	2474.82471518353	2362.80128301177	2324.24792778613	2521.98769276656	2404.15255464935	2106.6184092333	1771.6580585828	1522.56485041949	1400.05223831044	3344.00108238814	2370.37388058832	731.391287321239	579.971627555934
498	7594.40606361913	180175.392956559	6045.75722339129	5024.31918731039	3871.99328973277	2620.9487641498	2285.99543606544	2404.17652373599	2426.22759248599	2394.65768084938	2379.34792172284	2339.40193939474	2369.86941529021	2383.74473654048	2073.58228414971	1768.27231056528	1529.43677915445	1409.71413769399	2466.14108510995	2997.73587663172	752.252087833314	584.567160059633
500	7032.21408616483	211557.362236834	5997.89992170918	4988.46218459319	3851.66543510484	2576.48260295924	2159.05741321458	2329.33138217797	2355.93218550881	2265.55317808814	2259.4441412119	2267.40970490309	2363.95177742826	2316.16759984963	2026.98094811098	1739.01587131711	1514.20411479204	1378.53958842459	1854.97009822366	3651.63705435835	778.465360154302	611.357056788005
502	7153.47075015183	216640.096898646	6114.65820985129	5030.89932586897	3832.05939594016	2509.61749829643	2156.34851128005	2265.26690989792	2404.13390654957	2288.68980116429	2200.22562581314	2165.62359676814	2302.12038460167	2256.39679013468	1988.87853234909	1682.12769898798	1503.66932061204	1338.62800939508	1547.5450810765	4081.21764314548	847.981480170619	615.779147141597
504	6580.5359692682	192137.334161845	5846.3074698	5167.00533054621	3865.98318436273	2528.42298793918	2008.88612615421	2257.88906965554	2233.05277494748	2212.9812196269	2141.42535478893	2131.05350074976	2264.59968382735	2248.50184574592	1932.92161754176	1671.02602544943	1500.8028536892	1327.54059371087	1367.68584031683	4203.62515475511	1003.47068698326	621.308084441385
506	6405.96043589723	149034.884397356	7106.15222745352	4877.80413315351	3940.74160677077	2421.6407298359	2041.27814158841	2128.15290325002	2178.55464558187	2167.44517216022	2166.6842469482	2024.1849070129	2183.78867729697	2179.95816540813	1927.45017770891	1650.90270455166	1431.58098678292	1332.48735357736	1286.49524519418	3973.12717222143	1163.8289598882	662.173058520087
508	7211.44921169329	100185.240022912	13064.888332034	5116.94477827522	3921.25023763917	2483.11244995182	1969.30127804805	2026.02179682097	2104.33221357155	2043.0543595658	2002.78660372017	1970.20153038883	2148.43101358933	2126.05086674269	1865.02596287128	1629.86635145494	1447.95391563931	1314.85931415722	1280.66456546049	3383.81213221601	1561.50165891732	651.352928470649
510	7223.95927084096	56127.436512571	29179.8575159838	5077.81357612977	4030.34660627951	2331.62076849523	1938.13083456907	2056.1480493256	2034.87979230396	1969.08373451498	1954.56852132914	1938.80907879167	2047.11270743246	2047.3513543177	1843.09432989606	1602.15796009591	1448.48073523325	1321.99874031777	1249.08011472294	2727.72348558003	2004.04205144207	704.11202903212
512	8949.65036185323	25452.6419942964	56878.6642411403	5420.02792144358	3836.71440245158	2365.41231590366	1889.01335320278	1981.13840981971	1966.3072153895	1947.11496816128	1898.81149141819	1927.41086532991	1974.70980929665	1961.66778934276	1784.03470414087	1603.34640493272	1431.54830011288	1303.0266983326	1284.78136289814	2064.94287312909	2509.74346319999	698.732962077252
514	13355.1967008116	11105.9259799224	99406.9570421416	5237.25023672567	4088.74849306831	2393.14446396399	1805.16603166807	1839.34328962412	1956.51824223065	1862.98072253878	1815.05612687053	1839.64354124317	1897.21373039312	1958.59896660244	1741.6103672164	1560.64327183372	1392.61507659743	1291.39214120491	1253.00271957059	1573.89207562972	2965.14544561188	756.712117069334
516	16254.4663821027	7831.53230048383	145796.502860813	5363.47730880498	4217.1947309272	2336.72522038845	1756.78867842598	1748.23464046875	1920.55614397175	1827.2316532567	1763.63708361553	1786.21207129311	1902.48700510288	1862.68469015608	1711.78784510604	1516.86223365437	1412.50166792413	1289.64694541373	1233.04021998009	1351.80263352241	3241.06812379047	838.521239129613
518	21620.9055414125	7707.01762069636	195474.474461969	5439.8967185646	4069.12544544074	2322.54440290921	1681.11281233712	1769.34644374908	1779.89628422535	1698.51311890365	1742.14062234519	1738.50402974729	1741.17727061626	1856.60285777997	1629.58203756213	1519.94741501488	1357.23764288956	1283.52715860685	1218.81548849419	1237.5686933772	3280.09288053337	945.099203812496
520	26119.4899394267	6681.59983300815	222469.9620421	5467.31718622035	4228.7600323925	2201.69501346887	1584.53662731145	1720.44537379345	1853.58826681013	1755.48367023846	1666.13575365109	1664.29449014263	1718.20710814083	1797.18331219033	1639.01062971416	1491.35002110513	1346.97024499094	1299.38589233073	1246.34610410966	1192.52601551996	3125.98116369352	1109.27320265127
522	30902.7774150797	7206.59442847961	221511.119488114	5626.07625619634	4213.04192444007	2193.19868214747	1554.53030314183	1669.13866053324	1708.69624114325	1646.76002895957	1615.94250469577	1616.84856379206	1704.79973311781	1666.18708877138	1592.78270842915	1417.2509092398	1352.3511274641	1294.87808145335	1247.41247959642	1194.56277068064	2672.14871836854	1384.00470871754
524	33316.7992009184	6975.87433749221	194748.910972749	5831.4502939511	4369.87049848801	2245.06268981792	1563.16432886057	1615.1650244677	1650.0761286238	1571.08352155658	1577.67212281745	1520.54389466435	1617.21838625504	1675.66868155318	1504.98820476395	1407.24251611178	1313.55144567408	1292.95407072893	1246.52267909367	1183.15395785245	2150.80623378798	1740.24774602745
526	32142.1623329496	6797.71612725201	150522.627338238	7533.24838486867	4531.02996511264	2169.7660381505	1496.8676233464	1492.85499954629	1574.22807569128	1555.64537586821	1519.70727677529	1507.25290437193	1567.34215609359	1630.85703110717	1499.82462050279	1378.01614710395	1331.83112499461	1275.30379625042	1212.74930657716	1211.85945522266	1712.562764716	2118.40076765462
528	29666.700957323	6702.99293125098	98411.0297210927	14880.2624740215	4564.99540722087	2143.24890325181	1440.03118541355	1506.16747306441	1571.27486400954	1508.13517154195	1449.02038197012	1398.55455689927	1562.92614742014	1576.56564049546	1486.21368446641	1354.56687762396	1292.9559067296	1234.41658574341	1213.30329956854	1163.58925441201	1355.92053963526	2394.53020704288
530	25557.6413891718	7193.46231973404	53125.1701961278	35240.2336137521	4492.0418469031	2120.55525675362	1405.42465721597	1420.03022619228	1470.93986519428	1449.05785385278	1437.06767388142	1377.55026478021	1492.99227362569	1536.05737787957	1387.07920445509	1324.22163243921	1281.38671702083	1239.88850405448	1226.99186738004	1171.35629898506	1165.68782319408	2588.39537975267
532	19994.1165307319	7871.96348269927	23577.4802140064	69858.0004033694	4465.6465286783	2033.80255067656	1317.75806986354	1400.08220385487	1488.04523431752	1384.48915566715	1387.99968158398	1305.72131454149	1431.83051554236	1455.03620418847	1407.10941081463	1320.64362530662	1247.06347227453	1232.0962338695	1230.97061270509	1165.4034416295	1085.39041337632	2677.39149600886
534	15212.7208752361	9923.79963005645	11440.3776167202	115756.705552536	4561.61578883695	2057.9538544702	1323.55398838826	1393.6490193883	1416.24246630103	1377.69462383961	1358.98914541318	1283.40291153855	1381.11499422223	1438.29283370411	1299.52871000756	1237.41853653859	1247.19164649063	1222.36332196178	1240.76702207464	1176.22617593099	1046.81397762358	2531.3716141349
536	10313.242055574	13207.8750556103	8735.25496178646	166301.415274819	4622.16013472256	2063.06199903902	1316.07319837176	1299.20078643754	1364.64762211574	1303.46160054541	1297.35436884404	1219.62544577269	1365.11844186588	1415.25552395622	1315.2279213978	1218.17962221655	1243.6979730885	1213.47292902591	1194.92213563172	1161.08060137518	1037.76208671519	2160.85153946264
538	6913.07502871187	16799.3165183393	8094.78023424609	212801.045878774	4636.2894780401	2108.94116596188	1257.64939535461	1257.89115173461	1314.54174961877	1255.08947884145	1230.34141313452	1157.66833630998	1270.39580896041	1355.05982243746	1239.86855867808	1209.6004510193	1184.92792586687	1158.81503585928	1187.48355245652	1164.73594250093	1033.9814828816	1818.19571618343
540	5480.05445763234	22206.8744823487	7967.78402354753	238617.654270747	4682.3092575254	2097.65131219242	1231.55579963829	1227.07235248578	1298.1922661997	1244.94747867358	1188.21112328989	1170.79167564918	1243.06299337657	1283.49866475937	1232.37121229325	1157.86090704384	1153.36481412627	1132.8220365496	1216.66414849703	1166.37141562585	1038.59172006798	1470.45281176751
542	5927.02593290696	28352.6104330634	8159.40582948678	231762.931635507	4746.63416741606	2011.3793901585	1196.43917244372	1166.83352057987	1248.8063630201	1186.80153517849	1181.24250948182	1102.15092849721	1194.9064997775	1285.20276835311	1175.2619753124	1131.73069999737	1161.37704176846	1133.10486503893	1181.11287839755	1158.75860858486	1026.30992819366	1211.98894358316
544	4935.52565660519	32101.8164560062	7884.73229200019	198319.812337658	5030.73489965732	2096.62963581712	1156.14367794227	1197.16781905293	1192.37402485211	1116.64521101306	1133.26307446733	1018.29331448019	1199.80602918427	1190.67072834889	1167.20558836253	1109.82575210335	1149.73506134155	1116.88783915102	1183.98991271119	1183.51925749194	1001.28395029972	1040.57952665806
546	4791.59313854833	35004.1741883596	7576.1364706619	150891.665722377	6320.42567042197	2063.29573440138	1124.94560948952	1100.0446192317	1169.20560837595	1103.34225728423	1078.36803595891	1018.92734417052	1111.13369933662	1174.33108128639	1120.29993986372	1093.46083762968	1142.36265177107	1110.05146126587	1168.21647361838	1151.16242506759	962.123304421987	980.241142469336
548	4134.83480354684	35973.5215005094	7476.37802090346	99252.8569271029	13555.3657950179	2089.5184201711	1049.37330208443	1085.21633246703	1137.75762142091	1043.58049042766	1086.8151166216	993.201485761918	1035.86102448983	1097.62900826796	1073.20558012489	1036.58519994859	1066.40632876166	1094.43047200237	1172.66582048168	1144.69691596285	986.960175519181	960.306375347167
550	5153.44875466177	32465.0764968776	7359.09343654495	54322.3636111906	32542.4664510603	1999.93373219385	1064.75198599662	1034.9456245694	1080.24897649564	991.545323339541	1013.34227468002	913.045363997784	1033.35029288395	1044.91636639309	1071.84529702192	1039.47948619324	1074.78834476721	1078.52387620399	1092.10711661941	1108.50776244052	963.927500088245	917.603029501998
552	4298.01027016238	28927.7323962906	7694.9528801269	24350.8039996813	63128.4051897848	2000.07283417444	1043.38682564676	993.552116449134	977.478700826539	1019.78366833199	990.243149088771	887.814376317555	985.027449545259	1070.71838383755	1011.20164020333	967.320133634671	1060.84004635937	1054.75995005215	1102.02499476775	1111.34329283916	947.87442573645	921.069178044135
554	4109.4349529368	23805.7465760858	8112.04386517965	10774.6760260666	107581.205719083	1970.96225919644	993.872205431731	960.792007296937	1033.53391477849	952.197167670548	946.880744784863	853.159975685863	933.04249620789	1007.81574135272	973.837253327384	971.475535624303	1035.29324432987	1028.54622177637	1091.69707661828	1066.44456942223	948.230139856413	883.67466239366
556	4873.75354148874	17989.3254310957	8930.01166556943	8000.3105917336	155757.14284445	1936.0933756088	946.904085116666	929.937662723995	986.239088501219	926.955990638217	944.7798919213	833.946136151782	925.174382929916	996.776666042684	965.740123117256	928.563946955241	992.420382054016	1007.6997929001	1072.15171541435	1051.91930569597	924.475051028104	876.426701263143
558	4524.85406573024	13670.2237273101	11147.5181824368	6993.63007387005	198604.870040669	1998.97715049538	968.604123810464	896.24217787513	917.819049905732	904.234625157404	865.092049966133	778.868642235878	886.309660775201	928.405171308486	918.312204763981	900.556295453257	986.528090942776	999.489870453388	1021.55007880889	1040.21508967162	909.573090213298	864.438681147936
560	3946.32979085486	9414.33492302577	14459.0016788772	6956.63909707689	224731.062855389	1994.60252169775	959.042687938286	924.24308609842	897.967886651169	891.84007972093	853.755406038046	778.106909462741	827.000605746261	909.962452284401	886.182898805226	894.957034702943	945.029227926361	962.891190202987	1001.6298680501	1048.01060491322	908.875091908542	827.615347714359
